8.660254037844384856e-01
8.836993916167739105e-01
8.660254037844384856e-01
8.170050979098476551e-01
7.732369676646773105e-01
7.596714068284549093e-01
7.465736239521021389e-01
6.873217490352687697e-01
7.040856941336899322e-01
7.040856941336898212e-01
7.040856941336899322e-01
7.157234742020154306e-01
7.277524401549904098e-01
7.098568883479003944e-01
6.984075836971280760e-01
6.984075836971279649e-01
7.277524401549904098e-01
7.040856941336899322e-01
7.277524401549904098e-01
6.928203230275508107e-01
7.040856941336897101e-01
