8.660254037844385966e-01
8.836993916167739105e-01
8.574508948360778371e-01
8.247860988423224571e-01
7.732369676646771994e-01
7.663941626410961661e-01
7.530655685082073836e-01
7.596714068284549093e-01
7.802030664724670661e-01
7.872958216222167849e-01
7.465736239521021389e-01
7.157234742020154306e-01
7.157234742020154306e-01
6.928203230275509217e-01
6.928203230275508107e-01
6.511469201386755890e-01
6.462876147645063574e-01
6.321353312295171500e-01
6.230398588377257241e-01
5.972588991616818443e-01
5.891329277445159773e-01
