8.660254037844384856e-01
9.021097956087901215e-01
9.021097956087902325e-01
9.116056881941456691e-01
8.747731351357964646e-01
8.660254037844385966e-01
8.408013628975133935e-01
8.093695362471389210e-01
8.093695362471390320e-01
7.872958216222168959e-01
8.018753738744800463e-01
7.872958216222168959e-01
7.530655685082072726e-01
7.401926528072123590e-01
7.530655685082073836e-01
7.216878364870320528e-01
7.277524401549904098e-01
7.339198337156257468e-01
6.928203230275508107e-01
6.713375223135181757e-01
6.321353312295171500e-01
