8.660254037844388186e-01
8.747731351357965757e-01
8.747731351357964646e-01
8.490445135141552191e-01
8.018753738744800463e-01
8.018753738744800463e-01
7.802030664724670661e-01
7.339198337156258578e-01
7.216878364870321638e-01
7.530655685082073836e-01
7.401926528072124700e-01
7.157234742020153195e-01
7.339198337156260799e-01
7.339198337156259688e-01
7.216878364870321638e-01
6.873217490352686587e-01
6.610880944919377278e-01
6.462876147645065794e-01
6.098770449186186049e-01
5.972588991616817333e-01
6.098770449186186049e-01
