8.660254037844385966e-01
8.408013628975133935e-01
8.327167344081138900e-01
8.170050979098477661e-01
7.872958216222166739e-01
7.732369676646771994e-01
7.596714068284549093e-01
7.465736239521022499e-01
7.596714068284549093e-01
7.277524401549901878e-01
7.216878364870320528e-01
7.157234742020153195e-01
7.098568883479005054e-01
7.040856941336899322e-01
6.928203230275508107e-01
6.713375223135181757e-01
6.661733875264911342e-01
6.661733875264912452e-01
6.765823467065926744e-01
6.511469201386755890e-01
6.610880944919378388e-01
