8.660254037844385966e-01
9.021097956087901215e-01
8.836993916167739105e-01
8.660254037844385966e-01
8.018753738744800463e-01
7.663941626410961661e-01
7.465736239521021389e-01
7.663941626410961661e-01
7.732369676646773105e-01
8.170050979098477661e-01
7.945187190682921896e-01
7.732369676646771994e-01
7.872958216222167849e-01
7.945187190682921896e-01
7.663941626410960550e-01
7.663941626410961661e-01
7.465736239521022499e-01
7.277524401549904098e-01
6.928203230275510327e-01
6.984075836971278539e-01
7.157234742020153195e-01
