0 0 0 0 0 32 39 26 3 0 0 0 0 0 0 0 0 0
0 0 0 0 0 24 49 20 2 0 0 0 0 0 0 0 0 0
0 0 0 0 0 23 53 21 1 0 0 0 0 0 0 0 0 0
0 0 0 0 1 26 51 24 2 0 0 0 0 0 0 0 0 0
0 0 0 0 2 28 47 28 2 0 0 0 0 0 0 0 0 0
0 0 0 0 0 31 48 27 2 0 0 0 0 0 0 0 0 0
0 0 0 0 1 26 56 22 3 0 0 0 0 0 0 0 0 0
0 0 0 0 1 24 60 24 1 0 0 0 0 0 0 0 0 0
0 0 0 0 0 28 55 24 2 0 0 0 0 0 0 0 0 0
0 0 0 0 0 29 53 27 1 0 0 0 0 0 0 0 0 0
0 0 0 0 1 30 56 26 3 0 0 0 0 0 0 0 0 0
0 0 0 0 1 27 61 23 3 0 0 0 0 0 0 0 0 0
0 0 0 0 0 29 60 21 4 0 0 0 0 0 0 0 0 0
0 0 0 0 0 21 69 17 2 0 0 0 0 0 0 0 0 0
0 0 0 0 0 28 62 24 2 0 0 0 0 0 0 0 0 0
0 0 0 0 0 27 66 25 1 0 0 0 0 0 0 0 0 0
0 0 0 0 1 31 61 27 3 0 0 0 0 0 0 0 0 0
0 0 0 0 2 26 68 28 1 0 0 0 0 0 0 0 0 0
0 0 0 0 2 31 67 29 3 0 0 0 0 0 0 0 0 0
0 0 0 0 1 26 78 26 1 0 0 0 0 0 0 0 0 0
0 0 0 0 2 25 78 27 1 0 0 0 0 0 0 0 0 0
