100
96
93
94
97
99
101
102
100
99
102
101
101
100
100
99
99
99
100
97
94
94
94
96
97
96
94
95
99
96
95
93
96
95
96
96
96
96
95
95
91
90
89
89
90
88
90
90
91
91
93
93
93
93
95
97
94
94
93
93
92
93
94
94
95
98
98
97
97
96
96
98
94
95
92
92
92
92
90
95
95
92
92
91
87
86
88
83
83
81
84
84
87
88
88
90
92
93
95
91
95
95
99
99
99
100
101
100
102
106
103
103
102
104
101
101
105
104
104
106
106
107
110
112
113
110
108
107
106
107
107
104
104
102
103
105
103
103
101
101
101
101
102
103
103
99
98
96
94
97
95
94
92
94
96
95
92
90
95
97
95
95
91
90
89
85
87
89
90
89
88
88
84
81
84
82
79
80
83
83
83
87
91
91
93
91
88
87
87
88
85
85
86
85
86
86
84
81
78
74
76
75
78
81
79
76
80
83
79
79
79
79
79
81
82
82
82
81
84
82
78
79
80
82
85
87
86
89
90
92
94
94
95
97
98
97
94
94
94
94
93
90
88
86
87
86
87
89
90
95
94
97
97
102
102
98
95
96
95
93
93
93
92
91
90
88
87
85
84
83
85
86
87
91
96
93
95
94
96
96
95
94
92
90
92
94
94
90
90
89
90
89
89
89
88
89
92
93
97
97
98
100
100
99
100
102
100
100
100
100
101
101
100
100
99
98
100
97
91
93
95
95
97
97
95
97
98
100
101
101
100
99
95
92
94
94
93
93
93
94
90
89
89
91
88
91
92
96
95
92
93
94
92
92
89
89
87
85
83
86
89
86
89
86
90
94
97
100
100
102
100
96
98
99
97
97
98
98
99
97
97
93
93
93
92
93
96
96
99
96
99
101
102
104
103
103
103
104
103
101
98
97
99
95
98
98
98
97
100
99
97
94
99
103
104
102
99
100
101
103
100
103
101
102
102
103
103
101
99
98
98
95
98
99
101
100
102
102
103
107
111
107
107
106
102
102
106
107
105
104
104
106
107
107
105
106
103
104
101
101
101
100
98
97
99
103
103
103
101
100
98
98
97
97
95
95
96
96
94
91
90
90
92
93
94
94
95
96
98
98
99
96
98
98
100
98
98
98
97
98
99
98
98
97
97
102
102
103
103
103
103
104
105
102
99
99
101
100
102
102
101
100
101
99
98
96
101
104
104
106
106
105
107
105
104
103
101
101
100
101
99
103
102
98
98
98
96
97
93
93
91
92
92
95
97
98
98
95
92
94
92
90
92
92
92
94
94
93
95
97
97
96
98
99
99
102
103
103
100
98
96
94
94
94
100
97
97
97
98
101
98
100
98
99
102
101
102
103
103
99
97
98
99
98
97
97
98
97
99
98
99
99
99
99
100
102
101
99
99
97
97
97
97
98
99
101
101
100
100
100
100
100
101
98
99
100
101
103
100
102
101
99
100
101
101
101
98
100
103
103
104
106
105
105
103
102
102
101
100
103
103
103
103
104
103
104
105
103
106
105
102
102
104
104
104
107
109
112
108
105
106
105
106
109
107
105
109
108
106
104
104
102
102
102
100
100
99
100
103
105
104
105
105
105
100
99
97
95
93
95
100
102
102
102
101
100
99
99
100
97
98
98
99
100
99
102
99
97
96
95
96
93
96
97
100
100
99
100
97
100
98
96
99
95
96
96
95
96
95
94
92
92
93
90
87
88
90
90
90
90
89
91
85
85
85
87
86
88
88
88
84
83
85
86
85
86
87
85
87
84
85
83
84
84
86
82
84
83
79
84
85
84
87
85
87
87
86
85
86
86
87
86
84
83
84
87
92
91
89
90
91
92
93
94
96
90
92
93
94
92
92
95
92
91
91
90
89
89
86
86
88
88
90
89
90
90
92
92
93
93
98
98
102
102
103
101
102
102
103
101
102
98
97
99
97
97
99
98
97
98
98
100
101
103
104
102
104
102
103
102
100
104
103
104
103
105
106
105
103
103
101
100
99
100
100
97
97
98
97
100
103
103
101
100
99
99
101
101
104
104
103
103
102
103
103
102
104
100
101
101
102
101
100
101
102
101
102
101
103
103
103
103
102
104
103
101
100
100
99
97
99
97
99
99
98
101
100
99
98
96
98
98
97
94
95
94
97
98
100
97
97
98
101
102
102
101
99
99
100
100
100
102
104
102
102
101
100
100
100
99
97
98
95
97
96
98
102
99
97
97
95
92
94
94
95
96
94
92
89
91
90
90
91
90
90
93
95
95
94
93
92
