0.925 0.010 0.89443  5.00
0.925 0.010 0.89443  4.00
0.925 0.010 0.89443  3.00
0.925 0.010 0.89443  2.00
0.925 0.010 0.89443  1.00
0.925 0.010 0.89443  0.00
0.925 0.010 0.89443 -0.01
0.925 0.010 0.89443 -0.02
0.925 0.010 0.89443 -0.03
1.193 0.010 1.00000  5.00
1.193 0.010 1.00000  4.00
1.193 0.010 1.00000  3.00
1.193 0.010 1.00000  2.00
1.193 0.010 1.00000  1.00
1.193 0.010 1.00000  0.00
1.193 0.010 1.00000 -0.01
1.193 0.010 1.00000 -0.02
1.193 0.010 1.00000 -0.03
1.461 0.010 1.09545  5.00
1.461 0.010 1.09545  4.00
1.461 0.010 1.09545  3.00
1.461 0.010 1.09545  2.00
1.461 0.010 1.09545  1.00
1.461 0.010 1.09545  0.00
1.461 0.010 1.09545 -0.01
1.461 0.010 1.09545 -0.02
1.461 0.010 1.09545 -0.03
0.915 0.020 0.89443  5.00
0.915 0.020 0.89443  4.00
0.915 0.020 0.89443  3.00
0.915 0.020 0.89443  2.00
0.915 0.020 0.89443  1.00
0.915 0.020 0.89443  0.00
0.915 0.020 0.89443 -0.01
0.915 0.020 0.89443 -0.02
0.915 0.020 0.89443 -0.03
1.179 0.020 1.00000  5.00
1.179 0.020 1.00000  4.00
1.179 0.020 1.00000  3.00
1.179 0.020 1.00000  2.00
1.179 0.020 1.00000  1.00
1.179 0.020 1.00000  0.00
1.179 0.020 1.00000 -0.01
1.179 0.020 1.00000 -0.02
1.179 0.020 1.00000 -0.03
1.443 0.020 1.09545  5.00
1.443 0.020 1.09545  4.00
1.443 0.020 1.09545  3.00
1.443 0.020 1.09545  2.00
1.443 0.020 1.09545  1.00
1.443 0.020 1.09545  0.00
1.443 0.020 1.09545 -0.01
1.443 0.020 1.09545 -0.02
1.443 0.020 1.09545 -0.03
0.891 0.060 0.89443  5.00
0.891 0.060 0.89443  4.00
0.891 0.060 0.89443  3.00
0.891 0.060 0.89443  2.00
0.891 0.060 0.89443  1.00
0.891 0.060 0.89443  0.00
0.891 0.060 0.89443 -0.01
0.891 0.060 0.89443 -0.02
0.891 0.060 0.89443 -0.03
1.146 0.060 1.00000  5.00
1.146 0.060 1.00000  4.00
1.146 0.060 1.00000  3.00
1.146 0.060 1.00000  2.00
1.146 0.060 1.00000  1.00
1.146 0.060 1.00000  0.00
1.146 0.060 1.00000 -0.01
1.146 0.060 1.00000 -0.02
1.146 0.060 1.00000 -0.03
1.400 0.060 1.09545  5.00
1.400 0.060 1.09545  4.00
1.400 0.060 1.09545  3.00
1.400 0.060 1.09545  2.00
1.400 0.060 1.09545  1.00
1.400 0.060 1.09545  0.00
1.400 0.060 1.09545 -0.01
1.400 0.060 1.09545 -0.02
1.400 0.060 1.09545 -0.03
0.875 0.100 0.89443  5.00
0.875 0.100 0.89443  4.00
0.875 0.100 0.89443  3.00
0.875 0.100 0.89443  2.00
0.875 0.100 0.89443  1.00
0.875 0.100 0.89443  0.00
0.875 0.100 0.89443 -0.01
0.875 0.100 0.89443 -0.02
0.875 0.100 0.89443 -0.03
1.122 0.100 1.00000  5.00
1.122 0.100 1.00000  4.00
1.122 0.100 1.00000  3.00
1.122 0.100 1.00000  2.00
1.122 0.100 1.00000  1.00
1.122 0.100 1.00000  0.00
1.122 0.100 1.00000 -0.01
1.122 0.100 1.00000 -0.02
1.122 0.100 1.00000 -0.03
1.369 0.100 1.09545  5.00
1.369 0.100 1.09545  4.00
1.369 0.100 1.09545  3.00
1.369 0.100 1.09545  2.00
1.369 0.100 1.09545  1.00
1.369 0.100 1.09545  0.00
1.369 0.100 1.09545 -0.01
1.369 0.100 1.09545 -0.02
1.369 0.100 1.09545 -0.03
0.849 0.200 0.89443  5.00
0.849 0.200 0.89443  4.00
0.849 0.200 0.89443  3.00
0.849 0.200 0.89443  2.00
0.849 0.200 0.89443  1.00
0.849 0.200 0.89443  0.00
0.849 0.200 0.89443 -0.01
0.849 0.200 0.89443 -0.02
0.849 0.200 0.89443 -0.03
1.080 0.200 1.00000  5.00
1.080 0.200 1.00000  4.00
1.080 0.200 1.00000  3.00
1.080 0.200 1.00000  2.00
1.080 0.200 1.00000  1.00
1.080 0.200 1.00000  0.00
1.080 0.200 1.00000 -0.01
1.080 0.200 1.00000 -0.02
1.080 0.200 1.00000 -0.03
1.311 0.200 1.09545  5.00
1.311 0.200 1.09545  4.00
1.311 0.200 1.09545  3.00
1.311 0.200 1.09545  2.00
1.311 0.200 1.09545  1.00
1.311 0.200 1.09545  0.00
1.311 0.200 1.09545 -0.01
1.311 0.200 1.09545 -0.02
1.311 0.200 1.09545 -0.03
0.829 0.300 0.89443  5.00
0.829 0.300 0.89443  4.00
0.829 0.300 0.89443  3.00
0.829 0.300 0.89443  2.00
0.829 0.300 0.89443  1.00
0.829 0.300 0.89443  0.00
0.829 0.300 0.89443 -0.01
0.829 0.300 0.89443 -0.02
0.829 0.300 0.89443 -0.03
1.048 0.300 1.00000  5.00
1.048 0.300 1.00000  4.00
1.048 0.300 1.00000  3.00
1.048 0.300 1.00000  2.00
1.048 0.300 1.00000  1.00
1.048 0.300 1.00000  0.00
1.048 0.300 1.00000 -0.01
1.048 0.300 1.00000 -0.02
1.048 0.300 1.00000 -0.03
1.268 0.300 1.09545  5.00
1.268 0.300 1.09545  4.00
1.268 0.300 1.09545  3.00
1.268 0.300 1.09545  2.00
1.268 0.300 1.09545  1.00
1.268 0.300 1.09545  0.00
1.268 0.300 1.09545 -0.01
1.268 0.300 1.09545 -0.02
1.268 0.300 1.09545 -0.03
0.802 0.500 0.89443  5.00
0.802 0.500 0.89443  4.00
0.802 0.500 0.89443  3.00
0.802 0.500 0.89443  2.00
0.802 0.500 0.89443  1.00
0.802 0.500 0.89443  0.00
0.802 0.500 0.89443 -0.01
0.802 0.500 0.89443 -0.02
0.802 0.500 0.89443 -0.03
0.996 0.500 1.00000  5.00
0.996 0.500 1.00000  4.00
0.996 0.500 1.00000  3.00
0.996 0.500 1.00000  2.00
0.996 0.500 1.00000  1.00
0.996 0.500 1.00000  0.00
0.996 0.500 1.00000 -0.01
0.996 0.500 1.00000 -0.02
0.996 0.500 1.00000 -0.03
1.189 0.500 1.09545  5.00
1.189 0.500 1.09545  4.00
1.189 0.500 1.09545  3.00
1.189 0.500 1.09545  2.00
1.189 0.500 1.09545  1.00
1.189 0.500 1.09545  0.00
1.189 0.500 1.09545 -0.01
1.189 0.500 1.09545 -0.02
1.189 0.500 1.09545 -0.03
0.769 0.700 0.89443  5.00
0.769 0.700 0.89443  4.00
0.769 0.700 0.89443  3.00
0.769 0.700 0.89443  2.00
0.769 0.700 0.89443  1.00
0.769 0.700 0.89443  0.00
0.769 0.700 0.89443 -0.01
0.769 0.700 0.89443 -0.02
0.769 0.700 0.89443 -0.03
0.935 0.700 1.00000  5.00
0.935 0.700 1.00000  4.00
0.935 0.700 1.00000  3.00
0.935 0.700 1.00000  2.00
0.935 0.700 1.00000  1.00
0.935 0.700 1.00000  0.00
0.935 0.700 1.00000 -0.01
0.935 0.700 1.00000 -0.02
0.935 0.700 1.00000 -0.03
1.101 0.700 1.09545  5.00
1.101 0.700 1.09545  4.00
1.101 0.700 1.09545  3.00
1.101 0.700 1.09545  2.00
1.101 0.700 1.09545  1.00
1.101 0.700 1.09545  0.00
1.101 0.700 1.09545 -0.01
1.101 0.700 1.09545 -0.02
1.101 0.700 1.09545 -0.03
