0.9248 0.01 0.8944 7   
0.9248 0.01 0.8944 7.5 
0.9248 0.01 0.8944 8   
0.9248 0.01 0.8944 8.5 
0.9248 0.01 0.8944 9   
1.1927 0.01 1.0000 7.5 
1.1927 0.01 1.0000 8   
1.1927 0.01 1.0000 8.5 
1.1927 0.01 1.0000 9   
1.1927 0.01 1.0000 9.5 
1.4606 0.01 1.0955 7.5 
1.4606 0.01 1.0955 8   
1.4606 0.01 1.0955 8.5 
1.4606 0.01 1.0955 9   
1.4606 0.01 1.0955 9.5 
0.9146 0.02 0.8944 4.5 
0.9146 0.02 0.8944 5   
0.9146 0.02 0.8944 5.5 
0.9146 0.02 0.8944 6   
0.9146 0.02 0.8944 6.5 
1.1789 0.02 1.0000 4   
1.1789 0.02 1.0000 4.5 
1.1789 0.02 1.0000 5   
1.1789 0.02 1.0000 5.5 
1.1789 0.02 1.0000 6   
1.4432 0.02 1.0955 4.5 
1.4432 0.02 1.0955 5   
1.4432 0.02 1.0955 5.5 
1.4432 0.02 1.0955 6   
1.4432 0.02 1.0955 6.5 
0.8914 0.06 0.8944 3.5 
0.8914 0.06 0.8944 3.75
0.8914 0.06 0.8944 4   
0.8914 0.06 0.8944 4.25
0.8914 0.06 0.8944 4.5 
1.1457 0.06 1.0000 4.25
1.1457 0.06 1.0000 4.5 
1.1457 0.06 1.0000 4.75
1.1457 0.06 1.0000 5   
1.1457 0.06 1.0000 5.25
1.4000 0.06 1.0955 4.5 
1.4000 0.06 1.0955 4.75
1.4000 0.06 1.0955 5   
1.4000 0.06 1.0955 5.25
1.4000 0.06 1.0955 5.5 
0.8754 0.10 0.8944 3.5 
0.8754 0.10 0.8944 3.75
0.8754 0.10 0.8944 4   
0.8754 0.10 0.8944 4.25
0.8754 0.10 0.8944 4.5 
1.1221 0.10 1.0000 4.25
1.1221 0.10 1.0000 4.5 
1.1221 0.10 1.0000 4.75
1.1221 0.10 1.0000 5   
1.1221 0.10 1.0000 5.25
1.3688 0.10 1.0955 4.5 
1.3688 0.10 1.0955 4.75
1.3688 0.10 1.0955 5   
1.3688 0.10 1.0955 5.25
1.3688 0.10 1.0955 5.5 
0.8493 0.20 0.8944 3.5 
0.8493 0.20 0.8944 3.75
0.8493 0.20 0.8944 4   
0.8493 0.20 0.8944 4.25
0.8493 0.20 0.8944 4.5 
1.0802 0.20 1.0000 3.75
1.0802 0.20 1.0000 4   
1.0802 0.20 1.0000 4.25
1.0802 0.20 1.0000 4.5 
1.0802 0.20 1.0000 4.75
1.3111 0.20 1.0955 4.25
1.3111 0.20 1.0955 4.5 
1.3111 0.20 1.0955 4.75
1.3111 0.20 1.0955 5   
1.3111 0.20 1.0955 5.25
0.8292 0.30 0.8944 3.5 
0.8292 0.30 0.8944 3.75
0.8292 0.30 0.8944 4   
0.8292 0.30 0.8944 4.25
0.8292 0.30 0.8944 4.5 
1.0483 0.30 1.0000 3.5 
1.0483 0.30 1.0000 3.75
1.0483 0.30 1.0000 4   
1.0483 0.30 1.0000 4.25
1.0483 0.30 1.0000 4.5 
1.2675 0.30 1.0955 4   
1.2675 0.30 1.0955 4.25
1.2675 0.30 1.0955 4.5 
1.2675 0.30 1.0955 4.75
1.2675 0.30 1.0955 5   
0.8022 0.50 0.8944 3.5 
0.8022 0.50 0.8944 3.75
0.8022 0.50 0.8944 4   
0.8022 0.50 0.8944 4.25
0.8022 0.50 0.8944 4.5 
0.9957 0.50 1.0000 3.5 
0.9957 0.50 1.0000 3.75
0.9957 0.50 1.0000 4   
0.9957 0.50 1.0000 4.25
0.9957 0.50 1.0000 4.5 
1.1891 0.50 1.0955 3.5 
1.1891 0.50 1.0955 3.75
1.1891 0.50 1.0955 4   
1.1891 0.50 1.0955 4.25
1.1891 0.50 1.0955 4.5 
0.7695 0.70 0.8944 3   
0.7695 0.70 0.8944 3.25
0.7695 0.70 0.8944 3.5 
0.7695 0.70 0.8944 3.75
0.7695 0.70 0.8944 4   
0.9352 0.70 1.0000 3   
0.9352 0.70 1.0000 3.25
0.9352 0.70 1.0000 3.5 
0.9352 0.70 1.0000 3.75
0.9352 0.70 1.0000 4   
1.1009 0.70 1.0955 3   
1.1009 0.70 1.0955 3.25
1.1009 0.70 1.0955 3.5 
1.1009 0.70 1.0955 3.75
1.1009 0.70 1.0955 4   