0.800000 0.010000 0.840203 0
0.800000 0.010000 0.840203 1
0.800000 0.010000 0.840203 2
0.800000 0.010000 0.840203 3
0.800000 0.010000 0.840203 4
0.800000 0.010000 0.840203 5      
1.000000 0.010000 0.925321 0
1.000000 0.010000 0.925321 1
1.000000 0.010000 0.925321 2
1.000000 0.010000 0.925321 3
1.000000 0.010000 0.925321 4
1.000000 0.010000 0.925321 5
1.200000 0.010000 1.002162 0
1.200000 0.010000 1.002162 1
1.200000 0.010000 1.002162 2
1.200000 0.010000 1.002162 3
1.200000 0.010000 1.002162 4
1.200000 0.010000 1.002162 5
0.800000 0.020000 0.844386 0
0.800000 0.020000 0.844386 1
0.800000 0.020000 0.844386 2
0.800000 0.020000 0.844386 3
0.800000 0.020000 0.844386 4
0.800000 0.020000 0.844386 5
1.000000 0.020000 0.929830 0
1.000000 0.020000 0.929830 1
1.000000 0.020000 0.929830 2
1.000000 0.020000 0.929830 3
1.000000 0.020000 0.929830 4
1.000000 0.020000 0.929830 5
1.200000 0.020000 1.007408 0
1.200000 0.020000 1.007408 1
1.200000 0.020000 1.007408 2
1.200000 0.020000 1.007408 3
1.200000 0.020000 1.007408 4
1.200000 0.020000 1.007408 5
0.800000 0.060000 0.852741 0
0.800000 0.060000 0.852741 1
0.800000 0.060000 0.852741 2
0.800000 0.060000 0.852741 3
0.800000 0.060000 0.852741 4
0.800000 0.060000 0.852741 5
1.000000 0.060000 0.939967 0
1.000000 0.060000 0.939967 1
1.000000 0.060000 0.939967 2
1.000000 0.060000 0.939967 3
1.000000 0.060000 0.939967 4
1.000000 0.060000 0.939967 5
1.200000 0.060000 1.022247 0
1.200000 0.060000 1.022247 1
1.200000 0.060000 1.022247 2
1.200000 0.060000 1.022247 3
1.200000 0.060000 1.022247 4
1.200000 0.060000 1.022247 5