100
98
96
98
99
98
96
100
97
100
98
100
100
101
100
99
99
100
100
101
102
101
104
105
105
105
103
100
99
99
99
99
97
95
95
94
93
90
90
90
93
93
95
96
97
97
95
98
99
98
96
96
98
99
96
97
97
98
99
97
93
90
92
93
94
98
98
101
96
100
102
103
104
100
97
100
97
99
97
95
93
88
89
87
87
90
90
93
95
98
99
100
99
101
98
100
101
101
102
103
103
102
101
99
97
96
94
96
98
103
104
102
103
103
101
107
104
104
103
104
105
105
106
109
107
103
101
97
94
95
98
99
96
97
95
98
96
95
96
97
96
95
95
92
89
90
90
91
93
93
91
93
90
90
87
90
90
89
89
88
92
92
94
93
92
90
89
90
89
88
85
83
81
81
79
78
79
81
81
82
84
83
84
87
90
89
87
86
86
87
86
80
81
80
80
80
81
81
80
80
81
80
81
84
88
90
91
91
90
95
96
94
94
94
93
90
90
87
84
83
83
85
85
86
87
87
87
85
84
86
85
89
85
82
81
80
78
77
75
77
80
79
78
79
77
77
80
82
80
79
80
79
82
85
83
82
83
76
76
70
69
68
70
70
72
73
75
72
73
75
77
78
79
84
82
80
80
80
77
76
76
74
75
75
70
69
69
64
63
62
66
67
67
73
73
75
71
69
68
66
66
69
67
67
66
66
63
61
60
57
57
60
59
62
65
64
62
63
67
67
69
68
73
72
72
72
71
70
68
65
65
62
63
61
64
67
70
73
71
71
71
70
70
70
73
74
77
78
76
79
75
76
75
70
69
68
68
69
70
69
70
77
78
82
79
80
80
77
76
72
72
71
71
70
71
70
68
67
66
63
62
61
61
64
65
64
64
67
68
66
66
68
69
69
69
66
69
69
69
70
70
70
69
66
65
65
63
61
62
64
63
62
62
63
64
61
62
61
61
58
58
59
61
60
57
56
56
58
57
60
61
61
58
58
58
58
58
57
52
52
54
55
58
57
57
57
57
60
63
62
61
61
62
61
61
59
58
60
60
59
61
63
64
66
66
66
63
62
64
61
63
63
62
61
61
61
61
64
64
62
62
63
61
64
62
64
63
62
64
60
60
64
64
66
68
68
68
67
66
67
67
71
69
68
65
67
67
68
69
72
73
69
65
66
63
62
61
61
59
59
60
60
56
54
55
57
57
57
60
59
61
61
61
59
61
61
59
62
62
63
65
67
68
67
67
66
65
66
64
58
58
55
54
53
54
55
56
55
57
58
58
59
59
60
65
66
69
69
67
65
66
66
65
64
64
64
64
60
60
61
58
58
61
62
63
65
69
72
71
73
75
75
77
75
75
74
76
72
68
67
65
64
65
66
66
63
65
64
68
64
65
65
65
66
68
70
71
70
69
68
68
67
67
67
65
62
62
61
62
63
61
62
69
73
76
77
77
76
73
73
74
77
80
78
80
81
80
80
78
76
77
74
76
75
78
81
80
84
82
82
86
87
85
85
83
81
81
84
83
82
80
80
78
72
72
72
73
72
69
74
77
81
82
83
84
83
78
79
81
79
79
78
78
79
76
74
71
71
70
69
69
70
71
72
74
76
74
73
76
80
78
77
79
79
74
74
74
72
73
72
72
72
71
70
66
72
71
72
75
70
69
70
70
69
69
69
68
70
70
71
71
71
70
73
69
67
70
71
73
72
72
73
73
69
69
69
69
69
68
67
68
70
72
71
69
68
69
66
63
64
63
68
71
72
70
72
69
68
67
67
67
69
68
70
71
70
70
72
69
66
68
67
68
64
66
65
64
64
66
68
67
66
65
63
63
60
58
58
60
61
62
60
61
60
57
55
58
60
58
58
58
58
57
57
56
54
55
53
52
54
55
50
50
51
50
49
51
49
48
48
47
49
49
51
52
51
52
52
54
52
54
54
57
58
57
53
50
50
49
49
48
45
44
43
42
44
42
42
42
42
44
44
46
49
51
56
59
61
58
57
58
56
52
51
51
48
48
50
52
52
51
51
52
56
55
56
51
53
54
56
57
55
55
56
55
55
54
56
56
58
57
54
55
56
54
53
51
50
50
49
51
53
56
54
56
55
54
52
49
48
46
47
46
45
45
44
39
40
40
41
40
41
44
45
49
46
48
48
51
51
53
52
54
53
49
51
50
49
49
48
48
50
48
48
50
49
48
50
51
50
49
50
53
53
56
52
52
51
45
44
44
42
42
44
43
43
40
41
43
46
44
44
43
43
43
47
48
47
47
46
46
