100
103
103
102
106
103
105
102
99
95
101
99
96
99
101
104
100
101
100
99
96
95
96
96
97
98
101
103
104
104
100
98
95
95
94
97
99
101
101
95
97
96
94
94
92
89
92
91
88
88
87
85
87
89
89
93
90
91
88
89
90
91
95
92
95
96
95
93
93
92
91
90
88
90
94
97
96
96
93
94
96
96
98
99
99
103
105
103
104
102
101
100
99
100
100
100
100
101
103
103
104
103
103
103
103
104
104
106
105
105
106
103
104
105
106
105
104
98
96
93
94
93
93
94
91
94
92
90
91
92
95
95
98
99
101
99
99
98
99
95
96
97
97
100
97
100
99
99
99
102
100
99
93
98
96
97
96
95
96
95
97
91
92
90
90
92
94
94
92
91
90
90
90
90
91
94
93
93
93
92
89
91
88
91
93
93
89
87
82
84
82
84
79
73
72
69
69
71
72
75
78
76
76
76
77
75
77
78
78
80
79
77
78
80
79
79
76
75
75
78
77
80
83
83
84
85
82
81
81
79
77
81
79
79
82
78
78
79
78
73
75
79
78
80
80
82
79
76
72
71
71
71
74
70
72
72
70
72
73
73
72
75
71
66
67
69
70
69
70
71
71
74
75
77
77
78
75
73
73
73
76
76
75
79
83
83
83
82
81
81
80
85
87
89
91
89
91
92
89
86
81
81
83
82
81
82
75
79
78
75
71
72
71
75
73
76
76
78
82
82
82
82
79
78
77
80
74
75
78
76
76
75
73
73
73
73
74
72
72
71
70
73
77
73
71
72
75
74
71
69
70
66
69
71
73
69
68
67
67
66
65
66
66
68
73
73
78
82
82
84
85
83
85
87
89
89
94
96
94
90
90
90
88
86
87
86
88
87
85
84
80
83
85
85
84
86
92
90
91
89
90
93
92
91
89
88
88
88
91
89
89
92
88
89
90
91
91
90
92
95
96
93
92
91
93
93
92
90
92
92
88
91
89
87
85
86
88
90
90
93
94
93
96
98
97
100
95
92
93
94
94
94
92
90
88
88
88
87
89
89
89
87
86
84
83
84
84
84
83
85
89
91
91
89
88
83
85
82
84
81
78
80
81
81
81
79
81
80
75
73
76
78
80
78
79
80
80
81
79
77
79
81
82
81
82
86
85
89
87
85
86
89
88
90
91
94
90
89
90
91
89
91
87
86
85
84
85
84
83
84
85
89
91
95
94
96
96
96
98
99
98
98
97
98
100
100
100
101
102
103
100
102
101
103
102
104
99
99
100
98
98
99
100
101
105
108
103
106
106
110
111
110
107
104
103
103
105
106
105
103
103
104
104
104
104
104
101
104
104
101
103
106
109
109
108
108
108
106
104
106
105
104
106
106
106
104
105
104
102
102
104
104
106
107
107
106
106
110
112
108
107
108
110
110
105
105
105
105
108
106
106
106
105
105
103
103
103
104
104
104
107
108
110
107
104
106
104
106
110
110
108
107
107
107
109
108
110
113
111
111
112
113
111
109
111
112
111
111
109
110
108
110
109
106
105
104
105
105
103
105
104
105
105
106
106
107
108
105
107
110
107
107
106
105
106
107
107
106
106
106
104
106
104
101
101
99
99
100
103
103
103
103
104
100
100
102
102
103
102
103
102
104
103
104
104
104
103
103
100
105
102
105
106
105
106
106
108
109
109
110
111
110
112
113
115
114
111
110
111
108
109
109
108
107
105
103
103
101
101
98
95
91
91
94
97
96
95
96
96
93
89
89
91
93
90
94
92
89
84
84
85
86
88
89
89
91
94
96
96
95
96
95
94
93
93
89
94
91
89
93
93
92
93
91
91
92
90
87
89
93
90
87
91
91
88
86
87
89
90
89
86
87
88
89
89
90
90
88
86
80
83
83
80
81
79
76
76
77
77
79
81
82
81
81
79
81
79
75
73
72
75
74
76
76
76
76
76
75
75
75
76
82
79
78
78
75
77
77
75
73
75
76
77
77
77
76
74
73
75
76
78
77
76
74
73
74
74
77
79
78
84
82
81
78
75
77
75
75
76
76
76
76
74
76
73
73
76
75
75
75
76
76
77
78
79
79
84
83
80
81
81
82
81
78
78
80
82
83
82
83
84
83
82
80
80
83
90
93
94
96
97
96
92
88
87
89
87
87
82
81
79
79
80
76
77
73
72
74
74
76
78
76
78
81
81
81
81
76
78
75
76
77
79
78
75
75
76
78
77
76
74
79
78
79
78
79
82
81
84
83
84
86
85
82
84
82
78
78
79
83
82
