100
101
100
99
99
100
102
102
104
108
109
109
108
110
108
110
110
112
111
113
114
110
112
108
108
104
105
108
108
106
106
106
104
104
106
108
107
107
107
104
104
107
108
109
109
107
105
105
107
101
100
103
102
101
99
97
96
96
97
94
94
94
95
93
95
91
92
90
91
89
90
92
90
91
93
95
94
96
92
92
91
91
90
88
89
92
93
94
92
91
88
86
85
84
82
83
86
84
87
86
83
84
83
82
81
81
83
82
83
82
81
83
83
80
80
82
81
83
84
82
83
84
86
88
87
85
88
88
89
86
86
87
86
84
82
82
80
81
83
81
81
77
75
77
76
77
75
78
82
81
83
81
82
80
76
76
77
76
75
73
72
72
71
69
69
69
69
71
69
70
71
70
73
75
76
76
79
76
72
70
72
70
70
70
70
71
71
72
72
73
71
72
75
75
77
75
74
77
78
76
72
72
70
71
69
66
67
66
66
65
65
65
62
60
61
60
59
59
59
59
58
58
59
57
55
55
52
53
54
52
54
55
59
61
61
59
59
58
57
57
55
55
54
55
58
58
59
59
57
56
56
54
54
56
56
52
51
51
51
56
53
55
55
56
56
57
57
57
59
57
58
62
61
59
60
62
61
60
60
58
58
60
58
58
58
59
59
59
60
60
62
62
62
64
60
58
57
59
58
57
58
58
58
58
59
59
58
57
59
60
63
59
62
60
56
54
54
56
56
58
57
55
57
55
54
55
54
53
52
53
55
57
56
57
55
56
55
56
55
54
57
55
55
54
53
52
53
53
53
48
48
47
46
43
46
45
47
49
48
50
47
48
49
51
54
52
52
54
55
55
54
53
54
53
52
53
54
56
57
59
59
58
58
60
57
59
61
63
62
63
65
65
64
65
64
65
63
63
61
65
66
68
69
69
70
70
68
66
65
65
65
69
68
68
71
74
75
74
72
72
69
65
69
70
68
68
67
65
65
66
69
69
67
66
67
66
65
64
66
64
64
63
59
58
55
53
54
52
53
54
54
54
54
54
56
55
60
61
62
63
63
62
56
57
57
56
55
55
54
55
52
54
52
52
53
54
56
56
56
60
65
63
67
66
68
68
68
69
66
62
58
56
57
57
58
59
59
59
60
61
61
62
63
64
65
68
67
69
65
64
64
66
65
66
65
65
62
61
62
60
58
58
55
56
55
55
54
52
57
55
57
56
55
57
58
60
59
59
55
55
58
56
53
51
48
48
44
42
44
45
41
42
43
46
47
50
52
51
50
50
50
51
53
53
53
52
50
49
48
50
50
51
49
50
51
54
56
55
56
57
62
61
62
61
61
61
59
60
59
60
60
61
60
60
59
57
55
59
60
61
60
59
62
65
67
65
64
65
67
69
68
70
70
66
63
63
59
59
62
60
62
63
63
61
62
61
63
64
63
64
63
63
56
55
53
50
52
51
51
50
51
53
54
56
53
53
51
53
54
54
58
57
56
58
57
59
60
60
58
56
59
58
57
58
59
59
61
60
63
58
59
62
60
61
58
58
59
59
57
58
58
56
57
58
56
51
47
47
47
47
44
43
43
42
41
42
44
44
43
43
43
41
42
42
41
41
39
38
39
38
37
37
37
36
36
38
40
41
42
41
41
43
45
45
43
43
42
42
42
41
43
40
38
39
40
40
40
40
41
41
45
47
46
47
47
48
47
49
49
49
46
46
46
47
46
46
48
48
46
46
48
48
48
49
50
53
51
52
50
50
46
47
51
51
50
51
52
53
54
55
56
56
57
58
58
61
60
60
56
61
60
60
59
56
54
56
56
54
54
56
58
58
60
62
65
63
61
61
59
58
60
60
59
57
58
55
54
53
51
52
50
52
53
54
55
55
53
56
54
57
56
56
55
54
53
51
50
52
52
50
51
50
54
56
56
57
55
56
57
56
56
57
58
56
55
57
57
55
55
53
53
53
52
52
52
50
51
51
51
53
55
55
57
56
55
53
52
51
53
54
53
53
55
53
55
53
51
52
49
48
49
50
52
55
53
52
53
52
50
51
53
54
54
54
51
51
52
50
49
50
49
49
53
51
49
48
49
50
48
47
47
49
47
48
47
47
45
41
40
39
38
37
37
34
37
39
39
42
43
43
45
46
44
44
42
42
40
42
40
39
37
37
39
40
40
39
40
39
42
41
45
46
45
46
43
43
40
42
43
43
44
43
42
41
44
44
44
45
43
43
45
43
43
45
46
45
47
47
47
51
51
51
51
51
51
52
52
51
52
54
51
