100
99
99
98
92
91
88
90
91
87
88
86
88
88
89
84
89
89
90
89
90
91
91
95
89
87
88
85
84
85
86
85
81
81
76
78
74
76
78
78
80
82
83
84
83
81
80
80
80
80
78
75
73
71
69
70
67
67
67
70
72
73
74
75
76
75
75
72
75
78
75
72
73
70
71
72
72
69
71
75
74
78
78
73
76
78
79
78
77
81
82
80
79
80
79
77
74
74
72
73
71
71
71
71
71
70
73
71
73
75
77
77
81
82
80
82
85
85
84
87
85
84
80
81
83
80
82
82
83
85
85
87
93
94
95
97
99
100
99
99
99
99
99
94
92
90
92
89
90
89
86
85
84
87
90
87
84
87
87
88
90
90
90
88
88
86
88
87
86
85
84
82
82
82
83
83
81
79
76
77
75
76
77
77
80
82
81
81
81
81
80
78
75
74
75
76
72
69
72
75
78
77
76
76
79
80
81
82
83
85
81
79
82
82
76
76
79
79
77
74
75
72
73
74
76
73
70
70
72
72
73
77
75
76
76
79
73
73
70
70
69
66
64
63
64
66
67
66
65
63
65
69
71
71
70
70
70
71
72
71
70
67
67
66
66
67
64
65
64
66
67
67
65
67
70
69
73
75
78
74
76
75
74
72
73
71
70
72
72
71
67
66
64
64
64
65
64
62
64
64
66
70
69
69
70
68
67
67
66
67
65
62
62
65
65
68
67
65
64
64
61
62
62
68
68
67
71
70
72
72
70
70
70
69
66
67
67
68
67
68
66
63
62
61
62
63
63
64
67
67
67
66
67
64
65
66
72
71
72
69
72
70
68
66
65
67
70
69
70
71
71
73
73
74
76
71
69
68
71
75
78
75
75
74
74
70
71
71
69
69
70
74
72
75
77
79
80
81
77
77
78
81
81
80
81
83
81
80
78
79
78
78
77
80
86
81
80
79
81
82
84
84
86
87
88
89
89
87
89
93
95
94
96
95
93
92
91
91
90
90
92
91
95
96
98
102
96
98
99
100
99
97
98
102
101
98
103
101
101
99
99
100
98
94
96
94
95
95
100
100
101
98
97
96
94
93
96
93
94
91
91
93
92
89
89
89
90
91
92
93
97
97
94
92
96
95
94
91
91
90
91
88
87
87
88
87
83
81
83
81
82
87
88
85
83
86
86
90
91
88
88
88
87
80
79
79
78
77
76
77
79
81
82
78
77
79
79
83
83
88
85
87
87
85
87
85
83
82
80
78
71
72
72
72
71
72
74
74
76
74
75
80
81
78
82
82
82
79
78
76
76
75
73
70
70
71
69
66
70
69
69
72
72
75
79
80
79
82
80
80
79
80
78
75
72
70
68
66
63
63
62
63
63
65
63
66
68
70
73
74
73
68
68
68
68
64
66
64
64
62
58
57
57
54
55
56
56
60
60
61
62
61
56
58
60
61
59
60
58
55
54
52
51
52
50
47
47
46
49
49
50
51
53
52
51
53
53
55
55
57
55
53
51
49
50
47
46
46
46
47
47
49
47
47
48
49
50
50
53
57
58
57
58
59
57
56
57
56
58
57
60
60
61
61
60
58
60
61
61
61
59
60
62
64
64
63
62
65
61
63
64
62
60
59
59
58
58
57
58
59
59
59
56
57
56
56
59
62
61
61
63
60
57
57
59
58
57
56
56
56
58
57
55
52
53
54
58
59
57
57
56
59
58
56
57
56
55
55
53
50
49
51
52
54
54
55
53
50
52
53
54
54
58
54
55
55
57
56
58
57
55
54
55
56
53
51
50
51
50
51
52
52
53
52
50
49
47
50
51
52
56
51
49
50
47
46
46
44
43
43
44
42
43
43
42
43
44
42
43
42
43
43
45
47
47
46
44
46
45
44
44
44
43
38
38
38
37
37
37
36
37
39
37
38
40
43
41
42
42
43
42
43
41
40
39
39
39
40
38
38
38
39
38
39
37
36
37
38
39
39
43
42
42
42
41
40
41
41
41
39
40
37
38
36
35
33
34
33
34
37
38
37
37
38
36
36
39
42
41
43
39
41
40
37
36
36
37
36
34
36
35
37
36
35
37
39
39
37
37
36
38
38
41
39
40
37
36
35
35
35
34
34
37
37
36
37
39
41
42
41
40
40
41
43
43
44
44
43
42
42
41
41
40
37
39
40
39
40
41
42
42
41
38
36
37
36
36
35
34
35
36
34
34
34
32
31
27
28
27
28
28
30
30
30
32
33
33
36
36
36
36
37
38
37
37
37
36
36
38
36
35
