8.660254037844384856e-01
9.841197770277709811e-01
1.043404100945106716e+00
1.082531754730548190e+00
1.069167165165973543e+00
1.043404100945106494e+00
1.043404100945106938e+00
1.043404100945106716e+00
1.082531754730548190e+00
1.202813060811720014e+00
1.237179148263483741e+00
1.273566770271232995e+00
1.374643498070537539e+00
1.419713776695800789e+00
1.546473935329354621e+00
1.603750747748960093e+00
1.665433468816227780e+00
1.804219591217580243e+00
1.968239554055541962e+00
1.924500897298752511e+00
1.968239554055541962e+00
