8.660254037844385966e-01
9.516762678949874932e-01
9.954314986028028889e-01
9.954314986028028889e-01
9.730622514431894743e-01
1.018853416216986219e+00
1.056128541200534787e+00
1.139507110242682142e+00
1.186336169567723919e+00
1.202813060811720014e+00
1.273566770271232995e+00
1.374643498070537539e+00
1.443375672974064328e+00
1.546473935329354399e+00
1.603750747748960093e+00
1.698089027028310660e+00
1.634010195819695532e+00
1.698089027028310660e+00
2.014012566940554638e+00
2.220577958421637632e+00
2.340609199417401420e+00
