0 0 0 0 1 26 47 24 2 0 0 0 0 0 0 0 0 0
0 0 0 0 0 24 52 16 4 0 0 0 0 0 0 0 0 0
0 0 0 0 1 21 52 19 2 0 0 0 0 0 0 0 0 0
0 0 0 0 1 23 49 19 3 0 0 0 0 0 0 0 0 0
0 0 0 0 1 23 49 23 1 0 0 0 0 0 0 0 0 0
0 0 0 0 0 24 50 20 2 0 0 0 0 0 0 0 0 0
0 0 0 0 0 24 47 18 3 0 0 0 0 0 0 0 0 0
0 0 0 0 1 18 45 20 0 0 0 0 0 0 0 0 0 0
0 0 0 0 0 22 45 16 3 0 0 0 0 0 0 0 0 0
0 0 0 0 0 16 50 14 1 0 0 0 0 0 0 0 0 0
0 0 0 0 0 22 44 11 4 1 0 0 0 0 0 0 0 0
0 0 0 0 0 17 43 17 0 0 0 0 0 0 0 0 0 0
0 0 0 0 0 15 39 13 1 0 0 0 0 0 0 0 0 0
0 0 0 0 0 20 31 14 3 0 0 0 0 0 0 0 0 0
0 0 0 0 1 18 26 18 1 0 0 0 0 0 0 0 0 0
0 0 0 0 0 17 30 11 3 0 0 0 0 0 0 0 0 0
0 0 0 0 2 17 26 15 3 0 0 0 0 0 0 0 0 0
0 0 0 0 1 17 23 17 1 0 0 0 0 0 0 0 0 0
0 0 0 0 0 17 28 11 3 0 0 0 0 0 0 0 0 0
0 0 0 0 0 15 25 13 1 0 0 0 0 0 0 0 0 0
0 0 0 0 0 13 26 13 0 0 0 0 0 0 0 0 0 0
