0 0 0 0 0 25 53 19 3 0 0 0 0 0 0 0 0 0
0 0 0 0 0 21 54 17 2 0 0 0 0 0 0 0 0 0
0 0 0 0 0 16 57 16 0 0 0 0 0 0 0 0 0 0
0 0 0 0 0 19 47 17 1 0 0 0 0 0 0 0 0 0
0 0 0 0 0 24 37 18 3 0 0 0 0 0 0 0 0 0
0 0 0 0 0 23 33 19 2 0 0 0 0 0 0 0 0 0
0 0 0 0 2 16 33 16 2 0 0 0 0 0 0 0 0 0
0 0 0 0 1 17 26 17 1 0 0 0 0 0 0 0 0 0
0 0 0 0 0 20 20 16 2 0 0 0 0 0 0 0 0 0
0 0 0 0 0 12 25 12 0 0 0 0 0 0 0 0 0 0
0 0 0 0 1 10 23 10 1 0 0 0 0 0 0 0 0 0
0 0 0 0 1 9 24 9 1 0 0 0 0 0 0 0 0 0
0 0 0 0 0 13 20 9 2 0 0 0 0 0 0 0 0 0
0 0 0 0 0 10 22 6 2 0 0 0 0 0 0 0 0 0
0 0 0 0 0 10 22 6 2 0 0 0 0 0 0 0 0 0
0 0 0 0 0 6 24 6 0 0 0 0 0 0 0 0 0 0
0 0 0 0 1 9 17 9 1 0 0 0 0 0 0 0 0 0
0 0 0 0 1 10 20 8 2 0 0 0 0 0 0 0 0 0
0 0 0 0 0 11 24 7 2 0 0 0 0 0 0 0 0 0
0 0 0 0 1 12 17 8 3 0 0 0 0 0 0 0 0 0
0 0 0 0 1 13 13 9 3 0 0 0 0 0 0 0 0 0
