0 0 0 0 1 23 53 21 2 0 0 0 0 0 0 0 0 0
0 0 0 0 0 24 44 22 1 0 0 0 0 0 0 0 0 0
0 0 0 0 1 20 44 22 0 0 0 0 0 0 0 0 0 0
0 0 0 0 1 22 42 20 2 0 0 0 0 0 0 0 0 0
0 0 0 0 0 21 50 15 3 0 0 0 0 0 0 0 0 0
0 0 0 0 1 17 49 17 1 0 0 0 0 0 0 0 0 0
0 0 0 0 0 23 40 15 4 0 0 0 0 0 0 0 0 0
0 0 0 0 0 20 38 16 2 0 0 0 0 0 0 0 0 0
0 0 0 0 0 16 41 16 0 0 0 0 0 0 0 0 0 0
0 0 0 0 0 23 27 21 1 0 0 0 0 0 0 0 0 0
0 0 0 0 1 19 29 17 2 0 0 0 0 0 0 0 0 0
0 0 0 0 2 14 30 16 1 0 0 0 0 0 0 0 0 0
0 0 0 0 0 15 31 13 1 0 0 0 0 0 0 0 0 0
0 0 0 0 1 13 28 13 1 0 0 0 0 0 0 0 0 0
0 0 0 0 0 15 25 13 1 0 0 0 0 0 0 0 0 0
0 0 0 0 0 15 22 13 1 0 0 0 0 0 0 0 0 0
0 0 0 0 0 17 22 11 3 0 0 0 0 0 0 0 0 0
0 0 0 0 1 11 29 7 3 0 0 0 0 0 0 0 0 0
0 0 0 0 0 9 25 9 0 0 0 0 0 0 0 0 0 0
0 0 0 0 0 8 23 8 0 0 0 0 0 0 0 0 0 0
0 0 0 0 0 6 25 6 0 0 0 0 0 0 0 0 0 0
