0 0 0 0 0 29 44 25 2 0 0 0 0 0 0 0 0 0
0 0 0 0 0 22 48 14 4 0 0 0 0 0 0 0 0 0
0 0 0 0 1 20 43 16 3 0 0 0 0 0 0 0 0 0
0 0 0 0 0 18 45 16 1 0 0 0 0 0 0 0 0 0
0 0 0 0 0 19 44 17 1 0 0 0 0 0 0 0 0 0
0 0 0 0 0 23 40 17 3 0 0 0 0 0 0 0 0 0
0 0 0 0 0 20 43 20 0 0 0 0 0 0 0 0 0 0
0 0 0 0 0 24 38 18 3 0 0 0 0 0 0 0 0 0
0 0 0 0 0 23 37 17 3 0 0 0 0 0 0 0 0 0
0 0 0 0 0 17 39 15 1 0 0 0 0 0 0 0 0 0
0 0 0 0 0 19 34 15 2 0 0 0 0 0 0 0 0 0
0 0 0 0 2 18 27 20 1 0 0 0 0 0 0 0 0 0
0 0 0 0 0 20 23 20 0 0 0 0 0 0 0 0 0 0
0 0 0 0 1 14 30 16 0 0 0 0 0 0 0 0 0 0
0 0 0 0 0 15 28 11 2 0 0 0 0 0 0 0 0 0
0 0 0 0 0 14 30 6 4 0 0 0 0 0 0 0 0 0
0 0 0 0 1 15 20 15 1 0 0 0 0 0 0 0 0 0
0 0 0 0 0 16 18 12 2 0 0 0 0 0 0 0 0 0
0 0 0 0 0 12 21 10 1 0 0 0 0 0 0 0 0 0
0 0 0 0 1 13 18 11 2 0 0 0 0 0 0 0 0 0
0 0 0 0 1 11 20 11 1 0 0 0 0 0 0 0 0 0
