8.660254037844385966e-01
8.170050979098476551e-01
8.408013628975130604e-01
7.872958216222168959e-01
7.530655685082074946e-01
7.216878364870320528e-01
7.157234742020153195e-01
6.928203230275509217e-01
7.040856941336899322e-01
6.873217490352686587e-01
6.765823467065925634e-01
6.610880944919377278e-01
6.560798513518473207e-01
6.819097667594005152e-01
6.560798513518473207e-01
6.230398588377255020e-01
6.185895741317417595e-01
5.931680847838619597e-01
5.773502691896256200e-01
5.972588991616817333e-01
5.660296756761036274e-01
