8.660254037844384856e-01
8.327167344081141120e-01
7.872958216222167849e-01
8.018753738744803794e-01
7.802030664724671771e-01
7.339198337156258578e-01
7.098568883479003944e-01
7.040856941336899322e-01
6.713375223135182868e-01
6.661733875264911342e-01
6.275546404235061715e-01
6.056121704786282534e-01
5.773502691896256200e-01
5.660296756761036274e-01
5.481173441673661273e-01
5.412658773652740951e-01
5.313039287021095181e-01
5.185780860984661178e-01
4.920598885138854905e-01
4.758381339474936911e-01
4.464048473115662108e-01
