8.660254037844385966e-01
8.836993916167742436e-01
8.408013628975131715e-01
7.802030664724670661e-01
7.465736239521022499e-01
7.040856941336899322e-01
6.873217490352687697e-01
6.511469201386755890e-01
6.610880944919377278e-01
6.610880944919378388e-01
6.367833851356164976e-01
6.415002990995840593e-01
6.415002990995841703e-01
6.185895741317417595e-01
5.851522998543503551e-01
5.660296756761036274e-01
5.412658773652740951e-01
5.094267081084932203e-01
4.758381339474936911e-01
4.606518105236376281e-01
4.510548978043949497e-01
