8.660254037844385966e-01
8.660254037844388186e-01
8.408013628975130604e-01
8.490445135141555522e-01
8.247860988423223461e-01
7.945187190682923006e-01
7.872958216222167849e-01
7.465736239521021389e-01
7.530655685082073836e-01
7.530655685082073836e-01
7.216878364870322748e-01
7.157234742020154306e-01
7.040856941336898212e-01
6.765823467065925634e-01
6.713375223135181757e-01
6.462876147645063574e-01
6.511469201386757000e-01
6.415002990995840593e-01
6.056121704786282534e-01
5.735267574731383045e-01
5.623541583015835288e-01
