0 0 0 0 1 22 56 18 3 0 0 0 0 0 0 0 0 0
0 0 0 0 0 28 50 24 2 0 0 0 0 0 0 0 0 0
0 0 0 0 0 31 50 27 2 0 0 0 0 0 0 0 0 0
0 0 0 0 0 29 52 25 2 0 0 0 0 0 0 0 0 0
0 0 0 0 1 25 60 23 2 0 0 0 0 0 0 0 0 0
0 0 0 0 1 32 57 24 2 2 0 0 0 0 0 0 0 0
0 0 0 0 0 27 69 25 1 0 0 0 0 0 0 0 0 0
0 0 0 0 0 25 74 23 1 0 0 0 0 0 0 0 0 0
0 0 0 0 0 36 59 32 2 0 0 0 0 0 0 0 0 0
0 0 0 0 1 22 85 20 2 0 0 0 0 0 0 0 0 0
0 0 0 0 2 28 78 29 0 1 0 0 0 0 0 0 0 0
0 0 0 0 1 31 81 27 3 0 0 0 0 0 0 0 0 0
0 0 0 0 0 32 87 30 1 0 0 0 0 0 0 0 0 0
0 0 0 0 2 30 87 34 0 0 0 0 0 0 0 0 0 0
0 0 0 0 1 35 88 31 3 0 0 0 0 0 0 0 0 0
0 0 0 0 2 30 98 27 2 1 0 0 0 0 0 0 0 0
0 0 0 0 0 28 110 22 3 0 0 0 0 0 0 0 0 0
0 0 0 0 0 28 112 26 1 0 0 0 0 0 0 0 0 0
0 0 0 0 0 39 102 31 4 0 0 0 0 0 0 0 0 0
0 0 0 0 3 38 99 40 2 0 0 0 0 0 0 0 0 0
0 0 0 0 2 57 81 48 5 1 0 0 0 0 0 0 0 0
