0 0 0 0 0 25 51 23 1 0 0 0 0 0 0 0 0 0
0 0 0 0 1 21 58 21 1 0 0 0 0 0 0 0 0 0
0 0 0 0 0 23 55 21 1 0 0 0 0 0 0 0 0 0
0 0 0 0 0 24 57 24 0 0 0 0 0 0 0 0 0 0
0 0 0 0 2 36 45 28 6 0 0 0 0 0 0 0 0 0
0 0 0 0 1 32 59 24 5 0 0 0 0 0 0 0 0 0
0 0 0 0 1 26 67 24 2 0 0 0 0 0 0 0 0 0
0 0 0 0 1 30 61 28 2 0 0 0 0 0 0 0 0 0
0 0 0 0 0 27 70 23 2 0 0 0 0 0 0 0 0 0
0 0 0 0 0 31 65 29 1 0 0 0 0 0 0 0 0 0
0 0 0 0 2 28 65 28 2 0 0 0 0 0 0 0 0 0
0 0 0 0 0 28 68 28 0 0 0 0 0 0 0 0 0 0
0 0 0 0 1 27 72 27 1 0 0 0 0 0 0 0 0 0
0 0 0 0 1 23 84 23 1 0 0 0 0 0 0 0 0 0
0 0 0 0 1 32 72 30 2 0 0 0 0 0 0 0 0 0
0 0 0 0 1 30 83 28 2 0 0 0 0 0 0 0 0 0
0 0 0 0 2 27 92 31 0 0 0 0 0 0 0 0 0 0
0 0 0 0 3 33 89 33 3 0 0 0 0 0 0 0 0 0
0 0 0 0 2 29 105 29 2 0 0 0 0 0 0 0 0 0
0 0 0 0 3 28 107 28 3 0 0 0 0 0 0 0 0 0
0 0 0 0 0 31 111 31 0 0 0 0 0 0 0 0 0 0
