0 0 0 0 1 31 40 23 5 0 0 0 0 0 0 0 0 0
0 0 0 0 0 29 45 21 4 0 0 0 0 0 0 0 0 0
0 0 0 0 0 32 42 22 5 0 0 0 0 0 0 0 0 0
0 0 0 0 0 30 47 20 5 0 0 0 0 0 0 0 0 0
0 0 0 0 1 30 44 24 4 0 0 0 0 0 0 0 0 0
0 0 0 0 3 26 50 24 4 0 0 0 0 0 0 0 0 0
0 0 0 0 1 29 56 27 2 0 0 0 0 0 0 0 0 0
0 0 0 0 1 26 63 26 1 0 0 0 0 0 0 0 0 0
0 0 0 0 1 29 60 25 3 0 0 0 0 0 0 0 0 0
0 0 0 0 1 26 63 26 1 0 0 0 0 0 0 0 0 0
0 0 0 0 1 31 60 31 1 0 0 0 0 0 0 0 0 0
0 0 0 0 0 26 71 24 1 0 0 0 0 0 0 0 0 0
0 0 0 0 0 26 69 26 0 0 0 0 0 0 0 0 0 0
0 0 0 0 1 23 77 25 0 0 0 0 0 0 0 0 0 0
0 0 0 0 0 28 74 24 2 0 0 0 0 0 0 0 0 0
0 0 0 0 1 29 71 23 4 0 0 0 0 0 0 0 0 0
0 0 0 0 0 36 64 32 2 0 0 0 0 0 0 0 0 0
0 0 0 0 0 30 79 26 2 0 0 0 0 0 0 0 0 0
0 0 0 0 2 22 89 24 1 0 0 0 0 0 0 0 0 0
0 0 0 0 1 34 80 31 1 1 0 0 0 0 0 0 0 0
0 0 0 0 3 25 89 29 1 0 0 0 0 0 0 0 0 0
