100
96
98
100
99
99
99
99
99
100
98
99
101
104
105
105
105
103
101
99
103
106
106
105
107
108
105
105
103
104
104
104
103
103
106
106
102
102
101
96
95
97
96
94
94
93
94
94
93
94
95
98
100
102
104
104
105
104
106
106
105
106
105
103
109
109
109
108
110
107
107
107
108
110
108
107
108
106
108
109
104
104
103
103
103
106
104
104
105
102
102
101
99
103
100
104
103
103
100
102
101
103
102
104
103
105
105
103
99
97
99
100
102
101
99
101
104
105
105
105
104
106
104
104
103
103
104
104
105
108
108
107
103
102
102
101
102
104
105
107
108
106
107
107
112
107
106
107
108
107
107
106
106
104
104
104
104
105
105
104
99
103
103
101
101
99
99
100
99
99
96
101
99
99
97
98
97
96
95
95
98
98
97
97
97
94
93
94
95
97
99
100
100
99
94
95
95
97
98
96
95
91
91
89
91
93
92
94
95
96
93
95
95
95
98
100
100
98
98
99
101
102
99
100
100
100
97
98
100
97
93
91
93
92
92
94
95
95
94
95
98
98
97
97
93
92
93
93
92
95
94
92
94
94
95
99
98
99
99
101
100
102
101
102
103
103
104
104
105
103
104
108
103
103
102
99
96
96
100
100
97
96
97
99
99
97
100
99
99
100
101
100
95
97
98
99
101
102
103
103
101
104
106
105
104
103
101
100
98
100
101
100
100
103
100
100
100
103
104
100
97
97
100
103
105
107
106
108
107
103
103
104
104
107
104
101
97
97
98
97
98
98
99
99
101
100
98
96
97
99
101
101
100
100
98
99
101
101
101
104
105
100
98
98
98
98
99
100
102
101
102
101
98
98
100
95
96
97
94
94
97
98
98
98
99
98
97
96
97
95
96
99
99
100
100
99
101
101
97
96
97
96
94
93
94
95
96
98
95
95
95
92
94
96
98
96
95
96
96
99
100
100
98
96
96
96
97
97
97
98
98
99
100
100
99
103
103
104
101
104
102
104
105
106
106
104
105
102
102
103
106
106
107
107
108
108
108
108
108
106
106
104
106
105
105
109
109
111
109
109
105
106
106
106
108
107
110
106
107
108
107
106
107
110
109
110
111
109
106
105
104
106
107
107
106
107
105
105
105
105
106
104
106
106
104
106
108
107
109
109
107
105
104
108
109
110
108
107
110
108
105
106
106
104
103
103
104
103
103
105
105
101
99
99
96
97
96
100
100
98
96
96
96
97
97
95
97
98
97
98
99
103
102
100
100
100
98
96
92
91
93
93
93
91
91
96
96
97
97
97
95
94
95
97
98
97
98
98
98
98
98
98
94
95
94
95
93
94
94
97
99
100
100
98
102
100
99
102
103
103
104
106
104
106
107
106
104
104
104
105
107
107
105
103
101
99
105
107
108
107
108
106
105
102
103
103
102
101
99
99
99
95
98
98
99
97
97
95
97
99
100
100
100
99
99
103
101
98
98
97
98
99
96
97
99
101
98
98
94
93
94
91
93
93
97
95
95
93
91
91
91
89
90
92
95
96
96
97
98
98
99
100
104
104
104
103
102
99
99
96
95
96
94
93
91
90
93
95
91
94
95
97
97
97
100
100
100
103
106
107
107
106
107
104
104
100
101
100
99
102
102
103
104
104
102
100
101
102
101
101
100
99
97
99
100
101
100
100
98
100
100
99
101
101
99
98
100
101
100
101
104
104
105
102
101
98
98
96
93
94
95
101
101
102
100
101
101
99
99
102
99
97
98
102
102
101
103
98
95
95
96
96
98
98
99
101
98
99
97
98
98
96
98
95
95
95
96
97
97
99
102
99
98
97
99
101
101
100
101
100
100
102
102
100
100
99
100
100
102
103
103
103
101
96
100
98
98
97
99
99
99
99
102
101
101
102
101
103
103
106
103
105
105
103
103
105
103
102
100
101
102
103
102
102
100
103
103
103
104
104
105
108
106
108
110
109
110
110
109
107
107
107
110
109
106
105
108
107
106
106
107
106
106
110
111
113
110
109
106
105
105
104
102
101
100
99
100
101
100
101
103
102
102
104
102
99
102
103
102
101
106
106
106
106
105
107
106
105
104
105
103
106
104
105
105
104
103
104
103
105
103
103
103
102
102
103
103
105
105
106
105
105
106
106
105
107
109
107
108
108
105
106
105
102
100
97
95
96
99
99
101
101
101
101
101
101
101
101
100
99
100
97
96
96
95
93
92
93
92
90
89
88
90
91
92
91
92
93
92
94
92
96
95
92
92
95
95
96
93
94
92
