100
96
96
95
90
90
88
87
86
82
83
85
88
93
97
97
97
94
96
97
96
96
96
93
92
91
90
89
88
89
86
87
86
85
91
89
89
89
88
91
97
99
100
98
95
91
92
91
89
87
85
85
82
82
85
86
85
86
83
83
84
82
80
81
81
81
85
84
85
80
81
82
81
84
84
81
79
79
78
79
83
82
79
77
75
72
74
75
78
79
80
82
83
81
81
81
82
81
83
82
82
80
79
74
75
79
79
79
80
81
81
83
85
86
87
84
84
87
85
84
80
79
79
80
80
82
81
77
78
80
79
78
81
82
83
81
80
82
81
82
85
85
86
86
81
82
81
78
78
77
80
81
83
84
82
84
82
83
84
82
79
81
83
84
84
82
83
84
85
87
88
85
83
83
80
82
86
88
90
91
93
90
92
95
95
95
94
91
90
92
91
90
90
87
87
87
85
87
88
87
89
92
91
93
94
95
98
94
95
95
95
92
91
94
93
91
91
91
91
90
93
93
99
100
98
99
100
101
100
99
99
96
93
92
89
94
92
92
91
90
89
92
93
90
89
88
91
91
93
95
99
98
98
99
98
99
100
97
99
100
100
101
101
101
98
98
100
99
99
100
99
99
100
101
105
107
106
105
103
101
103
99
101
102
100
99
97
99
102
101
101
104
104
103
102
101
103
101
101
101
102
103
101
101
101
99
100
99
100
100
97
95
94
92
92
95
94
92
93
94
95
94
95
91
88
88
89
92
94
94
94
94
96
95
95
98
101
102
102
103
106
111
111
109
109
110
111
109
106
108
109
112
109
108
107
108
109
109
109
109
106
102
103
104
104
102
102
106
103
104
102
102
102
104
106
106
103
103
102
103
101
103
103
102
101
100
101
101
101
99
101
99
99
103
105
105
106
103
104
103
104
103
103
102
102
100
100
103
101
103
104
102
104
104
105
106
105
106
107
107
103
103
102
100
101
101
101
100
101
101
104
103
100
100
100
101
100
101
97
98
97
96
96
96
95
98
96
96
96
97
96
97
99
100
99
100
100
100
99
97
99
100
100
102
103
99
99
99
94
96
92
91
91
93
93
94
94
96
94
95
96
96
91
93
92
91
90
91
89
89
88
92
92
92
92
94
94
95
96
93
94
99
101
100
101
103
102
103
102
103
101
101
101
101
101
103
103
104
102
105
105
103
100
99
102
101
101
100
101
101
101
100
99
99
96
94
93
94
94
96
98
96
93
92
97
92
93
93
94
95
96
96
98
96
93
91
90
90
88
88
89
93
92
93
93
90
90
93
91
93
93
93
93
95
97
98
98
99
97
96
93
95
95
94
93
89
89
86
86
86
86
89
89
86
88
87
90
84
82
82
82
86
87
89
91
91
94
88
87
83
80
79
82
83
83
81
82
81
83
82
81
83
87
86
84
83
86
85
85
85
84
88
86
87
86
87
85
84
89
91
96
91
90
91
94
95
93
93
94
95
91
91
91
90
91
90
91
89
88
90
89
92
92
91
92
93
95
98
100
102
103
101
99
101
101
98
96
92
92
93
92
90
89
90
92
96
98
97
96
98
97
97
98
97
100
101
101
99
98
97
97
96
96
96
95
95
97
99
99
99
97
99
98
101
100
103
102
108
109
111
110
108
109
102
102
99
97
96
98
97
95
93
95
96
94
95
95
99
101
103
104
105
103
100
103
103
100
102
100
101
101
101
102
101
101
98
96
98
100
99
101
105
105
105
104
105
105
105
103
103
102
103
105
104
104
104
106
104
104
102
101
100
100
103
104
106
107
104
104
106
106
107
105
107
106
102
100
99
96
96
93
94
94
95
94
94
93
92
96
98
96
98
97
97
96
96
97
101
103
104
102
100
96
97
95
94
96
96
97
98
97
93
94
95
94
97
101
100
100
101
103
105
105
103
104
103
104
105
105
105
106
105
105
104
103
102
99
102
102
98
100
100
99
98
98
103
102
101
100
100
103
101
102
101
103
101
100
101
102
103
101
100
98
98
98
99
99
98
100
102
99
98
98
99
99
101
101
103
103
103
102
102
105
107
108
109
106
107
106
106
104
107
105
106
107
110
109
109
108
108
106
103
101
103
103
100
103
104
102
101
103
104
102
102
100
103
103
106
105
103
103
101
102
101
100
97
98
93
93
93
94
95
93
93
91
90
95
94
95
94
93
90
91
89
89
91
90
91
94
98
99
103
102
102
102
100
100
98
97
100
100
102
100
99
98
101
100
98
100
104
104
103
104
105
108
108
108
108
108
105
103
