100
97
96
94
92
93
89
91
92
94
94
95
95
98
101
102
104
101
99
96
95
93
95
97
97
96
95
94
92
93
91
92
94
95
96
97
99
101
101
99
96
98
96
99
98
97
95
96
98
99
99
97
98
99
98
102
100
100
102
102
103
104
103
103
105
105
104
104
103
106
109
107
106
105
105
109
111
108
108
108
109
108
107
105
106
106
106
108
106
106
105
106
105
106
107
109
109
109
107
107
106
106
105
106
106
105
104
106
106
107
106
107
106
101
101
102
99
99
101
100
102
102
103
102
100
98
96
95
97
96
90
89
94
96
96
97
94
93
94
93
93
91
90
91
91
91
90
88
88
89
90
91
89
86
87
83
80
83
84
85
87
89
90
90
90
87
87
86
89
92
91
90
89
90
90
90
87
89
90
88
89
90
91
94
97
94
92
88
93
90
91
94
95
94
92
89
88
88
92
92
91
90
90
91
88
91
88
89
91
92
93
93
91
92
86
85
82
80
79
81
83
86
86
87
89
91
90
89
89
94
94
94
96
94
95
97
102
105
105
107
108
105
100
101
95
95
94
92
87
86
83
85
86
86
86
86
86
84
83
86
84
85
83
81
81
81
82
80
80
82
83
82
85
85
85
81
80
81
79
83
84
83
85
86
85
87
92
93
92
92
92
95
96
96
94
95
97
96
92
92
96
97
94
95
94
95
96
97
97
96
96
97
96
99
101
104
104
102
104
104
104
104
106
102
101
102
104
104
104
103
104
104
110
108
108
106
103
103
106
107
104
102
102
99
99
99
98
96
96
95
96
97
96
97
101
101
104
106
104
105
105
106
107
107
107
105
109
111
108
107
106
106
106
104
103
100
106
105
107
108
110
106
103
104
102
103
101
103
101
101
102
102
99
94
99
98
98
97
101
102
102
103
101
100
100
100
101
103
105
105
105
106
105
106
104
106
104
102
103
103
104
105
106
107
108
105
104
101
101
101
102
101
99
102
103
106
108
105
104
104
104
106
105
103
104
106
106
107
108
108
111
109
108
109
110
111
113
112
112
111
111
110
109
107
102
101
101
103
105
105
106
105
104
104
106
106
104
103
102
103
105
105
105
105
107
108
108
112
111
112
113
113
111
110
107
107
110
108
107
107
106
105
105
107
109
108
106
105
107
106
108
109
110
109
108
107
106
106
108
107
106
104
103
106
105
105
108
105
105
106
104
103
102
101
101
102
102
102
105
108
105
109
109
108
110
111
111
108
105
107
107
105
103
107
106
107
108
107
107
105
102
104
104
106
108
109
108
105
108
106
103
109
108
108
109
111
108
107
107
107
106
110
109
106
106
106
105
105
106
105
104
105
107
108
107
107
109
108
110
108
107
108
106
105
108
107
106
105
105
104
104
102
102
98
98
100
97
99
98
100
100
97
96
97
96
100
100
100
101
97
98
97
100
101
102
98
98
101
100
97
100
99
99
100
99
98
96
97
96
97
97
98
99
98
101
98
96
98
101
98
97
97
96
95
98
96
99
102
102
100
99
101
104
103
102
97
94
93
90
91
94
96
93
93
98
96
96
95
94
94
96
99
99
101
101
102
98
99
97
96
97
96
95
93
92
91
95
96
95
97
100
101
103
104
102
103
103
104
105
105
104
105
106
106
106
106
107
106
105
105
106
108
106
106
106
108
111
109
106
108
110
111
108
107
110
107
106
106
107
104
105
106
106
105
102
103
104
105
106
103
105
108
108
108
110
110
109
108
107
106
106
106
106
103
102
102
105
105
106
104
100
100
99
97
97
99
99
98
102
104
104
98
100
98
98
99
98
96
94
91
90
88
89
88
88
86
90
92
92
89
91
90
90
91
94
92
91
86
89
89
90
91
90
90
92
93
96
95
95
98
100
99
100
101
102
101
103
99
101
102
101
101
97
96
98
100
102
103
102
101
102
101
99
102
103
105
104
105
108
106
106
101
99
100
100
99
99
99
100
98
99
101
101
100
103
102
103
99
97
98
100
102
102
104
106
102
101
105
102
101
100
99
99
97
95
99
100
99
99
101
106
106
104
104
102
102
102
106
107
111
112
111
111
112
110
107
106
106
105
102
99
98
100
100
100
103
103
102
104
103
105
102
99
100
103
101
103
104
103
103
105
100
97
96
99
99
100
98
103
104
100
98
99
100
101
100
101
101
102
102
104
104
106
106
105
103
101
105
106
106
106
105
105
109
110
111
107
107
107
109
109
111
111
110
109
110
110
108
107
107
107
109
110
112
112
111
110
111
110
108
107
