100
98
100
99
99
98
99
99
99
99
99
100
101
103
104
103
105
105
103
106
108
107
105
106
104
104
106
107
107
108
106
106
108
109
110
110
111
111
113
114
115
113
113
109
107
107
105
104
106
106
106
105
104
102
105
107
108
107
106
108
105
107
108
107
109
110
109
109
108
109
110
111
108
105
106
105
107
106
108
109
109
109
109
108
108
110
110
110
113
109
105
107
108
109
108
106
104
103
101
102
100
99
97
100
99
100
98
99
100
99
101
102
99
101
102
105
105
105
107
108
108
108
108
107
105
105
104
105
104
107
107
106
108
108
108
108
107
109
108
108
108
110
107
107
106
108
109
108
108
108
106
108
107
107
109
105
104
101
102
107
106
105
107
105
107
105
104
103
103
102
101
102
98
95
93
94
96
98
100
97
97
98
98
98
98
99
98
96
96
98
98
99
98
95
95
96
94
92
90
91
93
95
95
93
97
97
96
98
97
99
102
103
103
100
100
100
102
105
105
103
100
100
101
103
98
98
100
100
106
106
107
108
106
107
106
101
100
100
99
101
101
100
101
105
107
106
106
106
106
106
109
106
104
103
108
108
105
107
107
106
103
105
102
104
104
103
102
103
106
104
103
104
100
102
102
107
105
107
109
111
110
111
111
112
112
112
108
109
108
111
108
107
104
105
104
107
106
108
108
108
108
108
108
105
104
105
104
104
104
103
102
105
106
106
106
108
110
108
108
108
105
108
109
109
106
106
102
103
102
100
101
100
99
102
100
99
100
99
100
101
99
99
97
97
97
97
93
93
92
93
94
93
90
89
89
89
84
82
84
82
85
86
89
86
88
88
85
85
85
86
84
84
83
83
82
83
85
86
84
83
80
81
85
86
81
80
82
84
87
88
87
88
88
88
89
88
90
89
92
88
89
89
90
89
91
89
93
96
99
100
102
101
101
100
97
96
96
96
94
94
94
95
94
94
94
96
94
96
95
96
99
99
100
99
95
95
94
91
93
95
94
95
90
86
86
86
85
87
87
84
83
84
86
87
90
90
88
86
87
90
89
88
90
90
90
89
88
92
94
96
95
95
94
95
100
98
100
100
102
105
104
102
99
100
99
98
98
99
100
98
98
99
102
101
101
100
99
99
99
95
97
98
97
97
98
98
100
98
98
102
102
100
100
100
99
100
101
100
102
102
102
104
103
102
101
101
100
101
101
97
98
95
93
93
99
100
100
100
100
104
107
109
109
106
108
108
107
108
107
109
109
105
105
107
107
107
107
105
104
105
106
113
110
108
109
107
106
105
107
107
107
107
109
111
109
109
107
105
103
103
106
103
106
107
107
108
106
105
103
102
101
101
103
105
107
105
107
105
102
103
101
101
100
102
104
103
104
104
105
105
102
105
106
103
103
103
104
105
104
104
106
106
104
105
103
104
104
103
101
103
102
101
100
100
102
100
99
100
101
105
106
105
103
102
100
100
98
100
101
101
99
96
92
92
90
91
94
93
93
89
88
86
87
89
88
85
84
83
82
82
84
81
80
80
80
82
82
83
84
82
84
86
91
90
91
88
87
84
83
82
82
83
84
84
80
80
81
79
80
80
81
82
88
87
88
89
89
90
90
92
94
94
93
95
96
93
92
91
90
90
89
91
91
91
95
96
99
97
99
99
101
99
96
96
94
90
95
98
96
94
93
91
90
88
90
91
95
92
94
93
99
100
101
102
99
97
100
100
100
97
94
94
92
91
89
90
90
91
94
93
91
92
93
91
95
97
96
99
100
101
99
97
95
97
96
97
96
99
100
100
100
101
102
102
102
102
101
103
103
107
106
105
105
105
108
108
109
105
105
104
103
101
100
103
104
102
103
104
104
103
105
105
105
104
102
102
100
99
102
103
101
104
102
101
102
101
99
99
100
101
105
106
104
103
101
100
100
100
99
98
100
99
102
100
100
98
101
102
102
101
100
99
102
102
103
100
99
101
105
104
103
106
107
111
112
112
111
111
110
110
108
108
107
107
108
109
109
108
104
105
104
102
101
103
104
105
104
105
105
101
100
100
100
99
96
96
97
96
94
93
92
92
96
102
100
100
96
96
94
95
97
100
101
104
107
105
106
104
102
106
103
104
103
102
102
101
100
101
102
105
105
105
103
102
104
107
107
107
108
106
111
111
109
104
105
107
105
104
105
107
106
105
105
108
111
111
108
109
108
107
105
102
106
105
105
107
108
109
109
107
108
113
112
110
113
110
108
105
106
104
104
105
106
104
108
105
104
103
103
100
99
