100
100
101
100
102
103
105
106
105
107
107
109
107
109
111
110
111
110
110
112
114
116
115
112
111
107
106
108
110
111
114
111
109
112
117
117
119
116
118
118
119
113
111
109
108
103
102
103
103
101
102
103
104
103
105
110
113
113
113
111
111
110
105
107
106
106
108
110
109
111
112
116
112
112
113
110
108
107
111
112
113
114
111
111
111
111
110
110
106
104
103
104
108
109
110
107
108
109
114
117
117
116
115
115
113
112
110
114
114
115
115
115
118
118
119
119
122
125
122
124
125
128
129
128
124
122
123
122
122
121
122
117
120
118
120
120
120
118
120
122
122
122
121
118
120
116
120
120
119
120
121
120
120
121
120
122
119
119
122
124
125
124
124
120
119
119
116
116
117
116
116
115
110
112
118
120
120
115
117
118
121
122
121
122
123
127
126
124
119
120
118
118
119
117
119
123
126
128
126
121
120
119
121
120
117
115
118
120
117
119
118
116
116
113
116
115
116
113
112
110
111
108
108
109
111
110
108
110
116
117
116
117
116
119
118
121
119
120
120
121
119
118
119
121
120
117
117
112
114
114
112
114
116
119
119
114
113
115
118
119
119
120
122
121
117
116
114
117
116
119
119
123
124
125
124
123
123
122
122
120
120
119
119
124
127
129
130
127
131
131
126
124
126
125
125
123
125
123
122
123
122
124
123
124
127
128
126
123
127
129
125
127
127
124
123
124
121
121
121
123
119
119
118
119
119
119
120
118
115
112
114
115
112
113
111
108
107
105
109
110
108
107
104
107
107
107
106
110
110
107
108
113
109
108
111
111
109
108
111
108
107
107
106
105
105
108
110
112
111
107
105
107
107
110
112
112
113
109
112
111
111
112
109
108
111
108
108
105
104
104
101
97
101
102
100
100
101
103
102
102
102
104
104
105
103
104
111
106
105
107
108
104
107
110
107
106
109
108
108
107
111
110
110
110
108
108
106
109
107
107
108
113
112
114
117
119
125
123
121
121
123
121
122
122
121
117
119
121
122
125
125
127
127
125
124
116
124
126
127
126
124
124
121
118
120
120
121
121
116
118
122
118
120
122
123
124
126
127
125
123
121
120
119
118
116
117
117
121
123
121
121
122
120
121
120
121
122
121
124
127
126
126
131
129
126
126
122
124
126
125
123
121
121
125
124
121
115
118
118
116
116
117
117
120
118
116
115
116
115
114
115
114
111
113
114
113
112
116
115
112
108
111
110
114
114
117
115
115
113
114
112
112
110
112
113
112
111
110
109
111
111
113
113
110
109
110
110
112
113
113
111
109
110
111
109
108
108
107
107
109
109
108
108
105
109
111
110
109
109
108
108
107
108
105
106
108
111
106
104
105
103
101
103
102
106
106
109
107
108
110
111
106
109
106
106
111
111
109
108
110
107
107
110
114
114
111
111
109
112
110
113
116
118
115
114
113
115
115
115
113
113
112
110
111
111
110
108
108
108
109
108
106
111
110
108
108
109
109
115
116
114
113
114
111
111
114
114
113
112
115
116
115
117
116
120
119
121
119
119
120
121
121
121
121
122
122
123
124
123
124
121
122
123
125
123
122
122
124
123
124
125
120
117
116
118
118
121
119
119
116
116
116
119
118
114
113
115
120
119
119
119
119
115
117
117
116
119
120
121
121
119
111
108
106
102
103
103
104
104
104
103
104
102
101
105
107
108
112
110
111
112
109
111
112
113
111
111
112
116
111
114
111
113
113
112
112
109
111
112
107
109
109
108
112
111
112
114
116
115
119
115
113
116
119
114
114
117
117
120
117
115
114
111
113
113
120
117
117
121
119
118
118
116
117
120
125
120
120
122
122
120
119
116
115
114
114
112
111
113
113
112
113
113
114
116
116
117
114
115
120
120
119
121
119
116
116
116
114
113
114
118
119
117
118
119
118
120
118
117
113
118
119
121
125
124
126
121
123
123
122
122
120
118
115
115
117
116
117
114
114
116
118
118
120
121
125
121
122
127
127
127
126
123
124
125
122
120
120
123
119
120
119
122
120
119
119
118
119
117
117
115
114
115
114
115
111
109
111
113
112
120
119
116
118
117
118
120
117
116
114
114
116
118
118
118
116
118
117
115
115
114
114
111
113
112
114
114
116
114
114
116
115
109
111
110
111
111
106
103
108
107
106
107
106
102
100
97
97
96
99
99
101
102
98
99
99
97
100
102
103
102
103
101
101
102
102
102
101
100
101
100
97
97
97
99
99
100
98
103
104
103
103
101
100
97
97
99
101
102
101
99
