100
97
97
98
100
102
107
108
109
107
110
110
111
111
111
114
112
111
109
110
110
109
111
113
115
113
112
112
110
109
108
110
110
113
116
118
116
115
114
115
116
119
120
122
121
118
118
118
117
119
120
119
121
120
119
115
118
122
121
121
120
123
124
125
124
125
126
127
125
119
119
119
119
121
123
124
122
124
118
119
117
121
119
119
119
118
119
119
116
117
117
121
122
122
123
123
125
122
121
119
119
119
120
121
122
124
122
124
123
126
127
126
127
127
124
125
121
122
123
125
127
128
130
123
125
126
126
126
124
121
119
117
116
115
114
118
117
116
117
121
121
120
120
119
123
124
123
123
121
120
124
123
123
122
121
120
119
120
123
120
118
121
122
121
121
124
120
120
119
121
123
125
124
122
123
119
117
119
118
118
120
121
120
120
120
120
120
119
120
122
124
127
128
127
127
127
126
124
124
122
127
124
125
126
124
127
126
130
131
130
134
131
130
130
128
124
122
124
125
124
123
120
121
120
124
125
125
122
122
122
123
118
118
117
119
121
119
118
116
116
119
116
114
115
118
118
120
124
125
123
118
118
121
121
119
120
122
121
123
125
125
125
123
121
120
118
116
116
115
117
119
123
121
121
124
124
125
123
122
124
125
124
123
125
120
117
123
117
118
117
115
116
118
119
118
116
118
122
122
120
117
113
114
110
110
114
114
114
114
117
119
119
121
122
120
120
119
118
120
119
121
124
125
124
125
123
122
127
130
125
125
128
126
126
124
124
123
123
123
122
120
119
119
120
117
112
112
108
106
110
106
108
109
109
114
121
116
112
107
106
110
110
107
104
102
105
101
104
104
102
101
101
102
104
99
101
99
98
93
90
92
91
90
90
90
87
87
86
87
85
86
87
86
85
85
87
92
93
97
101
98
102
101
103
105
104
102
103
101
101
101
101
101
103
97
96
98
101
101
106
107
108
109
112
112
115
116
114
113
109
110
112
113
118
118
115
115
116
119
117
117
118
117
115
113
118
118
118
116
120
122
122
124
124
126
126
124
125
125
123
125
126
124
125
125
124
122
123
122
122
122
122
121
121
125
125
123
122
122
121
118
117
117
114
115
112
108
109
106
106
107
107
109
108
104
104
107
109
112
111
108
104
104
102
105
105
108
110
107
106
103
105
104
102
102
103
106
106
106
112
114
112
111
107
111
110
109
108
107
106
103
103
103
104
103
103
104
102
101
104
106
106
110
114
117
117
117
114
113
116
113
109
113
112
111
110
110
108
104
104
103
106
106
114
115
117
122
119
120
118
117
119
119
116
113
109
110
110
113
111
112
107
108
108
107
109
108
112
111
111
113
111
111
113
115
114
110
110
112
111
111
107
108
107
105
107
105
106
104
101
107
109
112
114
109
109
111
110
106
109
112
110
111
111
111
107
105
108
108
109
113
111
110
110
109
110
110
110
108
111
110
107
104
105
105
107
107
105
103
101
103
106
105
105
109
108
110
109
109
109
109
106
108
113
113
113
113
114
115
114
113
114
111
108
104
105
104
100
100
98
99
96
93
96
98
97
95
93
97
97
97
95
94
94
94
92
94
94
98
97
99
99
98
100
96
97
93
97
95
94
88
90
87
89
86
86
87
83
78
79
77
77
80
79
79
80
81
82
87
89
93
93
91
93
88
85
84
83
80
79
81
80
80
78
78
83
81
81
79
79
78
80
85
87
88
90
90
87
86
85
87
87
85
83
87
88
87
88
84
84
82
85
84
84
83
86
87
90
89
89
86
89
90
87
84
83
84
83
86
86
85
89
89
88
85
87
90
88
90
90
88
88
89
89
86
83
83
85
81
81
83
85
87
86
86
81
83
82
78
84
87
90
89
91
91
92
95
95
100
100
100
98
97
96
96
96
98
94
92
94
95
97
99
98
102
102
103
103
103
99
98
98
96
95
92
93
91
86
84
85
85
84
84
84
87
87
90
91
92
88
90
89
92
93
89
88
85
85
85
82
82
84
84
86
85
81
82
82
87
86
84
85
85
89
94
91
92
91
93
94
91
88
85
83
81
78
76
75
78
83
84
86
83
82
83
83
83
85
86
88
91
89
91
88
89
85
85
84
88
90
86
85
89
90
86
80
79
76
77
76
75
75
76
79
80
78
76
76
76
76
76
78
76
78
79
76
73
74
74
76
73
75
73
76
79
78
78
79
82
80
79
79
82
81
80
82
81
83
84
85
84
85
83
85
82
82
81
83
83
80
83
82
80
77
77
74
73
73
72
73
72
