100
101
103
106
109
110
112
116
115
111
114
119
119
120
118
115
117
117
118
120
120
117
119
119
117
116
117
119
118
116
118
120
120
120
122
122
121
127
125
124
123
122
125
123
120
119
120
119
121
123
124
124
118
120
120
119
120
123
125
124
124
120
121
122
121
124
120
121
121
119
121
121
119
120
121
121
118
117
115
116
118
117
119
122
123
125
122
122
124
126
127
121
121
121
122
122
121
121
124
123
125
125
122
122
121
125
125
126
123
125
122
126
126
125
124
122
121
122
122
121
123
127
125
126
125
125
123
126
127
126
126
125
125
129
129
126
127
128
127
126
126
124
126
126
127
125
127
128
127
124
124
122
125
123
124
124
124
124
124
122
120
121
120
116
118
120
119
122
124
122
123
123
121
121
124
125
122
120
119
120
116
119
118
119
118
118
115
115
110
111
110
112
111
110
109
110
108
110
112
110
112
112
109
109
111
108
108
112
112
111
114
116
116
115
112
112
114
112
117
119
119
116
115
116
115
115
112
112
112
117
117
119
120
123
123
120
122
118
115
113
110
111
107
107
109
110
112
111
110
109
109
111
108
112
115
114
113
113
114
117
118
118
118
117
118
116
118
116
115
115
114
119
122
121
122
124
121
122
120
121
126
123
126
124
121
122
120
122
125
124
125
123
124
123
122
124
123
121
122
118
118
118
116
118
120
120
126
126
125
124
123
125
126
126
126
125
124
122
125
126
124
123
122
124
126
126
129
127
128
128
128
128
129
130
131
131
131
129
129
128
126
126
126
126
125
126
126
126
125
125
127
132
130
129
127
130
129
129
130
132
129
132
126
121
122
122
126
125
123
124
119
120
119
120
118
121
123
121
122
124
123
121
123
121
123
123
120
117
113
113
115
115
114
115
112
110
113
114
115
115
114
116
116
119
117
119
121
120
117
117
116
115
121
121
123
122
119
122
121
119
116
112
111
111
111
114
118
120
118
122
121
118
117
115
116
118
121
121
119
119
119
117
123
126
123
125
124
122
122
119
117
115
115
119
120
120
121
119
118
121
122
122
124
121
121
120
125
126
125
124
121
123
124
123
123
120
122
122
121
123
123
125
126
123
126
122
119
120
123
121
120
120
121
121
119
118
119
118
122
121
119
125
124
123
123
125
124
125
124
127
124
125
124
123
124
123
121
122
124
124
123
123
124
120
117
119
118
115
115
119
117
119
121
120
121
126
126
127
123
122
123
123
125
124
124
123
123
125
123
123
123
120
122
122
122
125
124
122
120
120
119
121
125
126
126
127
125
123
121
125
124
121
122
122
121
123
127
129
130
130
130
129
127
127
126
125
126
127
129
128
128
127
129
127
125
124
124
125
124
124
123
125
125
124
127
127
125
122
122
125
131
131
127
128
127
124
124
124
121
122
123
122
121
122
119
123
123
119
121
124
126
126
121
120
120
119
118
124
123
122
122
120
121
118
118
117
116
114
113
112
116
117
120
121
121
119
120
117
118
118
115
115
111
107
111
114
111
111
113
114
112
106
112
113
115
115
112
110
109
110
110
110
107
109
109
107
104
102
104
104
103
106
108
107
108
112
111
113
112
115
118
118
118
116
119
119
118
115
114
115
113
113
115
115
115
117
118
116
116
119
122
123
123
127
126
128
128
127
127
124
122
119
122
122
121
121
120
116
117
121
121
119
120
122
125
123
118
117
117
117
120
123
124
122
121
122
124
123
125
125
124
124
122
124
119
118
119
122
121
122
123
123
122
121
124
126
124
127
124
120
120
122
122
128
126
123
119
121
122
125
122
120
118
115
115
115
116
114
115
116
115
115
118
116
117
117
117
115
116
120
117
118
123
119
118
120
117
117
115
114
114
116
116
113
113
114
113
114
110
115
114
115
113
115
116
117
117
114
112
112
109
108
104
102
102
109
108
109
104
107
108
109
110
111
109
110
109
110
109
112
110
107
110
109
110
112
110
109
106
110
107
106
109
107
105
107
107
106
103
102
104
104
109
113
113
113
113
114
113
117
115
113
114
111
111
113
115
112
112
112
113
113
114
123
124
124
123
121
122
121
122
120
118
116
119
116
118
118
116
115
114
114
114
113
114
116
117
116
116
119
122
123
125
123
123
124
122
121
121
119
118
116
118
118
118
121
121
121
120
118
122
123
122
117
118
119
117
118
117
115
118
118
115
115
117
119
123
124
127
128
124
123
123
125
126
122
124
122
121
122
123
126
127
125
125
126
124
124
125
124
127
126
125
122
123
122
119
118
122
120
117
