100
96
95
92
90
90
90
90
92
96
95
94
93
89
90
88
89
89
92
92
94
96
95
96
97
96
95
97
97
94
96
97
97
94
94
94
94
95
90
91
90
91
94
91
91
88
92
92
92
93
91
90
89
86
86
87
86
83
84
84
83
82
83
80
80
76
74
77
77
74
76
73
73
72
75
76
76
77
79
75
74
77
76
77
75
75
75
70
71
71
68
71
68
71
71
72
69
67
72
72
71
68
73
72
69
64
67
68
66
65
64
64
66
69
67
67
67
68
71
74
73
69
68
67
67
66
67
66
67
67
65
66
66
64
63
65
69
67
67
67
64
68
66
66
65
66
63
63
59
61
61
63
63
64
63
62
65
65
66
67
66
67
67
68
68
69
68
69
70
70
69
70
68
67
65
62
66
65
67
70
71
68
67
69
69
71
66
67
65
66
68
69
70
70
75
75
73
70
74
76
75
75
76
76
76
77
75
75
75
75
76
72
73
73
69
69
70
72
76
77
78
78
79
78
78
77
76
77
77
75
76
77
79
77
75
74
73
71
72
75
77
77
80
80
83
86
89
92
90
88
87
87
87
89
88
86
88
89
88
86
83
85
84
82
81
82
82
86
88
92
91
91
88
91
90
87
84
85
87
88
88
87
89
87
85
87
86
85
86
85
80
84
85
87
88
89
86
84
83
83
79
83
85
86
86
85
87
88
88
89
91
93
93
93
91
91
87
86
88
90
88
87
84
82
82
80
80
87
86
86
85
83
85
84
86
86
86
85
81
83
84
84
85
85
80
82
81
81
82
81
83
87
90
91
90
88
89
92
93
92
92
93
93
94
92
91
90
91
92
90
89
89
89
88
92
92
91
95
98
97
100
102
104
105
104
102
101
99
102
103
101
99
97
96
98
93
92
94
97
95
94
96
97
97
98
97
97
95
97
97
99
101
100
102
100
99
95
92
92
92
92
90
91
90
89
88
88
86
89
88
89
90
93
91
90
95
95
92
92
93
94
96
94
94
94
95
93
93
94
94
93
92
95
96
97
96
98
98
100
99
101
95
95
94
97
97
97
98
97
96
95
94
94
93
95
95
98
99
97
99
96
98
100
100
99
99
97
94
97
96
96
95
98
99
98
97
99
99
102
103
99
99
100
100
101
97
95
93
93
93
92
92
93
93
93
93
93
94
97
98
101
101
101
103
102
102
103
100
99
99
101
97
97
100
98
99
98
96
97
95
95
93
94
96
92
92
94
97
98
98
99
100
98
97
91
90
89
89
95
91
89
88
90
91
90
89
90
91
91
94
98
105
105
107
101
102
101
99
97
96
95
95
94
93
91
92
89
88
87
88
89
89
90
92
96
96
99
102
101
100
100
98
94
95
92
94
92
92
91
90
90
88
89
93
94
91
85
84
82
80
82
86
86
84
83
83
80
78
79
83
81
82
80
77
75
77
75
72
73
73
75
77
78
78
78
78
74
73
75
78
76
76
76
77
77
76
72
74
74
74
74
73
69
70
73
76
77
78
79
79
79
79
76
77
74
72
71
71
72
72
71
72
74
73
74
73
72
71
71
72
71
72
74
75
78
78
79
80
79
82
84
84
85
84
81
81
80
79
76
76
74
70
70
71
71
73
77
77
77
76
76
74
73
76
72
73
74
74
72
69
69
68
68
71
70
66
63
65
65
65
63
67
68
68
68
68
67
65
67
66
67
65
66
66
63
63
63
66
64
66
65
68
64
62
64
67
68
67
66
66
67
69
71
70
67
67
65
66
65
62
65
60
62
62
63
65
68
72
73
73
69
71
74
71
73
72
73
73
74
71
69
67
67
64
64
67
67
64
69
72
75
74
73
73
74
74
74
71
65
61
60
61
61
59
58
58
58
57
55
58
57
62
62
63
64
61
61
60
60
58
58
57
56
52
55
52
53
53
50
50
51
50
48
48
49
49
50
50
53
56
55
53
53
53
53
51
48
47
45
45
45
44
42
40
42
44
46
47
44
43
45
50
50
52
53
51
50
53
52
51
46
47
48
48
47
47
46
49
50
52
54
53
54
58
63
61
59
60
58
58
59
57
54
53
54
54
52
50
48
50
51
53
53
57
56
57
59
58
61
60
62
66
62
61
59
57
54
55
56
53
52
54
55
54
55
57
57
58
57
58
60
63
66
66
65
65
65
63
63
60
59
58
55
54
52
52
52
55
56
56
57
61
61
64
62
64
62
65
63
60
61
57
57
56
53
52
52
51
52
54
53
54
57
57
56
57
56
59
60
62
63
