41    14    72    21    37    71    
31    4    11    28    21    16    
44    40    27    34    43    
51    6    50    13    58    62    65    
31    1    46    16    38    
33    22    42    72    71    39    
7    51    3    10    76    65    
51    6    73    11    10    19    
61    24    23    50    88    19    
35    95    34    54    78    55    
7    11    75    6    76    
1    31    73    7    10    75    28    
20    14    41    83    82    93    60    
3    50    32    58    80    23    
0    41    71    12    20    39    
90    45    48    89    26    59    
22    21    1    4    17    38    
16    22    33    95    94    57    38    
59    48    39    42    97    96    30    
50    51    8    88    7    73    56    
61    26    59    12    14    60    39    
1    28    22    16    0    72    37    
16    21    17    72    33    5    
8    24    50    53    80    13    
8    61    23    53    60    92    
30    49    69    98    91    32    
89    15    61    59    20    
40    83    2    34    82    70    78    
1    11    75    21    74    37    
98    49    90    45    67    85    99    
55    69    25    49    48    18    96    
1    4    11    73    56    46    66    
58    13    91    25    69    80    79    
17    95    22    5    42    54    97    
2    27    35    9    43    78    
9    95    94    34    43    77    
46    47    38    57    87    
0    21    28    74    40    41    
17    57    36    16    4    46    
59    20    14    71    5    42    18    
41    83    44    74    27    37    2    
0    14    40    83    37    12    
33    5    39    18    97    
34    2    35    44    68    77    
40    74    2    76    68    43    
90    15    29    89    56    67    66    
31    4    66    47    36    38    
85    67    66    46    36    87    86    
30    49    18    90    15    59    
25    30    48    29    98    90    
3    13    51    8    23    19    
7    6    3    50    19    
69    79    81    70    78    55    
23    24    80    79    81    92    
9    95    33    97    96    55    
54    9    96    78    52    69    30    
73    31    45    89    88    19    66    
17    94    63    64    77    38    36    87    
91    84    3    13    32    62    
15    26    48    39    18    20    
93    12    61    24    20    92    
89    26    8    24    88    60    20    
58    84    3    65    64    86    
76    65    68    64    57    77    
63    57    65    62    87    86    
63    76    3    62    64    6    
45    56    67    31    46    47    
29    45    85    47    66    
63    76    44    43    77    
55    30    25    52    32    79    
82    27    81    52    78    
0    14    72    5    39    
0    21    22    71    5    
31    56    11    7    19    
44    40    28    75    37    76    
10    11    28    74    76    
10    6    75    74    44    65    63    68    
94    35    43    63    57    68    
70    27    34    9    52    55    
52    81    53    80    69    32    
32    13    23    53    79    
79    53    92    93    82    70    52    
27    83    12    93    70    81    
41    40    27    82    12    
58    91    62    99    85    86    
67    29    47    99    84    86    
85    47    87    84    62    64    
36    57    64    47    86    
89    61    8    56    19    
15    45    56    26    61    88    
15    45    29    49    48    
25    98    58    84    32    99    
60    24    93    53    81    
12    82    92    60    81    
35    95    17    57    77    
9    35    17    33    94    54    
97    18    54    30    55    
18    42    96    54    33    
29    49    25    91    99    
98    29    85    84    91    
