78    69    81    19    74    9    
56    31    78    91    96    16    19    
26    10    83    89    50    4    20    
25    24    33    51    38    
26    2    32    12    20    
54    13    27    34    92    40    
28    15    64    80    98    99    18    
21    35    11    30    95    
81    82    27    28    63    44    9    
28    15    74    8    81    0    
26    75    2    19    16    50    
35    7    45    73    95    94    23    
32    4    20    62    58    57    18    
44    45    27    53    54    5    
94    70    48    95    24    25    30    
28    9    6    74    75    32    18    
31    84    1    19    10    50    
56    31    87    80    86    43    71    79    
32    12    57    39    99    15    6    
10    75    74    16    78    1    0    
4    12    62    89    2    55    
35    7    42    76    41    47    30    
46    49    59    85    86    37    
71    70    94    73    11    72    
48    36    33    14    25    3    
38    29    30    14    24    3    
10    75    2    4    32    
44    13    5    40    82    8    
9    15    6    64    63    8    
38    25    67    41    30    
41    29    25    21    7    95    14    
56    17    86    84    16    85    1    
4    12    75    15    26    18    
40    68    3    24    36    51    93    
54    55    88    65    5    92    51    
21    7    11    45    53    47    
90    69    68    48    24    97    33    
39    87    86    22    46    57    
51    3    66    65    25    29    67    
98    99    87    37    57    18    
68    82    27    5    92    33    93    
42    21    29    67    52    30    
46    49    52    76    21    41    
56    17    96    48    70    71    97    
13    45    27    73    63    8    
13    44    11    35    73    53    
49    42    22    76    77    37    57    
35    21    76    53    61    77    58    
43    70    36    24    97    14    
42    52    46    22    59    
10    2    83    60    59    84    16    
65    34    92    33    3    38    93    
42    41    49    67    59    60    
54    13    45    35    61    47    
55    34    61    53    13    5    
54    34    61    88    89    62    20    
17    31    43    96    1    
77    46    37    39    58    12    18    
62    12    57    77    61    47    
49    22    52    50    84    60    85    
83    66    50    59    52    67    
55    54    58    62    53    47    
20    12    55    61    58    
28    64    73    44    8    72    
28    63    6    80    79    72    
88    34    51    83    66    38    
83    60    65    38    67    
29    38    41    52    60    66    
82    69    36    40    33    
82    68    81    90    91    78    36    0    
43    48    71    14    94    23    
43    17    70    79    23    72    
79    71    23    64    63    73    
44    63    11    45    23    72    
9    15    75    19    0    
10    26    74    15    19    32    
42    21    46    77    47    
76    46    47    57    58    
91    1    69    19    0    
64    80    17    71    72    
64    6    87    17    98    79    
82    69    8    9    0    
68    69    81    40    27    8    
89    2    66    60    50    65    88    
59    50    16    31    85    
59    84    22    86    31    
17    31    87    85    22    37    
17    80    98    86    39    37    
55    34    89    65    83    
83    2    20    55    88    
97    91    69    36    
78    1    97    90    69    96    
5    34    40    51    93    
40    92    33    51    
95    11    14    70    23    
11    7    94    30    14    
43    56    91    97    1    
90    36    48    91    96    43    
87    80    6    99    39    
98    6    39    18    
