7    14    21    58    19    25    
64    2    52    22    5    13    
64    8    39    46    1    13    
21    7    22    5    92    44    
88    89    8    97    61    67    
63    64    57    7    1    22    3    
28    20    86    51    84    48    81    
57    14    5    3    21    0    
64    2    89    39    4    61    
16    24    50    36    53    
26    18    70    32    69    60    
31    34    19    38    68    58    
95    94    78    14    91    25    55    
46    2    1    52    24    
57    7    78    12    0    25    
59    65    28    62    45    49    
51    48    47    50    83    24    9    
58    68    44    69    73    76    
43    90    26    74    70    10    
34    33    11    58    0    25    
59    28    6    81    60    
3    7    44    58    0    
1    52    5    3    92    23    
22    52    92    37    93    53    
53    52    13    46    83    16    9    
12    14    0    95    19    33    
69    73    74    18    10    
36    50    71    85    72    66    
59    15    20    6    86    49    
30    40    82    46    39    99    98    62    
34    35    40    29    82    47    
38    84    11    34    35    
54    59    55    70    10    60    
34    40    56    95    19    25    
33    40    31    35    30    19    11    
34    31    30    48    47    84    
42    37    9    50    71    53    27    
42    41    93    23    36    53    
84    31    11    68    69    81    
29    62    8    2    46    61    
33    34    56    30    29    99    
87    75    79    42    37    93    
79    80    41    37    36    96    71    
18    90    77    88    80    74    
21    58    17    3    92    75    76    
67    61    62    66    49    15    
39    29    2    13    24    82    83    
82    83    48    35    30    16    
51    16    84    6    47    35    
15    28    86    66    45    
16    51    85    9    36    27    
16    48    6    50    85    86    
1    22    53    24    13    23    
52    24    9    23    37    36    
59    65    56    94    55    32    
54    94    12    91    70    32    
95    94    33    40    98    65    54    99    
7    14    77    63    5    78    
17    68    21    44    11    19    0    
65    15    28    20    54    32    60    
10    32    59    20    81    69    
4    8    39    62    67    45    
29    39    15    65    98    61    45    
64    5    89    57    77    88    
63    5    8    2    89    1    
59    15    56    98    54    62    
67    72    86    49    85    45    27    
61    4    97    72    66    45    
58    17    11    69    38    
26    73    17    68    38    81    10    60    
55    91    18    90    32    10    
36    42    96    72    27    
97    96    67    71    66    27    
26    69    17    76    87    74    
26    73    87    18    79    43    80    
44    92    76    87    41    93    
44    75    17    73    87    
57    63    43    90    88    78    
57    14    12    91    77    90    
74    87    80    41    42    
88    43    74    79    42    97    96    
38    69    84    6    20    60    
46    29    83    47    30    
16    24    47    82    46    
6    48    38    31    81    35    
50    51    86    66    27    
6    28    51    49    66    85    
76    75    73    74    79    41    
43    80    77    63    89    4    97    
64    63    8    88    4    
18    43    77    78    91    70    
78    12    90    55    70    
75    44    93    3    22    23    
41    37    23    92    75    
12    95    56    54    55    
12    94    56    33    25    
97    72    42    80    71    
88    80    4    96    72    67    
56    65    99    29    62    
56    40    98    29    
