8.660254037844384856e-01
8.660254037844385966e-01
8.660254037844384856e-01
8.247860988423223461e-01
7.802030664724671771e-01
7.157234742020153195e-01
6.819097667594005152e-01
6.713375223135182868e-01
6.462876147645064684e-01
6.230398588377255020e-01
6.275546404235062825e-01
6.142024140315167635e-01
6.098770449186186049e-01
5.851522998543503551e-01
5.660296756761036274e-01
5.551444896054094080e-01
5.516085374423175258e-01
5.064476045523031988e-01
4.758381339474936911e-01
4.631151891895393113e-01
4.464048473115662108e-01
