8.660254037844388186e-01
8.327167344081138900e-01
8.018753738744800463e-01
7.732369676646773105e-01
7.339198337156260799e-01
7.098568883479003944e-01
6.713375223135182868e-01
6.462876147645063574e-01
6.367833851356164976e-01
5.931680847838620707e-01
5.697535551213410709e-01
5.446700652732316961e-01
5.248638810814778566e-01
5.154913117764515773e-01
5.064476045523031988e-01
4.948716593053933965e-01
4.758381339474938021e-01
4.582144993568457725e-01
4.396068039514915982e-01
4.224514164802139482e-01
3.972593595341460948e-01
