8.660254037844384856e-01
8.327167344081138900e-01
8.574508948360778371e-01
8.327167344081141120e-01
7.530655685082073836e-01
6.984075836971277429e-01
6.661733875264913562e-01
6.367833851356164976e-01
6.142024140315167635e-01
6.142024140315166525e-01
5.931680847838619597e-01
5.931680847838619597e-01
5.812251032110324900e-01
5.773502691896257311e-01
5.379039775058623851e-01
5.064476045523031988e-01
5.035031417351386596e-01
4.732379255652669481e-01
4.373865675678982323e-01
4.163583672040569450e-01
3.972593595341460948e-01
