8.660254037844388186e-01
8.490445135141552191e-01
8.747731351357965757e-01
8.747731351357965757e-01
8.836993916167739105e-01
8.574508948360779481e-01
7.945187190682921896e-01
7.945187190682920786e-01
7.465736239521020279e-01
6.873217490352686587e-01
6.661733875264912452e-01
6.367833851356166086e-01
5.891329277445159773e-01
5.773502691896256200e-01
5.773502691896256200e-01
5.697535551213410709e-01
5.773502691896256200e-01
5.735267574731380824e-01
5.481173441673661273e-01
5.154913117764515773e-01
4.920598885138854905e-01
