0 0 0 0 0 30 43 25 1 1 0 0 0 0 0 0 0 0
0 0 0 0 0 25 53 21 2 0 0 0 0 0 0 0 0 0
0 0 0 0 2 26 47 26 2 0 0 0 0 0 0 0 0 0
0 0 0 0 1 34 43 28 4 0 0 0 0 0 0 0 0 0
0 0 0 0 0 31 51 25 3 0 0 0 0 0 0 0 0 0
0 0 0 0 2 31 50 31 2 0 0 0 0 0 0 0 0 0
0 0 0 0 1 30 57 26 3 0 0 0 0 0 0 0 0 0
0 0 0 0 1 32 57 30 2 0 0 0 0 0 0 0 0 0
0 0 0 0 1 35 56 33 2 0 0 0 0 0 0 0 0 0
0 0 0 0 0 28 77 26 1 0 0 0 0 0 0 0 0 0
0 0 0 0 1 29 69 29 1 0 0 0 0 0 0 0 0 0
0 0 0 0 3 27 72 27 3 0 0 0 0 0 0 0 0 0
0 0 0 0 1 26 86 24 2 0 0 0 0 0 0 0 0 0
0 0 0 0 2 27 82 27 2 0 0 0 0 0 0 0 0 0
0 0 0 0 4 29 78 31 3 0 0 0 0 0 0 0 0 0
0 0 0 0 1 34 87 32 2 0 0 0 0 0 0 0 0 0
0 0 0 0 1 37 85 27 6 0 0 0 0 0 0 0 0 0
0 0 0 0 3 29 99 31 2 0 0 0 0 0 0 0 0 0
0 0 0 0 2 32 110 23 5 1 0 0 0 0 0 0 0 0
0 0 0 0 2 39 104 32 4 1 0 0 0 0 0 0 0 0
0 0 0 0 4 42 93 44 3 0 0 0 0 0 0 0 0 0
