100
99
99
101
101
96
98
97
99
100
101
98
97
97
95
98
98
102
104
105
102
104
103
103
97
96
97
98
98
100
98
99
99
97
99
102
102
105
106
106
106
107
107
105
105
102
105
104
104
102
102
97
100
99
99
102
102
105
103
106
103
104
104
99
103
101
102
102
98
94
95
92
91
92
95
98
98
100
97
98
96
96
98
99
98
97
98
96
95
96
94
91
89
88
86
88
88
88
87
89
87
86
89
91
92
93
96
96
96
98
100
101
98
93
92
94
90
90
95
94
90
88
88
88
88
89
89
94
93
93
94
93
96
99
101
101
96
94
92
90
90
89
89
87
87
90
90
92
86
86
84
84
85
85
85
87
84
84
87
90
89
90
89
83
83
82
81
81
79
80
81
81
79
81
80
83
87
88
89
89
91
91
89
92
94
94
95
93
95
92
93
95
94
94
98
99
101
105
106
103
105
108
110
109
109
107
104
105
106
104
105
105
106
102
101
103
101
103
103
99
99
101
103
103
103
103
105
105
102
102
102
103
100
100
100
102
100
102
101
102
102
105
102
101
102
105
107
108
107
107
109
114
108
107
108
106
105
106
105
104
104
100
102
101
102
104
100
97
95
98
103
102
101
99
94
95
96
95
98
98
98
94
91
92
90
92
90
93
97
97
94
94
96
99
98
93
93
96
98
95
93
93
92
90
91
90
91
90
91
90
88
90
90
89
88
93
94
91
89
93
95
98
99
98
97
97
98
96
96
95
94
96
98
100
98
102
101
106
107
109
110
108
111
109
108
107
104
101
102
103
101
103
103
106
109
110
108
110
108
111
109
109
112
110
106
106
105
103
100
101
102
103
104
105
101
100
101
97
100
102
101
101
103
107
109
110
112
108
109
112
108
106
105
109
109
107
108
108
108
111
111
108
107
107
111
111
115
115
114
113
109
111
113
109
110
109
110
110
111
108
106
109
113
114
114
114
114
111
115
119
119
116
119
122
123
123
124
123
121
123
120
117
111
111
111
107
108
110
105
105
103
102
102
100
103
107
107
109
108
108
106
108
110
111
107
105
107
105
107
106
106
106
107
103
108
105
107
107
105
106
107
106
106
101
102
100
102
102
101
98
93
93
94
93
94
91
94
94
96
98
98
97
95
94
95
96
94
93
92
86
85
85
84
85
88
84
81
80
77
78
78
79
78
76
79
79
80
80
81
80
77
81
82
81
78
77
79
78
78
79
76
74
75
74
73
73
72
72
71
68
70
68
72
71
72
69
70
73
76
76
77
76
74
70
67
66
64
66
66
66
65
65
69
68
70
68
68
69
71
74
74
73
75
75
77
74
75
74
74
74
74
72
74
75
72
73
72
73
70
72
73
74
74
76
78
79
81
83
82
82
76
73
71
74
73
73
71
74
74
73
75
72
72
73
78
80
79
80
81
79
79
81
79
77
79
78
78
79
82
84
82
81
83
83
82
82
81
85
84
85
81
75
73
74
74
74
74
73
73
71
71
71
68
70
70
73
75
76
76
80
81
80
83
84
83
83
80
80
79
79
80
81
80
81
84
85
84
82
81
84
91
86
87
87
85
86
85
86
83
83
80
80
81
80
81
80
79
84
83
84
87
90
91
91
95
97
96
96
95
96
100
97
97
96
93
93
94
93
91
90
90
86
87
89
91
96
93
93
99
102
104
106
107
111
108
103
101
99
100
98
97
94
90
89
88
87
85
87
87
88
86
88
88
95
96
101
101
98
91
92
88
89
87
87
84
84
81
83
80
78
82
81
83
84
86
90
88
89
91
93
92
92
88
86
84
85
86
88
87
88
86
87
85
85
87
85
88
90
90
95
93
97
94
96
95
95
93
93
90
92
89
87
89
84
87
89
90
88
88
89
88
90
91
94
96
96
97
94
93
91
92
90
89
90
91
90
89
92
94
96
97
97
102
100
97
95
95
94
95
93
94
93
93
97
98
99
97
97
96
92
95
97
93
98
101
100
99
99
98
104
103
104
105
105
108
113
109
104
101
100
101
99
100
98
96
99
99
100
103
99
97
96
96
92
91
92
94
93
94
93
91
92
89
88
87
89
89
89
86
90
92
91
92
91
92
93
93
93
91
94
96
97
97
95
97
95
89
89
88
86
84
81
82
84
81
82
85
86
84
86
90
88
86
89
87
86
84
86
82
83
82
83
82
84
82
84
83
84
85
87
89
91
91
90
91
91
91
90
88
84
80
80
77
75
75
76
77
78
76
73
76
74
74
74
73
75
79
78
76
75
72
