100
103
102
102
100
104
104
111
120
120
120
117
117
118
117
117
116
114
115
114
112
115
115
115
114
112
112
112
112
115
115
117
114
118
118
121
122
120
119
119
121
121
122
119
116
115
117
116
117
115
118
109
107
110
111
109
111
116
117
116
118
118
113
113
111
107
108
107
104
102
101
100
102
105
107
107
104
108
111
111
109
110
105
106
105
106
108
108
108
104
105
105
101
99
102
104
107
108
104
105
104
106
106
105
103
104
104
104
104
106
106
106
109
105
107
104
102
100
100
100
102
105
100
101
98
100
98
98
95
93
96
95
96
95
92
88
89
87
84
83
82
81
83
87
89
88
93
89
85
83
83
84
85
84
82
81
82
89
90
90
91
89
92
91
87
87
89
88
93
97
94
93
95
94
92
91
88
89
89
90
88
88
86
86
86
85
84
85
86
90
89
90
90
92
89
90
92
89
90
93
94
96
94
91
91
89
86
82
82
81
83
86
84
83
82
83
83
86
85
83
87
90
88
86
87
89
87
82
83
84
84
80
81
83
86
84
84
89
90
90
91
89
87
87
89
92
93
92
91
92
90
86
87
89
91
93
94
102
101
101
101
99
97
97
100
100
100
100
101
105
101
96
95
93
92
93
94
95
96
98
99
100
103
102
104
108
106
105
104
106
110
109
112
114
112
107
105
106
104
103
105
106
106
104
107
108
108
106
108
112
114
114
114
117
114
114
118
114
112
112
110
109
108
108
108
106
107
108
105
108
109
108
111
108
111
115
114
114
112
109
110
112
113
113
109
105
105
103
103
104
105
106
103
108
109
109
110
111
111
110
107
110
106
99
97
98
98
98
99
100
103
100
100
100
100
101
99
100
102
105
104
103
105
107
103
100
99
99
95
95
95
94
93
96
99
96
97
95
98
97
99
98
98
101
99
104
105
101
101
97
98
98
97
92
98
98
100
98
98
95
94
95
96
97
95
97
98
97
90
91
92
94
93
91
91
86
83
83
87
87
86
86
88
87
90
93
91
93
93
91
91
92
94
95
95
96
96
94
93
92
89
93
90
91
89
94
93
95
95
94
93
95
93
96
94
90
87
88
86
86
84
83
82
83
81
81
82
81
75
77
79
80
79
83
86
86
86
84
87
84
87
86
85
84
83
85
80
80
80
83
84
85
90
88
89
91
93
91
89
90
90
85
87
87
86
85
84
84
84
86
82
82
81
83
85
85
87
86
89
92
91
96
97
99
95
95
98
97
95
92
93
90
91
88
81
79
79
79
80
79
77
76
78
76
80
79
86
86
89
91
90
91
88
86
90
89
91
88
87
85
88
87
87
86
87
87
88
87
92
95
96
97
96
92
90
91
87
85
83
83
81
82
81
79
79
76
74
72
76
76
81
81
83
83
84
86
87
92
91
91
92
89
87
84
87
89
87
86
86
83
83
86
85
87
87
87
87
85
90
91
95
95
93
93
95
92
92
91
92
91
90
93
92
92
92
94
94
95
97
96
94
93
93
94
95
96
95
99
100
98
101
103
104
98
97
100
101
99
101
99
101
99
99
101
103
104
103
102
102
102
106
106
103
101
102
102
100
100
102
102
103
104
107
105
107
109
113
114
112
112
116
118
116
114
114
117
119
119
119
122
122
123
124
122
118
116
117
114
115
115
113
117
114
110
110
111
108
108
108
106
106
110
109
105
107
107
106
103
101
100
102
98
98
104
100
98
96
96
94
92
94
96
97
95
100
102
102
100
101
95
96
97
96
98
100
102
100
98
97
102
102
104
107
108
107
107
104
103
106
104
107
106
105
106
107
107
109
110
109
110
109
107
108
111
114
117
118
121
118
116
117
115
113
113
117
115
113
116
118
118
117
114
112
114
110
108
106
107
106
111
113
112
110
110
111
112
111
110
108
109
111
111
109
109
107
109
105
104
110
112
114
111
107
108
103
104
104
108
107
99
99
97
97
101
100
101
103
103
99
103
106
107
108
107
110
111
113
109
105
102
102
103
98
103
102
102
101
97
95
93
93
96
95
96
94
99
101
100
103
103
104
100
99
103
99
99
100
98
94
95
95
94
97
94
92
91
96
98
98
96
99
96
98
100
98
104
102
99
96
94
93
92
93
91
91
89
92
90
90
92
93
93
94
93
95
94
97
99
97
96
94
92
96
96
99
98
98
98
96
97
100
98
98
97
93
92
93
95
94
95
97
97
97
98
98
88
84
84
83
82
84
88
90
90
88
93
92
95
92
93
94
91
93
91
92
95
96
97
99
96
97
