100
101
98
97
96
98
99
100
101
101
102
107
110
114
115
110
107
108
111
108
109
110
109
109
109
109
108
109
110
110
108
111
111
113
111
112
114
112
114
113
109
110
108
106
105
103
104
102
102
100
106
106
104
107
109
112
110
110
113
112
110
111
108
101
103
103
102
103
105
106
104
105
104
103
100
97
101
101
102
103
103
105
104
104
107
107
108
110
114
114
110
107
105
108
102
103
96
91
92
89
92
93
88
89
85
85
85
86
88
84
91
89
90
95
94
91
92
92
92
92
88
86
85
84
86
85
90
90
93
90
92
93
88
87
91
93
92
92
93
94
94
90
89
87
88
87
85
86
90
91
93
93
92
90
95
98
101
100
99
99
104
106
105
104
102
100
97
97
94
96
96
96
98
100
102
104
114
114
114
114
108
111
111
112
111
106
105
102
103
102
99
99
97
94
93
93
93
94
92
97
98
101
98
101
100
102
99
99
98
97
98
94
94
93
90
90
86
84
80
78
80
83
83
83
84
85
87
86
91
87
87
88
91
89
92
86
84
82
81
83
83
80
81
81
81
80
83
82
81
84
86
82
81
81
82
84
84
87
85
88
87
85
86
84
82
78
73
71
71
74
73
74
75
75
76
79
83
85
86
86
83
82
85
86
85
85
84
84
83
81
82
80
80
82
78
81
84
80
86
84
84
84
85
83
85
87
88
91
89
89
91
89
88
87
89
83
84
84
88
90
89
91
90
90
94
96
96
99
100
100
99
101
99
98
98
96
95
98
96
97
97
102
100
101
105
105
106
108
108
108
108
105
104
102
102
100
101
101
97
94
93
93
93
92
93
96
98
99
101
103
108
107
108
106
107
108
108
104
98
98
98
99
98
98
96
96
96
93
92
90
96
96
94
91
99
100
101
98
93
91
89
86
85
80
80
81
81
81
82
82
81
83
82
83
80
80
83
87
86
89
89
87
89
89
86
82
80
78
79
81
81
82
81
77
79
79
78
79
78
78
79
81
83
82
80
78
78
75
78
78
75
75
72
71
72
72
72
71
70
70
69
73
74
79
79
78
81
82
80
83
82
83
82
82
82
83
83
81
83
81
80
79
83
84
86
90
89
86
86
90
90
91
89
88
92
94
92
91
91
91
86
85
87
85
86
85
90
90
90
90
89
90
88
86
91
89
91
89
90
91
90
90
88
87
84
84
82
83
80
79
80
80
80
78
77
75
75
74
75
77
78
78
80
81
82
81
79
80
76
75
75
73
68
68
65
65
67
71
70
71
70
70
69
69
64
66
63
64
61
61
58
58
58
59
61
58
57
58
60
58
60
66
64
63
64
61
61
60
58
56
54
54
54
54
53
54
56
56
55
54
55
53
55
61
62
65
63
61
60
61
62
61
58
58
58
58
59
59
56
54
54
53
53
50
52
50
53
53
54
57
58
57
55
55
53
52
53
52
49
49
48
50
49
48
44
45
44
43
44
43
45
45
45
47
47
47
48
49
52
52
51
50
53
53
53
54
53
53
56
54
54
53
53
54
54
57
57
57
55
54
53
57
54
53
54
53
52
54
54
54
54
54
55
55
55
53
51
48
47
47
47
48
49
47
48
52
52
52
53
52
54
52
51
51
53
52
52
53
53
52
52
51
49
45
46
47
45
47
48
51
50
51
54
53
52
53
52
52
53
51
52
53
52
53
50
48
47
45
44
46
47
50
53
53
53
54
56
56
56
55
56
55
55
56
55
56
57
55
54
54
53
55
53
52
51
53
54
58
54
56
58
60
58
55
55
56
53
53
53
55
54
53
52
54
57
57
55
56
56
55
51
55
56
54
54
53
55
55
54
53
49
48
47
47
45
45
43
45
46
46
49
50
49
49
47
48
47
49
46
45
46
49
43
40
39
40
40
41
40
40
38
39
40
42
43
44
45
45
46
45
43
44
44
45
45
47
47
46
41
42
41
40
39
37
37
40
40
40
40
39
40
40
40
42
42
44
44
41
39
38
37
37
38
38
37
37
34
35
35
36
38
40
43
42
42
42
41
43
42
42
43
45
44
45
44
44
41
42
41
41
42
42
42
43
46
48
50
49
51
52
50
46
45
44
43
41
41
42
41
40
39
41
42
43
39
40
38
39
39
39
38
35
35
35
36
37
37
37
36
37
36
35
37
37
37
36
38
38
41
40
38
38
38
37
38
34
36
34
34
32
34
33
32
32
31
31
31
32
34
33
34
35
33
33
33
33
32
30
30
31
31
31
31
29
28
27
25
27
26
26
27
