100
97
97
101
102
102
102
101
108
111
108
99
102
100
99
92
92
91
90
90
89
90
93
93
98
96
96
98
99
95
96
97
97
100
103
105
109
106
105
105
102
102
102
99
96
89
90
90
89
91
90
88
88
85
84
83
85
85
89
85
89
86
87
85
87
88
86
85
86
86
84
82
79
79
79
81
83
83
80
80
78
79
78
76
77
79
79
78
77
78
80
79
81
83
83
82
84
81
84
85
86
88
86
90
87
83
83
85
83
86
87
84
81
81
79
77
78
80
85
82
81
82
81
81
82
79
76
75
77
77
76
73
70
73
74
75
72
69
67
70
71
75
77
78
81
81
82
79
77
80
80
82
83
78
77
78
75
70
71
68
71
70
69
70
70
70
70
69
66
66
67
66
70
72
70
70
69
69
69
70
70
68
68
67
65
66
67
67
72
74
74
77
76
75
79
75
75
73
72
75
71
69
69
69
72
71
71
71
71
70
70
69
72
75
75
77
77
74
75
70
70
71
70
67
68
66
64
64
61
63
60
58
55
56
57
60
64
66
67
67
65
67
72
73
74
72
69
68
69
67
65
65
65
65
62
60
58
57
61
62
64
67
67
68
67
66
67
66
69
70
69
67
65
64
60
58
61
60
63
63
63
65
62
61
64
68
69
68
68
70
68
66
63
62
59
57
56
57
59
58
59
60
61
60
63
60
59
58
61
54
54
55
51
52
54
53
54
55
55
52
55
57
53
55
60
62
63
63
65
65
63
64
63
62
59
58
58
56
58
58
60
62
62
62
64
62
59
57
57
60
62
65
66
66
66
66
64
64
60
56
56
58
55
56
53
54
56
53
52
56
56
54
53
56
57
56
57
56
58
59
59
58
59
59
58
60
57
57
59
60
56
54
55
53
55
57
55
50
51
48
48
48
50
48
48
48
51
52
49
48
49
50
52
49
50
50
49
47
48
45
45
46
48
46
44
43
42
43
47
45
42
43
43
43
44
41
38
38
37
39
39
39
39
40
41
43
41
41
41
40
37
36
40
39
38
39
38
36
37
38
40
41
42
41
42
43
40
41
41
40
39
38
38
40
40
39
39
38
39
41
41
39
37
37
39
38
39
37
33
35
33
31
28
27
24
23
24
25
27
26
25
26
26
24
24
25
26
24
22
23
25
26
26
25
24
24
24
23
23
24
25
23
20
22
20
21
22
22
22
23
24
25
25
25
26
26
25
23
24
24
23
21
21
21
20
20
21
21
21
22
24
25
24
22
21
21
22
22
22
21
21
21
21
21
20
21
20
20
20
23
24
24
25
23
23
24
26
26
28
28
26
27
25
27
27
26
25
22
21
22
24
22
22
21
20
20
20
20
21
21
21
22
23
23
22
20
19
19
20
20
21
21
21
20
22
23
23
23
21
21
20
19
19
19
19
17
16
15
16
15
15
15
15
15
16
16
18
19
22
22
21
21
21
20
20
19
17
15
16
16
16
14
13
14
14
13
14
14
14
15
15
17
18
20
21
20
21
19
20
20
19
17
18
17
17
15
14
14
15
17
17
17
16
17
18
18
17
19
20
20
19
19
19
20
20
19
19
20
19
18
17
17
18
19
20
22
23
20
19
19
19
19
17
18
18
19
19
17
18
18
18
18
18
18
19
18
20
20
21
22
23
23
24
23
22
23
23
24
26
26
24
24
24
24
25
23
23
22
23
25
25
26
28
27
30
30
30
29
29
30
28
27
27
27
27
26
23
20
20
19
20
21
19
22
26
27
28
29
29
29
28
28
27
27
26
25
24
23
22
22
22
22
21
20
22
23
23
25
24
22
24
24
25
23
23
22
21
20
20
19
19
18
18
18
17
16
17
17
18
20
20
20
20
21
21
22
23
24
22
22
21
19
21
22
22
21
20
20
18
19
21
19
19
21
21
22
23
24
23
22
24
20
18
19
20
19
17
17
17
16
16
17
15
15
17
17
17
17
18
17
17
14
15
16
17
16
15
15
15
15
14
17
17
17
18
17
14
16
17
17
15
15
16
17
17
16
15
14
14
14
14
13
14
14
13
10
10
12
13
14
12
11
11
11
10
10
10
10
11
11
11
11
11
13
11
10
10
10
10
10
10
10
10
10
10
10
10
10
10
11
12
11
10
11
11
11
11
10
9
8
8
9
10
10
9
9
9
8
8
8
8
7
8
8
8
7
7
7
7
7
7
8
8
8
8
9
10
9
8
8
8
8
8
8
9
8
7
7
7
5
6
6
6
6
6
6
5
6
6
6
6
