100
97
96
94
92
92
93
93
93
92
92
95
93
93
94
92
90
91
95
95
92
92
93
92
91
90
91
91
86
89
89
86
85
82
81
86
86
87
85
89
91
93
96
93
92
90
89
88
88
89
89
91
93
90
88
83
78
78
79
80
82
83
84
88
88
86
85
87
83
80
80
76
73
74
72
74
73
73
73
72
71
68
68
72
73
71
70
71
71
76
75
75
76
74
74
75
74
75
76
78
80
76
77
73
77
76
70
69
69
68
65
65
66
65
65
66
67
69
68
68
71
68
65
68
70
69
73
75
73
72
71
71
68
68
69
70
72
71
72
71
69
67
64
66
65
63
61
61
63
65
68
69
69
70
70
71
71
71
73
73
75
75
78
77
76
72
73
75
76
75
75
75
79
81
81
83
83
85
84
86
86
84
85
84
88
90
87
85
86
85
83
84
80
78
77
77
79
81
82
85
86
82
81
79
79
82
81
79
77
79
83
84
83
84
83
87
84
81
87
91
88
87
87
87
91
90
86
79
78
76
80
77
81
84
85
87
89
86
87
86
86
86
86
84
84
82
82
82
81
79
81
81
81
82
82
82
82
83
86
89
85
87
83
82
78
79
78
75
74
76
75
74
75
75
74
72
73
73
78
76
75
74
74
76
74
76
78
80
80
79
80
82
84
82
81
78
78
81
80
80
81
83
86
85
87
90
93
98
98
94
97
98
101
100
102
102
99
98
96
93
94
96
98
95
93
91
88
93
93
91
88
86
89
90
89
88
91
95
98
98
94
94
97
97
97
93
88
87
86
84
83
81
77
79
82
82
81
84
89
86
86
87
88
89
88
87
85
83
84
83
84
81
81
77
77
77
74
71
74
74
74
75
73
76
79
76
78
81
80
80
81
77
76
75
73
73
70
70
70
70
72
71
70
70
70
77
78
76
79
79
78
79
80
78
76
74
72
69
68
69
66
66
69
66
67
72
71
74
72
72
72
75
76
73
74
76
76
73
74
74
73
72
71
71
70
68
71
72
68
70
73
74
78
81
80
80
80
83
83
84
86
85
88
81
79
79
75
73
73
70
72
75
77
78
76
72
77
77
75
74
76
73
73
71
72
72
71
69
70
70
68
69
71
77
76
78
81
80
80
79
81
84
86
86
86
91
93
94
89
90
88
88
90
93
91
89
85
86
89
87
89
88
93
93
90
93
94
97
95
90
87
87
87
87
84
85
87
87
82
84
82
82
85
82
82
81
83
85
90
89
90
86
87
88
85
87
87
87
85
83
87
86
85
87
86
84
86
86
89
91
95
94
95
99
100
100
96
95
98
96
96
93
93
95
97
96
96
96
96
98
102
101
101
104
102
103
103
108
107
107
105
102
98
96
92
92
89
87
85
84
86
86
83
85
84
85
84
85
86
86
87
89
87
87
85
84
87
88
88
86
84
85
84
85
86
84
84
87
88
90
90
92
96
95
97
97
94
92
91
90
90
90
87
84
84
84
83
80
79
80
81
81
80
84
87
92
96
96
96
97
97
97
95
97
93
89
85
83
80
81
83
84
82
84
86
86
83
87
83
85
85
87
87
86
84
86
82
78
77
77
75
74
73
74
76
76
79
77
71
72
73
74
76
77
79
77
78
81
79
78
78
76
76
76
77
76
73
69
69
64
63
67
66
69
71
71
73
76
75
75
74
73
74
76
77
77
71
72
69
69
69
67
65
63
64
63
62
61
65
67
67
67
66
64
63
64
65
68
68
68
67
65
64
61
61
61
61
62
62
65
64
61
61
63
64
63
66
67
69
68
68
68
69
70
71
71
71
69
68
64
65
66
67
66
65
64
69
73
72
76
80
81
83
81
80
78
80
76
73
72
71
71
70
70
69
71
73
72
73
73
72
71
71
70
73
73
74
76
79
80
78
76
73
71
70
68
68
67
68
66
66
62
64
64
65
62
67
68
69
76
73
71
71
70
71
71
71
71
67
65
61
62
63
62
61
62
60
60
58
60
64
63
62
65
69
68
68
67
65
62
64
63
63
62
61
62
60
59
57
56
52
50
48
49
52
55
56
56
57
56
56
56
58
57
57
56
55
52
51
51
52
52
52
51
52
51
52
53
54
53
53
53
55
57
59
57
55
55
57
56
57
58
57
53
53
52
51
51
53
51
52
49
49
51
51
52
54
55
55
54
53
53
54
52
51
52
50
48
46
45
47
48
48
47
48
46
47
47
47
47
46
45
47
49
52
53
50
49
47
45
45
45
45
45
45
43
42
42
42
42
43
