100
100
98
98
98
100
103
101
98
101
98
94
95
94
96
94
94
94
95
97
98
98
100
103
98
96
96
102
99
98
101
97
99
96
95
99
100
98
98
95
96
97
96
98
98
99
94
91
93
91
91
90
90
88
88
89
91
92
89
89
88
90
89
95
93
96
93
93
91
90
92
89
89
89
91
93
93
94
93
98
99
97
96
95
94
97
95
97
97
96
95
95
94
93
94
96
96
98
96
98
100
99
103
102
99
93
93
92
93
91
90
90
91
91
94
93
92
92
89
87
91
93
96
97
95
99
98
94
94
97
98
100
102
101
102
101
100
96
97
97
98
97
98
98
94
92
93
92
93
92
92
92
90
89
90
92
89
90
87
87
88
86
87
87
92
96
96
93
92
89
87
88
88
91
87
89
91
89
89
90
89
90
87
85
85
85
85
90
87
85
83
83
83
83
84
86
91
97
99
101
101
103
105
106
105
101
105
105
106
108
106
106
107
106
107
111
113
113
113
115
118
118
121
119
119
122
120
121
120
119
120
117
117
116
116
113
115
110
108
106
104
103
100
100
100
99
99
98
100
105
103
103
104
104
104
103
103
102
100
99
100
99
99
98
98
96
92
92
92
91
91
90
91
90
99
102
102
98
95
98
101
99
98
97
94
94
95
95
93
89
87
89
90
90
87
80
81
84
81
84
90
89
87
86
90
90
89
89
92
93
91
88
87
87
86
83
81
82
80
82
82
84
82
85
86
87
90
90
87
87
89
89
85
84
80
78
80
78
76
74
71
69
70
71
72
72
72
71
71
70
71
70
72
73
74
70
70
70
72
69
67
67
66
68
68
66
67
70
71
73
73
75
77
73
73
71
70
69
71
74
73
72
71
70
70
71
70
71
69
68
68
73
74
76
79
79
78
78
77
80
82
81
81
81
81
83
80
78
73
74
72
73
74
75
79
80
81
81
82
84
83
82
83
82
80
77
75
77
75
73
75
76
74
73
71
74
76
79
78
81
81
78
75
76
75
74
70
71
69
67
67
66
70
69
67
69
68
66
63
63
62
65
65
65
67
67
67
66
65
65
64
64
67
67
70
72
70
67
70
72
68
70
69
68
69
70
76
79
76
77
75
75
75
71
69
72
74
72
72
71
71
73
73
70
71
70
70
72
71
72
71
74
75
74
70
67
64
63
63
66
67
66
65
69
69
67
67
66
70
69
71
70
69
68
71
70
70
70
71
69
71
72
68
68
69
73
71
71
74
70
69
69
67
68
64
62
60
61
64
64
65
66
65
67
66
64
67
66
65
66
64
65
63
66
66
68
70
69
67
68
66
66
68
68
68
65
62
61
62
63
63
65
64
64
65
65
62
64
65
67
68
64
65
66
67
67
67
67
67
65
68
69
71
69
68
66
67
67
68
69
67
66
67
69
69
70
71
70
70
65
66
73
75
75
73
76
82
80
77
75
72
73
74
71
68
70
73
74
76
75
75
73
77
77
80
82
82
82
81
82
81
81
83
81
81
81
76
74
73
73
76
75
76
78
76
77
78
79
79
78
81
81
80
80
81
79
78
76
77
79
78
72
74
74
72
70
70
72
74
76
82
81
80
82
83
85
82
81
79
81
79
79
77
73
72
68
70
70
71
73
74
78
79
78
79
81
83
83
84
85
85
83
79
74
75
73
71
68
66
65
66
65
69
68
65
67
65
63
65
68
71
71
72
73
70
70
71
70
70
69
72
70
69
66
66
66
68
73
72
72
72
73
71
72
71
63
66
65
62
60
58
55
51
50
49
46
46
43
45
48
50
50
51
50
52
53
55
59
58
58
57
58
56
55
55
53
53
49
50
50
51
53
52
50
49
48
48
50
52
51
53
52
56
56
57
53
53
53
54
50
49
48
48
51
49
50
50
51
51
52
52
56
58
58
56
55
55
54
55
53
53
52
51
50
51
52
51
51
52
51
52
54
58
58
59
57
57
59
61
61
62
61
62
61
61
59
59
62
59
59
58
56
58
59
61
62
61
60
60
63
62
62
61
58
61
63
64
63
64
62
63
58
60
57
56
54
52
52
52
50
54
55
58
56
54
53
51
52
55
55
55
52
53
52
52
51
52
52
52
55
57
55
55
54
49
50
49
48
48
45
45
45
45
45
45
44
44
45
46
46
45
44
43
43
45
47
48
47
44
43
41
40
40
38
38
37
37
39
39
37
41
41
42
40
38
38
38
41
42
43
43
46
46
45
44
40
40
40
39
40
40
39
41
41
40
41
43
43
43
45
45
