100
100
98
97
97
98
103
110
107
107
106
104
105
109
109
111
111
107
103
105
102
105
103
101
99
100
101
103
105
103
104
105
104
105
100
101
101
103
102
98
97
101
98
96
102
101
99
97
98
104
102
103
103
101
103
103
103
104
108
106
108
106
104
105
104
105
104
105
106
104
106
108
107
108
107
106
105
108
109
112
114
114
112
113
112
113
115
114
116
114
112
111
117
113
111
109
108
107
109
110
109
110
109
108
107
109
111
113
113
113
111
111
110
109
109
108
112
110
112
117
118
116
115
115
113
113
115
117
112
111
110
107
109
108
108
104
105
108
110
114
111
109
109
108
107
111
113
113
117
117
116
114
115
116
114
112
111
110
111
111
110
111
113
110
113
112
113
111
113
111
117
117
115
115
113
113
112
110
110
110
110
111
111
107
106
107
105
105
103
104
105
106
108
107
108
108
108
111
113
113
112
110
105
105
106
107
109
105
108
110
111
108
108
108
110
110
109
110
109
111
110
111
110
106
105
106
104
104
104
105
105
105
104
107
110
110
110
107
109
108
108
109
109
109
108
107
107
108
108
109
104
104
107
104
108
105
106
107
110
112
113
116
113
110
111
112
109
107
107
106
108
106
104
105
105
105
106
107
108
109
112
111
112
116
113
113
114
115
116
117
115
115
113
113
113
110
108
110
109
110
111
109
111
110
112
115
117
116
116
114
113
113
112
112
107
109
108
106
104
104
104
104
105
106
106
106
106
106
107
106
108
106
105
105
102
103
103
98
97
100
98
101
103
105
106
106
105
106
105
109
111
109
110
107
106
104
105
104
104
106
108
109
108
104
105
105
103
101
100
101
104
103
108
103
105
100
102
101
100
101
99
95
94
94
94
93
93
95
94
92
92
99
97
97
99
96
98
100
99
96
97
98
101
98
99
99
97
97
98
96
93
95
94
97
99
102
101
98
97
97
97
99
101
100
100
100
100
100
100
102
102
97
96
98
100
100
100
102
100
98
98
101
103
103
102
101
103
102
103
106
107
109
111
107
107
106
106
107
108
110
110
110
107
105
104
102
105
105
100
96
97
100
107
105
106
107
108
107
107
106
106
108
107
106
107
106
105
101
101
101
99
101
101
101
97
94
97
97
98
95
92
91
91
91
91
91
90
90
91
91
90
88
89
89
90
91
91
92
91
92
91
90
91
95
96
98
100
99
101
97
100
99
97
98
100
99
97
98
97
97
96
96
94
94
93
96
98
99
103
105
107
106
104
100
99
97
95
98
97
97
96
94
93
93
91
90
91
86
88
87
88
88
84
87
89
87
87
90
88
91
92
95
93
97
98
98
100
104
105
100
102
101
101
101
102
103
100
102
99
99
95
94
96
96
97
96
100
96
94
95
94
95
97
97
100
100
100
94
91
89
88
86
86
88
89
89
91
88
91
93
95
93
91
92
95
96
99
98
100
101
104
104
105
108
110
112
109
105
102
102
104
106
107
107
109
109
106
107
108
109
107
107
105
102
101
99
105
106
104
102
99
99
97
97
96
97
98
100
100
101
101
103
105
113
114
109
108
108
106
104
105
104
102
102
102
101
98
100
98
98
99
95
95
97
99
102
102
106
108
112
110
107
107
107
104
100
100
101
102
103
100
101
98
95
97
100
98
100
102
102
105
104
107
106
105
106
104
103
101
101
101
100
101
102
98
97
97
96
96
101
101
101
100
96
97
97
96
92
92
93
97
97
99
100
103
103
105
107
107
108
109
110
113
112
113
114
115
115
112
111
112
113
114
120
120
118
119
118
116
117
118
118
117
118
118
117
119
119
118
115
114
120
114
114
116
112
111
110
111
115
119
115
114
112
113
112
112
111
108
107
110
108
108
109
110
109
109
110
110
110
111
112
114
113
114
110
110
111
109
110
106
105
104
103
106
103
102
103
103
102
101
104
103
104
104
102
103
103
103
109
109
110
111
108
107
107
108
109
105
104
107
107
105
107
108
108
106
109
108
107
106
104
105
110
111
109
109
108
109
107
107
107
109
107
108
108
108
111
113
113
113
110
109
112
112
115
115
115
116
116
114
114
112
114
111
110
107
106
104
105
108
110
107
100
100
98
100
104
103
104
106
106
108
106
107
106
109
111
112
115
114
113
113
114
115
113
111
113
109
104
101
102
106
108
110
114
117
115
113
114
115
111
112
113
113
112
110
109
106
109
107
106
107
106
106
110
110
112
114
113
109
112
111
107
107
104
103
105
106
107
106
108
106
107
106
101
100
100
103
100
103
