100
99
98
100
99
98
100
101
101
104
105
107
108
109
112
113
112
112
111
113
114
113
113
111
113
114
110
109
107
108
107
110
113
112
111
112
112
114
113
111
112
111
111
114
114
113
111
110
111
114
113
114
116
115
113
113
116
113
112
117
116
117
114
115
114
114
115
109
111
109
109
110
110
109
111
112
110
109
112
114
114
114
111
112
115
115
118
118
110
110
108
108
106
107
107
107
105
104
104
104
104
106
106
105
105
106
107
106
103
104
103
105
103
98
100
104
106
106
107
106
104
103
102
100
102
102
103
105
105
107
105
108
105
106
104
108
107
110
113
111
116
115
115
113
114
112
108
109
106
107
109
106
105
108
109
109
110
109
109
108
115
114
115
115
112
111
110
109
111
112
110
111
112
112
109
108
106
101
103
107
108
108
110
109
111
103
101
101
101
102
103
103
105
105
107
108
109
109
109
110
109
109
110
113
113
113
113
111
112
111
109
109
110
108
109
108
108
107
105
105
108
109
106
107
106
108
111
111
112
112
112
111
110
109
108
107
109
109
107
106
108
109
111
113
110
111
108
109
111
110
111
113
112
109
111
112
109
107
103
103
101
102
104
106
105
105
104
105
108
106
106
104
103
103
103
102
102
101
101
105
102
102
104
103
102
102
102
102
108
109
111
109
111
110
110
110
110
110
110
110
110
110
108
107
106
107
104
105
103
103
101
104
107
108
111
112
109
107
106
102
103
102
102
101
101
101
100
98
95
94
94
91
95
92
95
97
97
97
101
100
100
103
101
103
105
105
102
102
100
100
101
101
103
105
106
105
102
108
105
104
106
109
110
109
110
112
111
110
111
111
112
109
109
112
113
115
114
119
118
118
117
118
116
116
117
118
116
117
112
113
112
110
109
108
109
111
111
112
111
111
111
113
116
115
116
117
113
116
117
115
115
112
111
108
110
111
110
111
111
110
109
108
109
107
108
108
110
113
113
114
115
115
115
116
117
115
112
111
115
117
119
117
114
112
112
112
112
107
107
109
111
113
111
111
115
116
117
116
116
119
118
119
119
123
123
122
120
119
119
116
114
116
117
116
114
117
121
121
120
117
115
115
117
116
117
121
120
117
118
120
120
120
114
115
113
113
111
111
110
112
112
108
109
110
113
112
112
111
113
116
115
114
115
114
111
112
110
109
107
108
109
108
108
110
110
109
109
107
109
110
110
110
109
109
109
105
105
105
107
103
107
109
107
108
106
104
102
101
96
97
98
99
104
102
100
101
97
98
96
94
93
93
89
87
90
88
90
89
86
87
88
87
87
86
86
86
85
83
82
80
81
83
84
84
86
86
86
85
88
86
88
89
87
88
89
91
92
91
93
91
94
98
97
95
94
94
94
93
96
99
98
97
97
96
94
95
94
95
97
98
107
108
110
108
107
109
110
110
111
112
110
111
111
110
110
107
108
105
107
103
105
109
109
110
111
113
112
112
111
112
112
116
114
117
116
116
113
114
114
114
114
112
112
113
111
110
108
109
105
106
106
106
105
104
105
103
103
105
107
108
110
112
110
108
109
110
109
112
113
111
111
112
113
113
113
112
114
114
114
111
112
113
111
107
106
106
108
109
106
108
104
107
107
107
109
108
109
112
111
112
112
109
106
105
104
104
103
101
100
99
99
103
102
101
101
99
101
103
102
101
103
108
106
109
109
110
111
111
109
106
106
107
109
108
110
111
109
109
109
106
106
108
110
116
118
116
118
119
118
116
115
115
115
116
114
114
112
116
115
114
113
113
113
110
111
115
115
114
115
117
120
118
116
115
121
120
120
119
117
117
118
117
115
115
114
115
115
114
117
118
117
116
118
118
122
122
123
120
122
121
121
122
120
119
120
119
116
116
116
119
116
114
114
115
114
114
114
110
110
112
110
111
112
114
114
113
111
111
110
110
109
111
111
111
113
113
113
111
111
113
111
112
114
115
114
112
110
111
112
113
111
112
114
112
110
109
108
113
114
115
113
117
115
115
114
110
110
110
113
111
111
114
115
111
112
107
105
106
107
105
104
105
103
105
106
107
109
107
110
113
109
109
109
110
108
110
111
111
110
110
108
109
108
105
103
100
99
96
94
97
96
94
95
96
94
96
95
96
97
98
97
99
101
102
102
100
101
100
101
100
101
104
105
107
108
112
112
114
114
116
117
117
116
113
114
115
113
111
110
109
105
104
102
102
100
102
104
108
106
105
111
113
114
117
116
115
116
116
112
111
109
110
108
108
106
103
104
105
106
109
108
