100
100
92
95
98
98
96
101
100
103
99
101
98
98
97
99
98
97
99
101
103
100
100
99
99
97
98
97
99
98
97
99
103
103
105
105
104
103
106
108
108
110
110
110
111
115
112
110
113
110
112
110
109
108
110
109
112
109
109
110
112
114
112
113
112
111
110
112
112
112
112
116
115
110
110
111
112
114
112
112
113
116
114
113
114
115
114
112
113
112
109
114
111
106
106
107
106
107
110
109
108
109
110
111
112
110
111
108
107
107
105
104
104
101
103
104
106
106
107
108
111
114
115
112
109
108
109
109
108
104
102
102
105
103
101
103
105
108
104
103
104
102
105
108
104
106
107
103
102
99
103
102
101
99
99
98
99
97
96
96
99
100
101
104
101
100
101
100
100
101
102
105
106
106
105
104
105
106
106
105
105
107
108
105
105
105
106
113
113
115
112
113
111
109
110
110
107
107
104
105
102
101
97
98
100
101
97
99
101
100
102
95
96
96
96
95
100
97
100
99
101
96
95
91
90
89
86
86
88
87
86
87
91
95
98
99
99
99
97
99
98
97
97
100
101
98
98
98
96
94
94
91
91
94
94
95
95
95
95
96
99
101
105
104
103
106
105
103
102
97
98
98
100
98
97
95
95
95
99
97
100
99
98
100
97
102
104
108
110
110
107
106
101
101
96
95
97
96
98
96
96
96
97
98
98
98
98
98
98
101
103
106
104
102
102
98
97
98
98
97
92
88
91
90
90
90
89
87
91
92
94
95
95
96
97
99
102
102
99
96
96
95
94
93
92
92
93
90
87
88
87
88
90
88
87
87
90
90
93
96
96
93
89
88
84
81
78
75
77
82
82
82
83
85
86
84
85
87
89
89
90
85
89
88
89
90
89
86
86
85
82
81
80
79
76
77
75
79
81
80
80
80
74
76
73
73
74
74
77
77
75
76
74
75
74
71
73
74
76
80
80
81
84
86
87
88
87
84
86
89
91
89
90
89
87
86
83
80
74
74
76
73
73
71
77
80
79
79
78
79
78
80
80
77
77
79
79
79
81
83
86
83
85
85
85
86
88
93
91
93
95
94
90
90
87
90
91
91
91
88
90
89
88
91
88
86
90
93
92
93
95
94
91
88
90
88
90
88
88
87
88
88
85
85
88
90
91
97
98
97
97
98
98
100
96
97
93
93
89
87
89
92
90
91
90
89
89
90
95
101
102
100
101
96
98
94
91
93
96
95
90
91
91
92
94
92
92
91
94
91
96
96
98
98
97
95
98
98
98
100
102
103
103
103
104
104
104
103
105
106
102
104
106
108
113
113
114
111
108
106
107
106
106
106
107
108
109
110
111
109
108
108
108
111
109
108
109
109
110
113
114
110
110
110
108
108
107
108
108
109
110
110
110
110
111
111
111
112
111
109
112
111
111
110
111
113
114
114
113
112
114
114
115
116
114
111
110
105
105
103
103
101
100
99
101
100
100
99
97
95
99
100
104
104
104
104
100
101
100
99
98
98
97
96
92
95
97
100
100
104
104
104
102
102
104
109
109
109
102
105
110
107
104
103
98
100
104
102
101
99
101
101
100
100
104
106
107
103
98
98
99
103
96
98
97
98
98
103
106
100
100
96
96
98
99
99
101
100
102
102
108
110
111
113
112
111
109
110
112
112
112
113
113
113
113
113
111
112
112
112
114
114
116
112
109
110
111
111
111
112
111
108
111
116
117
113
111
110
108
112
111
109
108
106
108
108
107
107
109
111
113
114
116
115
112
110
113
115
117
116
113
111
113
108
108
109
111
112
113
111
111
115
113
111
108
108
105
105
110
115
113
113
115
112
113
115
117
115
111
111
110
112
112
110
108
108
108
103
103
103
103
105
107
107
108
110
110
107
109
110
112
111
111
111
107
107
105
106
106
108
107
109
110
107
106
108
108
111
111
110
109
108
111
111
112
112
111
109
108
108
108
109
109
109
109
107
105
108
105
106
110
110
113
115
112
112
111
111
113
113
114
115
112
113
111
109
108
109
109
109
109
112
112
112
114
111
108
109
109
110
106
106
107
107
106
104
102
102
102
101
103
103
103
101
102
105
105
101
106
108
111
110
112
113
110
109
111
112
112
112
110
110
108
108
111
109
112
108
106
105
102
103
110
112
115
116
114
114
111
112
111
111
112
110
108
110
109
107
108
103
103
105
104
103
105
103
103
104
101
102
102
101
100
104
104
105
106
103
104
104
108
104
104
103
107
111
111
109
110
107
110
108
110
112
110
108
107
103
101
100
97
