100
99
98
94
96
96
95
96
92
94
96
97
98
103
102
101
97
98
97
95
94
93
96
98
98
98
99
99
98
99
99
99
102
101
102
101
100
107
106
105
108
106
103
104
101
101
100
99
98
101
101
103
104
105
101
101
103
106
107
104
110
112
114
114
114
110
109
105
107
107
103
101
97
95
97
95
101
101
101
102
104
102
102
104
106
104
105
105
108
107
107
107
104
105
103
102
99
96
95
94
93
94
93
94
95
94
95
96
97
100
99
96
96
101
103
103
102
101
93
91
93
93
92
89
91
93
93
90
93
94
100
105
107
106
106
107
105
108
110
108
104
100
97
97
101
103
100
96
97
96
96
96
99
98
97
101
104
105
106
107
107
107
110
109
107
108
110
107
106
105
106
106
106
106
106
107
105
105
101
101
103
103
103
103
100
104
105
104
105
105
105
103
103
108
109
109
108
105
105
105
104
102
103
103
105
107
106
107
110
111
113
112
113
114
115
112
113
113
112
111
110
109
109
106
106
106
106
107
108
105
107
109
112
111
110
110
111
110
108
108
106
108
106
105
104
104
105
106
110
109
110
112
114
113
111
107
108
110
112
110
109
107
107
111
108
109
111
109
109
112
109
109
108
108
111
112
112
116
120
120
121
119
114
119
117
115
115
110
110
108
111
112
108
108
109
109
111
112
112
115
116
117
116
114
116
118
111
110
113
111
114
112
110
106
106
105
105
106
109
107
108
106
105
106
109
108
106
105
108
113
112
114
111
110
109
106
106
106
105
101
98
93
94
97
99
99
99
97
97
96
96
101
104
100
101
102
103
104
103
100
100
102
102
101
99
98
100
100
105
103
100
99
97
94
93
94
97
94
94
94
96
94
95
91
90
87
88
93
94
94
95
96
98
97
100
101
103
99
101
98
97
97
98
103
100
98
97
100
99
96
96
95
93
92
93
93
93
93
90
93
91
88
87
84
87
84
84
86
85
86
88
87
87
87
86
90
89
88
90
86
89
93
93
94
89
88
87
86
85
83
81
80
78
78
77
79
77
75
80
85
89
89
89
91
92
93
96
97
97
94
94
90
89
88
84
83
83
82
88
94
95
101
101
102
103
104
105
107
106
106
108
110
110
113
111
109
108
105
106
108
108
112
111
110
110
107
106
107
109
115
114
113
113
112
112
110
112
109
111
110
110
110
112
111
111
110
111
107
105
107
107
108
107
109
108
109
106
104
106
107
104
106
109
114
115
114
117
115
114
115
116
114
114
115
111
115
114
112
113
114
112
113
112
114
115
115
114
115
118
117
119
114
114
111
114
113
114
114
113
111
110
105
102
100
99
98
100
103
102
104
102
101
99
99
97
98
97
102
101
103
95
94
93
93
90
83
83
86
85
83
83
82
87
86
86
85
84
84
85
90
91
95
92
91
94
93
90
90
93
92
92
90
88
89
89
90
91
91
92
93
92
94
91
95
95
94
97
99
104
98
96
96
101
101
103
103
102
102
101
100
103
101
101
101
103
104
103
104
105
107
108
104
103
102
105
108
113
113
114
114
115
113
111
111
114
112
112
114
114
112
108
107
109
109
106
110
110
112
112
110
109
113
112
110
111
109
109
105
107
107
107
106
109
111
112
114
113
113
113
113
112
117
117
115
114
115
118
115
117
111
112
113
111
111
109
108
108
109
107
109
107
105
105
101
102
104
104
99
102
101
99
98
96
96
93
95
93
89
90
85
86
88
89
94
95
97
96
95
98
98
101
100
102
102
100
101
99
100
101
102
101
100
96
96
93
94
97
100
100
102
103
104
101
104
103
105
106
104
106
105
105
105
106
108
109
106
105
105
106
106
106
106
107
106
101
94
93
95
92
93
97
96
97
100
102
104
103
104
103
106
104
103
102
100
101
102
101
104
101
102
103
106
106
107
108
107
103
105
108
102
105
104
107
103
102
104
103
103
104
107
103
102
102
107
102
102
99
100
99
99
97
97
98
100
99
103
101
99
99
97
97
98
96
96
99
98
101
101
103
104
108
108
110
107
106
110
106
107
108
101
104
100
99
98
98
97
97
102
104
103
102
103
102
100
102
102
102
103
100
103
101
97
96
100
98
98
99
99
99
102
101
100
98
101
103
107
106
103
103
105
102
102
103
102
103
103
102
105
104
102
101
102
100
102
104
106
107
104
102
103
106
108
108
103
100
105
106
107
105
107
110
110
106
106
105
104
105
103
103
100
101
103
104
103
101
100
99
103
101
102
103
105
105
108
110
108
108
107
108
107
108
