100
100
99
99
100
100
105
102
102
103
102
106
103
103
99
105
105
105
107
107
107
108
109
106
103
104
103
105
104
105
106
105
108
109
113
111
110
108
109
111
108
107
107
109
109
109
108
107
109
111
114
113
112
111
110
110
108
112
112
110
110
108
109
107
110
110
110
109
109
110
109
111
111
112
109
109
109
111
106
108
108
108
108
106
105
109
107
106
105
101
103
105
104
105
102
101
98
96
101
104
102
104
108
109
111
112
112
112
111
114
113
113
110
108
106
106
105
101
99
103
100
99
99
101
106
107
108
107
107
104
102
103
99
97
99
99
101
101
103
103
105
101
102
102
101
100
97
101
108
106
105
107
109
107
110
111
111
107
109
108
108
110
109
107
107
107
107
110
111
112
108
107
108
111
109
108
108
108
109
110
112
111
112
111
109
113
113
115
115
114
114
112
114
114
112
112
111
111
109
110
112
110
111
111
108
111
112
111
113
113
111
110
108
109
107
109
106
105
104
104
106
105
103
100
102
102
99
98
97
100
100
99
96
99
101
100
99
99
103
98
101
101
102
102
101
105
105
104
101
100
101
100
98
101
103
105
103
104
104
102
103
103
103
103
103
104
104
106
106
108
108
105
108
108
105
108
111
109
108
107
106
102
100
97
94
96
96
93
94
93
92
94
93
94
96
93
95
98
98
97
95
91
92
90
86
87
87
84
86
87
87
87
87
85
87
88
89
90
90
95
98
96
97
98
96
97
98
96
94
93
93
94
95
95
94
94
96
95
94
94
97
96
99
97
98
97
97
98
97
100
98
94
97
98
95
96
98
95
95
87
86
85
89
92
94
95
96
97
99
98
98
100
99
103
103
101
102
100
100
98
98
98
96
94
91
91
90
89
91
90
88
88
89
88
86
88
87
92
92
88
91
92
91
90
90
89
88
86
87
87
89
90
90
87
82
80
79
83
85
88
89
89
90
89
88
87
86
82
80
84
84
82
78
79
73
76
73
77
76
78
74
76
78
81
83
86
83
84
85
85
87
87
90
86
84
83
82
82
81
83
86
86
87
90
92
95
97
96
93
88
87
84
87
88
89
91
92
94
90
89
86
87
87
89
90
91
93
92
96
94
98
98
96
93
93
93
94
96
97
96
99
99
96
95
95
94
93
93
95
95
95
98
100
104
103
107
108
112
112
111
109
107
110
108
106
102
102
100
96
92
92
94
95
95
99
103
102
105
107
105
105
103
103
107
109
109
109
110
108
107
105
106
104
105
105
106
105
107
106
110
108
110
108
109
112
113
109
109
111
112
112
111
109
110
110
109
110
113
111
112
110
108
110
111
115
112
111
111
111
109
109
106
108
107
112
111
108
109
108
107
105
102
103
105
104
106
106
109
110
108
105
104
109
110
111
110
108
108
106
104
101
98
100
100
100
98
100
101
104
105
107
106
105
104
103
104
99
95
96
97
100
99
99
99
99
97
97
98
98
97
100
99
101
101
102
102
103
102
102
103
103
104
102
105
104
102
104
103
103
104
101
103
103
103
103
103
108
107
108
108
107
109
105
103
105
103
105
104
104
105
106
110
110
111
112
113
112
110
108
104
107
106
105
103
102
105
106
103
99
98
95
97
93
95
97
98
100
100
100
99
101
102
100
99
102
100
102
100
99
100
106
106
103
101
103
104
105
106
108
108
108
108
109
108
109
109
107
105
103
102
100
102
100
101
100
101
106
106
106
104
106
106
110
107
106
106
105
106
107
106
101
98
95
102
100
101
99
98
97
98
98
100
98
102
104
106
111
106
105
104
105
104
103
102
99
96
94
91
91
90
88
87
90
89
91
90
93
97
102
104
108
108
109
105
105
104
102
99
98
98
97
96
96
96
97
98
103
102
102
101
99
101
102
106
109
109
107
106
107
107
106
108
106
105
101
99
99
102
100
103
105
107
106
106
107
108
114
111
113
111
113
111
113
113
111
113
114
113
109
108
107
104
103
104
102
103
107
107
107
110
111
111
113
114
115
117
115
115
114
116
112
113
115
112
110
113
111
108
110
109
110
111
109
108
110
112
114
113
105
105
103
103
103
102
102
99
102
103
103
103
102
103
102
103
102
105
102
100
98
98
99
102
103
103
106
107
107
107
108
110
111
111
110
112
112
111
113
115
118
118
116
117
115
115
118
115
116
114
115
115
114
110
112
113
113
114
113
116
117
118
117
115
113
109
111
110
111
112
111
114
112
113
112
112
114
117
115
116
113
114
113
111
111
111
109
107
106
106
107
102
100
