100
101
98
98
98
97
103
104
102
102
101
105
105
108
108
108
107
106
108
107
108
109
108
107
106
106
106
107
104
98
100
99
102
101
99
100
100
97
95
95
95
95
97
94
94
91
91
91
93
89
89
89
90
91
90
91
94
97
99
100
99
101
100
98
98
97
100
96
89
90
91
90
94
93
94
103
105
106
107
109
108
108
108
103
108
108
106
106
106
107
109
106
106
103
104
104
107
109
108
112
111
113
111
111
111
114
115
114
111
113
110
110
111
112
112
112
112
114
115
113
115
112
112
112
113
114
112
112
109
108
109
110
110
109
110
116
116
116
117
119
121
119
118
113
114
111
113
113
110
112
112
110
109
110
110
110
115
115
114
114
115
116
114
111
112
114
113
114
111
110
109
108
110
110
112
112
111
108
107
110
112
112
112
112
116
117
117
117
117
115
117
115
112
108
107
108
106
107
106
107
111
109
107
107
107
105
109
108
109
110
111
112
112
112
110
109
107
109
107
109
109
108
109
110
113
110
105
104
105
103
104
106
106
107
108
105
103
104
104
106
104
100
99
99
97
101
101
104
102
104
105
104
101
101
105
105
107
110
109
111
114
113
114
114
115
115
113
114
113
114
114
113
111
110
110
108
108
109
110
112
112
114
114
115
115
114
113
114
111
110
111
112
109
108
110
110
112
114
113
114
114
115
113
111
114
114
113
115
116
118
118
116
116
115
115
114
112
110
110
109
108
107
113
113
111
113
117
114
116
118
118
118
117
116
118
120
115
116
114
119
116
111
112
112
111
112
110
112
111
110
109
108
107
108
108
107
104
104
104
104
105
103
107
106
106
104
105
107
105
106
113
111
110
111
108
108
108
111
113
116
115
117
117
115
114
113
112
111
111
112
112
114
115
115
113
108
106
106
107
107
107
107
112
115
115
116
113
111
111
112
113
115
114
113
115
114
114
116
113
115
114
115
115
118
118
117
117
120
122
122
120
118
117
117
119
118
117
116
118
117
114
117
116
113
114
111
113
113
113
112
113
111
108
109
112
114
114
113
112
112
111
112
115
114
115
113
115
116
118
117
114
111
112
113
112
110
115
114
111
111
109
110
110
113
109
115
115
115
115
115
114
115
113
114
113
112
112
114
114
116
114
113
113
113
112
111
113
111
107
110
111
113
114
115
115
115
115
117
118
116
116
112
110
109
109
106
106
109
109
106
105
105
103
101
104
102
101
101
104
100
99
99
99
98
96
95
94
99
99
99
98
100
102
100
96
99
100
99
103
106
108
109
110
114
114
114
109
106
104
102
105
105
104
107
105
100
99
101
100
98
101
99
98
96
96
103
99
101
98
97
97
99
97
96
99
98
101
103
103
101
104
103
103
102
101
102
100
103
106
107
109
109
111
111
108
106
105
105
105
104
104
107
106
107
104
103
100
103
104
101
101
104
106
103
103
100
102
101
96
99
95
94
96
96
97
98
94
95
96
96
96
100
103
102
102
102
104
106
103
102
102
100
102
104
104
102
103
104
105
104
104
104
107
107
101
101
94
101
100
98
99
98
99
101
100
99
100
102
103
102
100
97
98
97
100
105
102
106
102
102
101
101
101
99
100
102
102
106
103
106
103
102
103
102
106
103
101
100
97
101
106
102
102
101
100
99
99
100
95
93
97
99
97
97
101
98
102
105
103
105
106
106
112
112
113
114
114
111
112
110
107
105
105
106
109
106
105
107
107
106
106
106
107
106
106
107
108
107
105
102
99
98
100
101
102
102
102
100
103
103
103
106
108
106
105
109
107
107
109
110
110
108
108
108
105
103
104
104
104
106
107
105
106
105
108
108
107
110
108
109
111
113
111
108
109
107
103
98
101
101
100
98
100
103
103
101
97
94
94
96
99
99
99
102
102
106
103
103
99
100
101
101
100
100
100
103
105
105
103
104
105
106
106
103
106
108
108
109
107
108
109
108
111
107
106
104
105
104
103
100
102
101
98
95
95
91
91
95
97
95
96
98
101
100
102
103
102
101
103
105
102
102
101
102
100
98
98
95
96
98
95
94
94
99
102
103
102
105
106
107
107
106
106
104
103
103
99
98
100
100
99
99
99
98
100
101
102
104
105
103
100
100
100
102
106
108
108
108
109
107
107
107
105
104
104
103
98
98
96
95
94
91
90
92
95
101
105
105
104
101
106
105
101
97
96
95
95
97
98
96
97
96
97
95
97
96
98
103
102
104
101
102
102
100
98
99
100
100
104
103
103
100
101
99
93
96
96
98
102
102
100
