100
101
101
98
99
94
96
102
106
106
105
103
105
105
107
109
109
109
109
106
108
107
106
104
106
107
106
106
106
105
107
110
111
111
109
112
112
111
107
104
104
103
101
101
99
97
97
98
96
95
90
91
91
91
91
91
91
92
95
99
100
98
95
98
95
94
94
92
91
92
95
95
97
95
94
90
93
96
95
92
91
89
91
93
92
92
93
97
98
96
96
98
99
99
99
98
98
100
102
100
101
100
100
97
100
98
102
101
102
100
104
106
108
109
106
106
109
109
107
105
104
106
105
104
108
107
108
107
111
114
115
115
112
114
115
115
111
113
112
113
113
115
115
112
109
109
108
108
108
112
109
107
104
103
105
107
109
109
109
109
106
104
106
105
104
103
104
104
101
99
99
100
97
94
93
93
92
92
96
97
101
103
105
104
104
102
101
99
98
98
100
100
97
95
93
87
85
83
84
79
82
79
82
85
89
89
92
93
97
95
98
96
94
92
92
90
90
90
90
85
82
80
80
80
79
82
82
82
81
78
76
75
77
77
82
84
84
87
81
82
78
76
76
73
72
74
74
73
76
75
77
74
77
74
77
80
79
79
79
79
79
79
78
80
80
80
81
84
80
81
85
86
83
79
81
83
88
93
94
95
98
99
102
100
101
99
101
99
96
94
92
88
89
89
84
83
86
87
85
85
89
92
92
91
95
95
94
93
95
97
98
99
101
100
97
97
99
94
95
97
96
94
96
97
99
100
100
103
105
106
108
109
104
103
105
108
107
108
107
104
101
103
105
103
104
103
103
103
100
100
101
105
107
108
115
117
116
114
110
112
112
112
112
109
106
107
109
109
107
107
108
109
109
108
110
107
106
109
108
112
110
107
103
100
100
97
95
92
96
94
92
91
89
84
85
84
88
88
92
93
97
96
99
100
98
100
97
97
94
96
96
94
97
93
92
91
90
86
82
82
80
84
87
88
84
84
88
87
90
92
91
92
93
98
96
98
100
98
98
99
97
95
93
94
95
95
96
99
98
95
93
92
95
97
96
97
98
100
99
95
96
94
93
95
94
95
95
90
88
92
91
93
94
95
96
96
93
91
90
90
93
88
83
88
85
83
81
81
82
82
86
86
85
84
86
84
85
86
86
86
86
88
89
89
88
89
89
90
87
87
87
88
85
81
77
78
77
74
72
73
74
78
80
82
83
81
81
83
84
83
84
86
87
84
84
87
84
88
84
86
85
87
87
86
92
94
96
95
94
93
92
90
88
90
90
89
88
88
88
85
88
90
89
90
90
94
98
102
99
98
99
98
96
93
92
89
87
86
88
88
89
89
89
86
89
92
94
98
100
96
99
97
99
97
101
101
99
97
97
98
95
95
95
96
98
96
92
93
95
96
98
99
100
102
100
102
106
104
105
105
107
106
104
101
102
104
108
104
104
101
101
97
98
96
97
96
97
95
95
96
101
100
102
97
98
97
99
101
98
96
97
96
97
96
92
91
92
93
92
91
89
89
91
94
95
93
92
94
96
100
104
104
103
102
99
100
102
103
99
100
100
102
102
101
97
99
98
97
101
100
101
101
102
98
99
98
97
97
95
94
95
93
96
98
95
93
96
99
100
101
103
103
107
107
109
108
108
107
105
105
105
105
105
105
104
99
99
97
99
102
100
106
106
105
104
105
102
101
104
105
102
102
103
102
97
97
98
99
97
94
90
93
92
93
92
93
90
89
85
87
87
90
91
93
96
97
93
93
95
91
94
92
91
92
90
90
89
87
84
86
87
88
89
86
84
83
84
86
86
87
85
86
83
85
86
86
86
87
87
82
86
83
82
81
83
82
84
87
84
88
88
90
90
88
87
89
88
89
91
91
92
96
94
91
88
86
83
83
84
81
81
80
81
84
83
83
88
85
80
84
82
85
83
84
86
85
83
84
81
83
83
84
86
85
83
80
82
85
82
84
84
89
92
95
91
95
95
94
91
89
89
91
90
89
88
88
87
88
89
87
89
91
89
89
90
90
92
91
95
95
96
96
98
95
97
99
96
98
98
100
99
94
94
94
95
91
89
91
92
97
97
93
92
86
89
89
89
88
89
92
92
90
90
91
87
90
88
89
87
90
83
89
93
95
96
98
96
96
99
100
96
94
94
94
94
92
89
92
92
92
91
91
91
94
94
94
94
98
99
99
99
100
102
101
101
98
97
100
99
100
96
93
94
97
96
96
95
95
95
94
93
93
95
96
99
106
103
104
104
101
103
108
104
103
103
101
100
100
101
103
102
