100
101
100
101
101
100
98
96
98
99
99
103
102
100
96
98
99
99
100
102
100
97
99
103
103
103
104
103
106
102
105
105
106
106
108
106
106
100
103
104
103
106
106
103
103
108
105
105
107
109
108
102
100
102
106
107
107
107
108
107
105
104
104
104
103
104
105
106
103
104
106
107
111
108
108
106
110
109
109
110
110
109
108
109
108
109
110
110
110
110
108
113
111
111
111
109
107
108
110
111
110
109
108
106
103
102
101
100
101
102
101
102
104
103
103
105
104
106
109
114
114
113
112
111
112
113
113
114
112
113
115
112
113
112
110
109
108
106
105
108
108
106
105
105
105
103
102
101
100
100
95
95
99
101
101
101
99
98
99
99
99
98
98
94
95
94
94
97
102
103
102
101
100
100
102
103
102
103
104
103
105
107
105
105
104
104
102
102
104
105
103
100
98
98
98
99
103
104
105
99
97
100
98
97
94
93
93
92
91
93
94
90
91
87
88
90
89
88
92
93
90
87
85
85
86
88
90
89
88
88
87
88
85
82
78
76
74
69
69
74
76
74
74
73
74
77
77
77
77
80
79
77
76
73
72
70
76
74
75
76
75
75
78
76
78
84
87
90
91
88
89
91
91
93
94
91
92
94
96
98
98
96
96
93
91
95
95
94
94
94
95
99
101
103
103
102
105
105
101
101
100
100
100
96
98
96
97
97
99
99
98
100
102
102
99
95
95
97
98
98
97
97
102
103
103
103
100
98
96
97
98
97
99
99
100
105
103
108
110
110
112
114
113
113
114
111
110
107
108
107
108
111
112
111
107
108
109
109
112
110
111
112
111
112
113
112
111
110
110
109
114
116
116
115
115
113
114
115
115
109
111
110
114
117
113
116
119
113
110
108
107
107
110
106
107
108
108
106
107
110
108
109
109
108
112
111
110
111
114
111
112
108
109
109
112
113
115
115
114
112
109
106
107
106
107
107
108
112
110
110
105
108
104
105
103
106
107
107
110
111
109
113
109
109
110
109
107
104
107
107
104
103
101
104
108
111
108
109
109
106
107
104
100
103
104
104
101
103
102
101
98
100
100
97
98
96
99
102
101
101
101
100
97
99
97
95
95
98
97
99
96
95
96
100
98
98
100
102
104
105
103
106
105
106
104
104
105
104
101
101
98
96
98
94
96
99
99
100
100
102
102
103
103
101
101
103
107
105
103
105
103
105
106
105
103
104
104
102
103
103
107
109
108
111
115
116
118
116
117
116
118
118
115
113
113
111
110
108
107
109
109
111
112
113
114
118
119
118
118
117
116
118
115
117
117
117
115
114
113
111
112
108
108
109
110
111
107
107
106
108
108
106
104
105
105
106
105
103
100
99
95
95
97
92
92
94
95
92
90
89
90
92
90
92
92
90
96
98
99
100
100
98
97
100
100
99
101
101
100
100
98
95
91
91
90
92
95
97
97
97
96
98
102
105
106
106
105
103
103
100
100
102
103
104
103
100
97
98
96
98
100
100
98
105
103
105
108
109
110
112
108
111
110
108
111
110
108
107
105
107
105
106
103
103
105
104
105
106
108
111
113
111
111
114
114
115
115
116
115
115
115
117
116
116
116
116
115
115
115
114
108
109
109
112
115
114
116
116
115
120
121
120
117
118
119
119
119
119
120
118
118
118
115
113
113
111
106
112
111
115
117
117
117
118
120
121
122
120
118
115
115
117
116
116
117
115
115
117
117
114
113
115
119
117
117
120
121
120
121
121
120
117
117
116
115
113
117
121
116
113
114
114
115
115
113
113
112
112
113
116
112
112
113
115
113
112
108
106
108
107
106
109
107
107
106
105
107
105
103
104
103
103
104
107
107
108
107
106
106
106
107
103
104
104
104
103
104
105
107
106
105
105
102
106
108
106
104
103
105
102
103
104
105
104
102
99
97
98
98
99
98
99
98
98
99
97
102
102
103
105
105
106
107
105
105
107
104
105
104
107
107
103
103
104
102
105
106
106
103
105
103
105
110
111
109
108
107
104
105
107
107
110
109
108
109
110
110
109
105
108
108
108
108
111
113
114
115
116
112
111
116
115
117
113
111
111
112
114
111
110
109
111
112
111
106
106
105
105
108
110
110
113
108
108
109
108
109
111
114
111
115
115
116
115
113
110
108
109
106
108
107
109
112
113
112
111
114
111
103
103
102
107
107
108
108
106
107
110
107
105
103
101
101
101
103
102
104
104
104
102
100
99
97
97
99
95
96
100
99
98
98
100
98
98
98
96
96
100
100
100
101
