100
99
98
98
101
100
101
100
99
95
95
96
99
101
101
102
105
106
110
109
111
113
112
112
111
112
113
111
113
114
112
111
112
110
111
112
109
110
107
109
111
111
109
108
108
110
115
113
113
111
116
115
113
113
110
109
107
109
110
112
116
114
114
117
118
118
115
113
111
110
112
113
110
110
112
113
114
112
113
113
115
115
114
118
118
115
115
114
113
113
110
113
115
116
114
115
115
112
110
111
110
111
113
113
115
113
114
115
115
116
117
114
110
110
109
108
108
108
107
107
103
107
106
107
108
105
103
103
106
106
110
104
105
104
103
104
98
100
98
100
104
104
98
98
100
101
103
105
106
107
106
106
106
105
107
108
110
111
112
112
110
108
108
105
106
105
103
102
103
102
101
105
106
108
110
108
106
105
104
104
103
104
103
103
103
105
104
105
106
105
108
106
106
107
106
104
102
101
103
100
100
98
98
98
97
97
96
93
93
94
91
94
94
94
93
92
95
93
92
90
91
89
88
88
88
87
84
86
87
86
90
89
87
88
89
88
89
92
89
90
94
92
94
91
92
91
88
86
86
88
88
87
90
93
95
95
94
94
95
96
90
88
85
84
82
86
85
85
86
85
87
86
86
82
89
91
91
90
91
91
92
93
93
90
88
88
83
82
80
82
82
82
83
86
85
86
92
96
95
96
94
96
97
97
96
98
101
98
95
91
91
90
91
91
88
90
90
95
96
99
100
101
105
109
106
103
104
104
105
106
104
105
104
105
106
105
106
108
112
108
107
105
106
106
106
106
106
103
104
106
102
103
104
109
108
106
109
109
108
111
110
106
109
111
109
108
108
112
113
114
112
113
113
113
112
110
111
113
116
119
118
118
115
117
118
113
112
114
116
114
114
117
117
114
115
116
117
117
116
117
116
115
115
115
116
117
117
115
115
116
117
114
115
116
117
119
119
119
119
117
118
116
114
114
114
114
112
113
112
114
113
114
111
113
114
113
114
116
116
115
115
111
114
110
109
108
107
107
110
109
107
107
106
108
109
112
110
113
111
110
109
110
109
110
107
108
110
115
112
111
115
113
114
114
114
115
116
116
114
114
114
113
114
113
110
109
110
113
111
111
112
112
111
113
119
116
112
111
113
113
112
113
113
114
113
112
112
113
116
117
114
115
113
115
115
114
114
115
116
119
119
119
119
120
117
118
118
117
119
117
116
115
114
113
112
114
113
115
118
118
120
120
118
120
121
120
119
118
117
117
117
117
118
118
118
118
116
117
115
116
117
119
118
116
118
119
119
116
117
115
114
112
111
114
115
116
117
117
116
115
115
114
116
113
113
113
113
113
114
116
116
117
117
117
117
117
117
118
116
113
113
115
116
116
115
114
115
117
117
119
118
115
115
116
114
119
114
113
114
112
114
114
107
107
107
109
109
110
112
114
112
112
112
113
111
109
107
110
110
110
108
111
110
108
110
110
110
110
110
110
109
106
103
108
105
106
105
100
103
103
102
103
103
104
104
104
105
102
102
104
104
109
106
106
103
104
103
104
105
104
105
105
104
106
106
107
105
104
106
106
107
99
98
99
98
101
99
98
96
96
96
100
101
101
100
102
104
101
100
101
103
102
107
108
108
112
111
113
108
106
103
105
106
108
109
108
109
109
104
103
104
105
104
105
106
106
103
105
109
109
107
106
108
109
108
108
107
107
104
104
106
104
106
107
105
104
104
105
105
106
108
108
104
102
106
106
110
107
109
105
104
102
104
106
106
105
109
109
108
110
109
108
108
105
104
104
109
111
110
112
111
106
103
99
98
99
98
101
103
102
101
100
99
98
98
95
94
94
95
97
98
99
101
104
106
104
106
109
109
110
112
111
111
111
112
112
110
109
108
104
104
105
107
104
107
109
108
109
113
110
112
111
108
109
107
106
106
109
109
111
112
111
111
114
112
110
110
111
115
116
115
112
109
109
111
112
114
113
112
110
110
108
113
112
111
111
110
113
115
113
113
114
116
116
114
115
113
114
110
112
112
113
113
115
114
111
112
111
112
113
113
114
114
114
110
112
112
115
111
114
113
113
116
116
118
114
114
115
118
119
117
114
115
117
117
114
116
116
115
111
111
114
114
114
114
115
118
119
121
119
117
121
120
115
115
115
116
117
118
119
118
116
113
113
114
113
114
116
117
117
117
115
115
116
117
116
115
115
118
119
118
118
119
119
116
117
115
115
114
114
116
121
121
120
120
119
116
118
116
115
113
117
115
113
112
116
116
116
113
113
113
