8.660254037844385966e-01
8.928096946231323106e-01
9.116056881941462242e-01
9.116056881941457801e-01
9.021097956087901215e-01
8.836993916167741325e-01
8.928096946231326436e-01
8.327167344081138900e-01
8.747731351357963536e-01
9.116056881941457801e-01
8.928096946231326436e-01
9.116056881941461132e-01
9.213036210472751453e-01
9.021097956087901215e-01
1.007006283470277097e+00
9.413319606352592572e-01
9.413319606352593683e-01
9.622504486493762554e-01
9.954314986028029999e-01
1.043404100945106716e+00
1.096234688334732255e+00
