8.660254037844385966e-01
8.660254037844385966e-01
9.021097956087901215e-01
8.408013628975129494e-01
8.490445135141553301e-01
7.872958216222167849e-01
7.663941626410961661e-01
7.596714068284549093e-01
7.465736239521022499e-01
7.596714068284549093e-01
7.802030664724671771e-01
8.327167344081141120e-01
8.247860988423224571e-01
8.093695362471388099e-01
8.093695362471389210e-01
8.490445135141552191e-01
8.327167344081138900e-01
8.490445135141551081e-01
7.945187190682921896e-01
7.945187190682921896e-01
8.327167344081138900e-01
