8.660254037844385966e-01
8.836993916167741325e-01
8.928096946231326436e-01
8.747731351357964646e-01
8.660254037844384856e-01
8.747731351357964646e-01
8.928096946231324216e-01
8.928096946231324216e-01
9.116056881941458911e-01
9.021097956087901215e-01
8.836993916167739105e-01
8.836993916167741325e-01
9.413319606352593683e-01
9.516762678949873822e-01
9.021097956087901215e-01
9.622504486493761444e-01
9.116056881941461132e-01
9.213036210472750343e-01
9.413319606352592572e-01
9.622504486493761444e-01
1.018853416216986441e+00
