8.660254037844385966e-01
9.213036210472748122e-01
9.116056881941457801e-01
9.021097956087902325e-01
9.116056881941457801e-01
9.312101115961703979e-01
9.622504486493761444e-01
9.622504486493761444e-01
1.007006283470277541e+00
9.730622514431892522e-01
9.413319606352592572e-01
9.841197770277709811e-01
1.056128541200535009e+00
1.069167165165973543e+00
1.018853416216986441e+00
1.043404100945106716e+00
1.069167165165973543e+00
1.110288979210818594e+00
1.170304599708700710e+00
1.273566770271233439e+00
1.237179148263483741e+00
