8.660254037844385966e-01
8.747731351357964646e-01
9.021097956087901215e-01
9.413319606352590352e-01
9.021097956087901215e-01
9.021097956087901215e-01
8.490445135141555522e-01
8.660254037844385966e-01
8.247860988423223461e-01
8.574508948360778371e-01
8.490445135141553301e-01
8.490445135141555522e-01
8.747731351357964646e-01
9.213036210472751453e-01
9.312101115961703979e-01
9.213036210472751453e-01
9.116056881941457801e-01
9.622504486493762554e-01
9.730622514431892522e-01
9.116056881941457801e-01
9.312101115961703979e-01
