0 0 0 0 0 26 51 20 3 0 0 0 0 0 0 0 0 0
0 0 0 0 1 22 50 18 3 0 0 0 0 0 0 0 0 0
0 0 0 0 0 23 50 21 1 0 0 0 0 0 0 0 0 0
0 0 0 0 0 27 44 23 2 0 0 0 0 0 0 0 0 0
0 0 0 0 0 26 43 26 0 0 0 0 0 0 0 0 0 0
0 0 0 0 0 28 40 22 3 0 0 0 0 0 0 0 0 0
0 0 0 0 0 26 39 24 1 0 0 0 0 0 0 0 0 0
0 0 0 0 1 25 39 23 2 0 0 0 0 0 0 0 0 0
0 0 0 0 1 20 44 20 1 0 0 0 0 0 0 0 0 0
0 0 0 0 2 18 49 18 2 0 0 0 0 0 0 0 0 0
0 0 0 0 1 24 42 24 1 0 0 0 0 0 0 0 0 0
0 0 0 0 0 23 44 19 2 0 0 0 0 0 0 0 0 0
0 0 0 0 1 18 44 18 1 0 0 0 0 0 0 0 0 0
0 0 0 0 0 24 34 22 1 0 0 0 0 0 0 0 0 0
0 0 0 0 0 27 33 23 2 0 0 0 0 0 0 0 0 0
0 0 0 0 0 25 38 16 3 1 0 0 0 0 0 0 0 0
0 0 0 0 1 24 33 21 1 1 0 0 0 0 0 0 0 0
0 0 0 0 0 22 36 18 2 0 0 0 0 0 0 0 0 0
0 0 0 0 1 21 32 17 3 0 0 0 0 0 0 0 0 0
0 0 0 0 0 18 36 10 4 0 0 0 0 0 0 0 0 0
0 0 0 0 0 20 33 14 3 0 0 0 0 0 0 0 0 0
