0 0 0 0 1 27 47 22 2 1 0 0 0 0 0 0 0 0
0 0 0 0 0 26 49 20 3 0 0 0 0 0 0 0 0 0
0 0 0 0 0 29 43 21 4 0 0 0 0 0 0 0 0 0
0 0 0 0 0 25 51 21 2 0 0 0 0 0 0 0 0 0
0 0 0 0 0 26 51 20 3 0 0 0 0 0 0 0 0 0
0 0 0 0 0 26 47 26 0 0 0 0 0 0 0 0 0 0
0 0 0 0 0 27 45 23 2 0 0 0 0 0 0 0 0 0
0 0 0 0 0 27 45 23 2 0 0 0 0 0 0 0 0 0
0 0 0 0 1 23 47 23 1 0 0 0 0 0 0 0 0 0
0 0 0 0 1 28 40 24 3 0 0 0 0 0 0 0 0 0
0 0 0 0 0 27 45 25 1 0 0 0 0 0 0 0 0 0
0 0 0 0 0 22 56 18 2 0 0 0 0 0 0 0 0 0
0 0 0 0 0 24 45 22 1 0 0 0 0 0 0 0 0 0
0 0 0 0 0 27 39 23 2 0 0 0 0 0 0 0 0 0
0 0 0 0 2 27 40 23 4 0 0 0 0 0 0 0 0 0
0 0 0 0 0 24 47 14 5 0 0 0 0 0 0 0 0 0
0 0 0 0 2 24 45 20 4 0 0 0 0 0 0 0 0 0
0 0 0 0 1 24 45 22 2 0 0 0 0 0 0 0 0 0
0 0 0 0 0 28 37 26 1 0 0 0 0 0 0 0 0 0
0 0 0 0 0 28 34 28 0 0 0 0 0 0 0 0 0 0
0 0 0 0 1 23 38 21 2 0 0 0 0 0 0 0 0 0
