8.660254037844384856e-01
8.747731351357964646e-01
8.747731351357964646e-01
8.660254037844388186e-01
8.574508948360777261e-01
8.408013628975130604e-01
8.490445135141555522e-01
8.574508948360778371e-01
8.928096946231327546e-01
9.213036210472751453e-01
9.116056881941457801e-01
9.312101115961707309e-01
9.116056881941458911e-01
9.312101115961705089e-01
9.413319606352593683e-01
9.413319606352593683e-01
9.021097956087901215e-01
8.660254037844384856e-01
9.213036210472750343e-01
9.413319606352593683e-01
1.007006283470277541e+00
