8.660254037844385966e-01
9.116056881941457801e-01
8.747731351357965757e-01
8.574508948360778371e-01
9.213036210472750343e-01
9.413319606352593683e-01
9.413319606352592572e-01
9.312101115961705089e-01
9.622504486493761444e-01
9.841197770277709811e-01
1.018853416216986441e+00
1.043404100945106938e+00
1.043404100945106494e+00
1.139507110242681920e+00
1.186336169567724141e+00
1.202813060811720014e+00
1.154700538379251684e+00
1.170304599708700710e+00
1.154700538379251240e+00
1.139507110242682364e+00
1.170304599708700710e+00
