0 0 0 0 0 27 47 25 1 0 0 0 0 0 0 0 0 0
0 0 0 0 1 28 39 30 0 0 0 0 0 0 0 0 0 0
0 0 0 0 0 26 42 26 0 0 0 0 0 0 0 0 0 0
0 0 0 0 0 25 42 25 0 0 0 0 0 0 0 0 0 0
0 0 0 0 4 20 43 22 3 0 0 0 0 0 0 0 0 0
0 0 0 0 1 22 47 18 3 0 0 0 0 0 0 0 0 0
0 0 0 0 1 25 44 21 3 0 0 0 0 0 0 0 0 0
0 0 0 0 1 23 47 19 3 0 0 0 0 0 0 0 0 0
0 0 0 0 3 23 45 23 3 0 0 0 0 0 0 0 0 0
0 0 0 0 0 22 48 16 3 0 0 0 0 0 0 0 0 0
0 0 0 0 0 21 46 19 1 0 0 0 0 0 0 0 0 0
0 0 0 0 0 20 46 16 2 0 0 0 0 0 0 0 0 0
0 0 0 0 0 18 47 16 1 0 0 0 0 0 0 0 0 0
0 0 0 0 0 18 40 18 0 0 0 0 0 0 0 0 0 0
0 0 0 0 1 16 41 18 0 0 0 0 0 0 0 0 0 0
0 0 0 0 1 20 35 20 1 0 0 0 0 0 0 0 0 0
0 0 0 0 2 13 47 17 0 0 0 0 0 0 0 0 0 0
0 0 0 0 0 17 47 17 0 0 0 0 0 0 0 0 0 0
0 0 0 0 1 24 39 22 2 0 0 0 0 0 0 0 0 0
0 0 0 0 1 27 36 23 3 0 0 0 0 0 0 0 0 0
0 0 0 0 1 24 40 22 2 0 0 0 0 0 0 0 0 0
