0 0 0 0 0 21 58 21 0 0 0 0 0 0 0 0 0 0
0 0 0 0 0 26 49 24 1 0 0 0 0 0 0 0 0 0
0 0 0 0 0 21 56 17 2 0 0 0 0 0 0 0 0 0
0 0 0 0 2 27 47 23 4 0 0 0 0 0 0 0 0 0
0 0 0 0 0 26 52 22 2 0 0 0 0 0 0 0 0 0
0 0 0 0 0 34 46 26 4 0 0 0 0 0 0 0 0 0
0 0 0 0 1 26 60 24 2 0 0 0 0 0 0 0 0 0
0 0 0 0 0 30 58 22 4 0 0 0 0 0 0 0 0 0
0 0 0 0 2 23 67 21 3 0 0 0 0 0 0 0 0 0
0 0 0 0 0 24 66 24 0 0 0 0 0 0 0 0 0 0
0 0 0 0 0 25 64 19 3 0 0 0 0 0 0 0 0 0
0 0 0 0 0 19 66 19 0 0 0 0 0 0 0 0 0 0
0 0 0 0 0 29 49 25 2 0 0 0 0 0 0 0 0 0
0 0 0 0 0 32 45 28 2 0 0 0 0 0 0 0 0 0
0 0 0 0 0 36 39 28 4 0 0 0 0 0 0 0 0 0
0 0 0 0 1 24 53 22 2 0 0 0 0 0 0 0 0 0
0 0 0 0 1 27 50 23 3 0 0 0 0 0 0 0 0 0
0 0 0 0 0 25 55 19 3 0 0 0 0 0 0 0 0 0
0 0 0 0 0 26 59 22 2 0 0 0 0 0 0 0 0 0
0 0 0 0 1 23 60 25 0 0 0 0 0 0 0 0 0 0
0 0 0 0 3 17 62 21 1 0 0 0 0 0 0 0 0 0
