0 0 0 0 0 27 47 25 1 0 0 0 0 0 0 0 0 0
0 0 0 0 0 23 56 19 2 0 0 0 0 0 0 0 0 0
0 0 0 0 0 24 51 20 2 0 0 0 0 0 0 0 0 0
0 0 0 0 0 26 52 22 2 0 0 0 0 0 0 0 0 0
0 0 0 0 2 25 54 21 4 0 0 0 0 0 0 0 0 0
0 0 0 0 4 23 52 25 3 0 0 0 0 0 0 0 0 0
0 0 0 0 2 29 50 21 6 0 0 0 0 0 0 0 0 0
0 0 0 0 4 24 49 28 2 0 0 0 0 0 0 0 0 0
0 0 0 0 0 26 50 24 1 0 0 0 0 0 0 0 0 0
0 0 0 0 0 23 54 23 0 0 0 0 0 0 0 0 0 0
0 0 0 0 1 25 52 19 4 0 0 0 0 0 0 0 0 0
0 0 0 0 2 23 52 21 3 0 0 0 0 0 0 0 0 0
0 0 0 0 0 27 51 20 2 1 0 0 0 0 0 0 0 0
0 0 0 0 1 23 55 23 1 0 0 0 0 0 0 0 0 0
0 0 0 0 0 18 58 16 1 0 0 0 0 0 0 0 0 0
0 0 0 0 0 19 55 17 1 0 0 0 0 0 0 0 0 0
0 0 0 0 0 20 58 12 4 0 0 0 0 0 0 0 0 0
0 0 0 0 1 23 52 21 2 0 0 0 0 0 0 0 0 0
0 0 0 0 0 21 61 19 1 0 0 0 0 0 0 0 0 0
0 0 0 0 0 18 61 18 0 0 0 0 0 0 0 0 0 0
0 0 0 0 1 23 50 21 2 0 0 0 0 0 0 0 0 0
