0 0 0 0 0 23 56 19 2 0 0 0 0 0 0 0 0 0
0 0 0 0 1 25 43 25 1 0 0 0 0 0 0 0 0 0
0 0 0 0 2 28 38 30 1 0 0 0 0 0 0 0 0 0
0 0 0 0 0 26 51 22 2 0 0 0 0 0 0 0 0 0
0 0 0 0 1 23 47 21 2 0 0 0 0 0 0 0 0 0
0 0 0 0 1 21 48 21 1 0 0 0 0 0 0 0 0 0
0 0 0 0 0 24 46 20 2 0 0 0 0 0 0 0 0 0
0 0 0 0 0 25 44 23 1 0 0 0 0 0 0 0 0 0
0 0 0 0 1 23 41 25 0 0 0 0 0 0 0 0 0 0
0 0 0 0 2 17 49 19 1 0 0 0 0 0 0 0 0 0
0 0 0 0 0 19 49 15 2 0 0 0 0 0 0 0 0 0
0 0 0 0 0 19 47 15 2 0 0 0 0 0 0 0 0 0
0 0 0 0 1 18 45 18 1 0 0 0 0 0 0 0 0 0
0 0 0 0 1 15 43 17 0 0 0 0 0 0 0 0 0 0
0 0 0 0 0 17 40 15 1 0 0 0 0 0 0 0 0 0
0 0 0 0 0 13 47 11 1 0 0 0 0 0 0 0 0 0
0 0 0 0 1 21 34 15 4 0 0 0 0 0 0 0 0 0
0 0 0 0 0 24 29 19 1 1 0 0 0 0 0 0 0 0
0 0 0 0 1 24 27 20 3 0 0 0 0 0 0 0 0 0
0 0 0 0 1 21 35 16 2 1 0 0 0 0 0 0 0 0
0 0 0 0 0 19 38 15 2 0 0 0 0 0 0 0 0 0
