100
100
99
97
96
97
94
96
98
104
103
102
109
107
105
106
104
108
107
105
108
107
109
108
108
112
113
110
109
111
108
108
106
108
102
102
99
102
99
100
93
92
90
90
92
91
89
88
90
94
95
93
98
98
99
94
95
97
97
102
101
99
98
97
99
96
95
93
90
90
94
92
93
100
99
99
96
95
97
94
93
97
99
98
96
95
96
95
97
94
91
90
88
86
88
89
87
83
86
85
83
85
85
86
84
85
85
90
92
94
96
93
89
90
93
89
92
88
87
90
86
89
85
87
88
92
92
93
93
94
94
96
94
95
96
99
97
100
100
97
97
95
97
100
98
96
99
98
98
97
95
95
88
88
87
90
91
91
93
94
93
90
93
95
97
96
97
102
101
101
99
97
100
98
97
96
93
95
96
96
98
94
97
99
103
101
104
100
101
101
100
98
99
97
92
91
92
93
92
94
92
92
92
92
92
92
93
95
94
91
92
92
94
94
91
92
90
89
91
92
94
93
94
95
96
99
101
102
100
100
97
103
106
108
104
104
103
102
101
105
106
107
107
105
100
99
94
90
92
89
87
85
85
88
89
87
90
89
92
98
97
99
99
100
100
99
100
101
99
100
101
99
100
101
98
96
97
96
97
102
106
108
108
108
108
110
109
107
106
105
104
104
102
101
102
98
102
102
100
99
98
95
96
98
97
102
105
107
103
103
109
107
105
107
107
107
107
109
110
111
110
108
108
112
116
114
111
114
117
122
121
118
119
123
121
121
123
122
123
122
120
119
115
119
119
116
111
110
110
113
117
117
114
117
118
121
112
114
117
119
118
116
112
110
108
106
109
109
105
103
104
102
102
101
102
99
96
98
102
101
107
108
107
108
108
102
100
100
98
96
91
94
94
95
93
95
97
96
96
99
100
106
105
106
108
106
107
103
101
101
99
101
99
97
97
93
91
92
91
91
93
98
97
97
93
98
98
96
101
104
100
99
98
100
101
100
100
98
94
91
90
92
91
90
88
87
84
86
89
90
93
91
90
89
90
89
84
85
86
81
84
83
81
82
83
82
79
80
78
76
76
76
77
79
83
82
81
81
82
80
81
80
80
81
83
84
87
91
87
85
83
78
78
77
78
81
81
84
87
91
92
93
92
92
92
93
94
93
92
90
94
94
89
84
84
85
87
85
86
84
86
85
85
86
85
86
86
89
91
90
89
90
91
90
90
91
90
88
85
87
87
85
85
81
76
78
76
78
75
78
81
76
75
73
72
70
68
69
69
66
68
69
74
68
65
64
61
61
62
63
64
65
69
68
70
72
73
73
74
73
72
68
66
68
67
64
64
66
64
62
63
64
64
65
64
63
64
64
66
72
73
71
69
68
67
67
63
64
62
63
61
60
59
55
53
54
51
51
50
53
50
50
51
55
56
55
55
56
55
53
56
55
55
54
52
53
51
50
47
48
49
48
49
50
51
56
56
56
56
54
57
56
57
55
54
54
53
55
55
55
57
55
54
53
51
46
47
48
49
49
49
47
47
45
45
45
44
45
42
43
43
43
42
41
40
39
39
40
39
37
39
38
37
38
38
39
38
37
37
37
37
39
39
40
39
37
38
38
38
36
34
33
32
30
33
38
40
41
38
38
37
36
35
34
35
36
36
37
37
34
34
31
30
30
31
30
30
29
29
29
30
30
30
32
34
34
34
34
35
33
34
34
32
33
34
33
33
32
32
31
33
31
29
29
31
34
34
35
32
31
32
32
30
29
30
31
32
32
34
34
34
36
33
33
32
33
33
32
31
30
32
33
34
34
35
34
33
32
30
30
30
32
31
30
30
31
34
33
32
33
35
37
36
33
34
33
31
31
32
34
33
33
34
33
34
33
35
34
35
34
33
34
33
33
34
34
38
40
40
40
39
37
39
36
36
36
36
36
37
36
38
37
35
35
35
36
34
37
37
38
40
38
36
35
35
36
36
35
34
34
33
33
31
26
26
27
26
28
27
30
31
30
30
30
30
27
25
26
28
28
30
30
29
29
29
29
28
28
28
30
29
33
32
34
33
33
35
34
31
32
33
33
33
35
35
34
31
31
31
31
33
33
33
34
36
36
40
40
41
42
42
42
44
45
45
46
46
44
45
45
44
42
41
43
40
39
38
38
37
36
38
40
41
41
39
42
42
43
47
45
45
44
44
44
42
39
38
37
36
34
37
35
35
35
36
36
37
35
34
35
37
39
40
36
34
35
35
34
34
35
35
35
35
35
36
37
39
38
38
38
36
