100
97
97
100
96
98
103
105
103
102
104
102
103
100
103
104
99
97
95
96
100
104
104
101
99
102
100
103
98
98
96
95
98
97
94
86
86
86
83
83
85
90
85
83
84
84
84
80
83
83
82
86
88
87
86
83
85
85
81
81
83
80
82
82
82
83
81
80
81
81
84
84
85
87
89
89
89
90
90
90
93
93
92
92
92
94
95
96
96
95
96
94
95
93
96
96
96
94
98
99
98
99
97
97
99
96
94
91
95
90
87
84
83
85
88
85
87
88
84
85
86
83
84
84
87
92
91
87
86
83
78
80
79
78
80
81
82
81
83
82
76
72
73
72
72
68
69
72
71
72
74
76
73
71
73
71
71
71
71
71
75
76
74
74
74
71
69
69
71
70
75
76
73
73
74
76
78
80
79
79
83
81
78
77
78
77
74
74
75
75
77
73
76
76
76
75
75
80
79
80
80
79
83
81
79
80
79
77
74
73
70
70
72
75
73
76
76
78
78
79
81
80
77
74
79
79
81
82
81
80
79
74
72
74
74
72
74
72
75
75
72
70
73
76
74
74
73
72
70
71
72
74
70
71
71
66
62
62
59
60
60
59
59
62
61
64
62
64
63
63
66
68
67
67
71
71
70
69
69
67
66
64
63
61
60
65
66
66
65
63
60
62
62
64
64
62
62
62
63
61
65
62
58
58
58
58
60
59
58
58
56
57
56
61
62
61
61
62
61
57
57
58
60
60
60
62
62
63
61
58
58
58
56
55
56
57
57
61
63
62
63
63
65
65
65
64
65
63
64
63
63
66
68
67
64
62
63
61
66
66
66
65
68
66
65
64
68
68
66
66
66
66
67
69
68
67
71
66
65
64
65
63
63
61
60
58
58
59
59
62
60
59
61
59
62
58
58
58
59
58
58
56
59
59
59
58
58
55
56
55
56
58
56
55
55
59
59
59
59
57
56
56
57
58
58
58
57
59
60
60
61
63
64
62
62
62
66
71
71
70
68
66
69
72
75
77
76
72
70
69
70
69
66
66
66
66
66
68
67
69
64
62
62
64
63
69
70
71
70
70
69
66
65
66
67
63
62
62
62
60
61
60
59
57
55
53
54
55
57
58
56
59
60
61
59
60
60
59
56
58
58
58
60
60
62
61
62
64
62
63
61
63
66
65
68
65
65
68
67
65
63
63
62
65
65
64
65
65
65
63
59
61
62
62
63
65
70
69
68
65
63
59
59
56
55
50
55
54
55
57
57
58
58
59
57
58
57
59
55
55
54
53
56
60
60
59
59
56
58
58
57
56
57
58
58
60
60
59
57
56
57
57
59
55
53
53
52
52
51
48
50
49
51
51
52
54
57
57
55
57
57
59
59
59
59
60
62
60
57
56
57
58
57
61
63
64
67
66
65
65
62
59
61
64
65
64
62
64
63
63
64
62
61
61
60
61
63
63
64
64
66
65
67
66
63
63
59
59
59
55
54
56
56
57
58
58
58
60
62
63
62
61
60
61
64
64
66
69
68
69
69
67
66
65
66
67
68
66
68
69
66
65
65
63
63
63
62
66
65
65
67
68
69
67
71
72
72
70
69
69
69
68
67
68
70
70
71
70
68
66
65
64
64
65
68
69
70
70
70
74
75
75
75
74
75
74
71
70
70
71
72
72
69
67
69
70
71
75
70
70
72
73
76
74
75
75
77
76
74
70
67
69
70
67
66
69
68
67
66
63
63
65
66
68
70
71
71
70
65
66
62
61
62
62
63
64
64
65
63
60
60
62
61
64
64
64
66
65
66
69
70
72
74
73
73
73
71
70
67
69
71
69
74
71
66
61
61
63
63
62
61
61
64
66
64
65
66
68
66
66
66
65
64
65
66
66
67
66
68
71
71
69
69
67
67
66
69
68
66
67
65
59
59
58
59
58
57
60
63
61
60
62
64
63
60
59
58
56
55
56
57
57
56
57
56
58
56
54
56
57
57
52
52
53
52
51
50
50
49
50
50
50
49
51
53
53
55
54
54
53
51
52
51
53
53
54
53
54
50
48
51
52
51
49
48
48
45
43
45
44
44
44
46
46
46
46
45
48
47
47
46
44
45
44
44
45
44
44
42
44
43
44
45
41
42
42
42
43
43
42
45
45
42
42
43
43
43
42
41
39
37
37
39
41
41
39
38
37
38
36
36
36
37
36
37
37
37
37
38
39
39
39
39
37
38
38
38
37
39
41
39
40
39
38
37
37
40
38
38
37
37
37
42
43
42
47
45
44
44
40
40
