100
99
101
103
99
99
96
92
94
95
93
93
87
87
85
88
86
85
83
84
82
82
84
88
88
88
89
89
89
90
91
93
92
90
86
84
85
87
90
94
89
89
86
84
84
84
83
86
87
89
86
86
85
85
85
85
88
91
89
87
86
90
88
89
87
87
89
91
90
87
88
86
83
82
81
78
74
76
74
73
73
69
72
74
73
73
73
74
71
73
73
73
70
70
70
68
66
66
70
73
69
68
67
65
66
65
67
68
68
70
70
67
69
66
69
71
71
72
68
68
67
65
66
63
65
66
67
65
62
63
63
63
57
60
64
63
63
63
60
60
59
57
59
56
56
57
55
55
57
56
54
53
54
55
55
55
55
52
58
57
57
56
52
50
51
53
56
54
54
49
48
47
44
44
43
42
41
41
43
43
45
45
47
47
46
46
46
42
41
43
43
43
42
42
40
40
40
40
42
41
40
43
45
43
44
44
42
41
40
39
39
38
37
36
36
37
36
36
37
37
35
35
35
38
40
40
44
41
40
41
40
40
39
38
39
36
38
38
36
36
34
33
32
30
34
34
33
35
36
36
35
35
33
33
32
31
30
29
28
26
28
28
27
26
26
25
24
25
28
30
30
32
34
37
39
39
36
32
30
29
28
29
28
30
30
31
30
28
28
28
27
26
28
30
32
31
33
32
32
33
33
31
32
32
34
35
35
33
32
32
31
33
33
33
32
32
33
35
34
36
38
39
39
39
38
36
35
35
35
36
36
34
33
33
34
33
32
30
31
29
31
33
34
34
34
36
36
39
39
39
37
37
36
36
37
35
35
34
35
34
34
35
36
34
34
35
36
38
40
41
40
39
40
37
38
38
36
35
35
33
31
32
34
35
33
33
34
34
35
36
38
37
38
40
40
41
42
42
42
42
42
40
40
39
39
40
40
41
39
43
46
46
46
46
46
44
44
44
42
41
44
42
42
41
40
41
41
40
41
42
41
44
44
45
45
47
47
49
50
49
50
52
50
51
51
51
52
52
54
51
49
49
49
51
53
54
55
54
56
57
57
59
59
60
60
58
56
56
55
56
52
53
49
48
48
49
50
49
48
51
53
56
58
57
58
58
58
58
60
59
60
58
58
56
53
53
52
51
52
50
50
49
50
52
51
52
53
51
50
47
48
48
49
48
46
47
46
42
41
36
38
40
39
40
39
41
41
42
44
45
42
41
45
44
45
45
45
45
43
44
44
41
40
40
40
40
40
44
45
44
46
44
46
45
45
44
45
45
43
44
43
43
45
45
43
43
46
46
47
46
50
55
54
55
54
59
57
57
56
58
59
55
53
52
51
48
49
49
51
52
53
51
53
54
57
55
61
60
60
59
57
56
58
59
60
59
58
52
52
53
51
54
53
54
57
57
60
59
57
57
58
60
58
61
60
58
60
61
60
59
60
60
60
59
56
55
56
56
61
61
61
60
59
57
56
56
58
57
58
60
61
56
55
56
54
53
52
51
51
52
54
52
54
54
55
55
55
56
55
52
51
53
56
57
55
52
52
53
53
52
52
52
52
55
57
56
56
59
57
58
57
56
57
54
57
60
62
63
63
62
62
59
60
61
59
60
60
62
59
57
56
57
57
52
53
54
56
57
60
64
63
63
62
60
58
53
53
55
52
51
54
54
54
55
55
53
52
52
53
51
53
51
51
49
52
52
52
51
51
47
49
50
52
55
51
51
48
50
50
45
46
46
47
47
45
45
46
43
44
44
46
45
45
45
50
51
51
51
53
54
53
52
51
52
53
54
53
53
53
50
51
54
55
54
53
53
54
53
51
51
52
54
53
51
52
53
55
52
50
50
49
49
51
48
48
49
47
47
44
43
40
40
40
39
39
42
42
43
41
39
41
38
40
41
42
43
39
39
41
39
38
37
37
33
33
30
29
28
27
27
29
27
25
26
25
24
26
26
25
25
25
24
23
23
22
21
20
19
17
16
15
15
15
15
15
16
16
18
18
17
16
15
14
15
17
18
17
17
17
17
17
16
17
17
17
18
18
19
18
18
19
19
19
18
16
18
17
17
19
18
19
19
19
19
19
20
21
21
20
20
19
19
19
19
18
17
18
19
19
21
20
20
19
19
19
22
22
21
21
21
22
23
23
22
20
21
20
21
21
23
24
23
24
23
24
24
25
26
27
25
23
22
22
22
21
21
21
21
23
21
23
22
20
20
21
23
23
24
25
25
22
23
23
22
23
23
24
20
19
18
19
18
17
16
17
16
17
15
15
15
15
