100
101
101
99
101
100
99
96
96
95
98
96
97
97
96
97
95
97
96
91
88
87
86
88
86
85
83
83
82
87
90
90
90
93
91
88
90
86
91
89
86
85
85
84
87
86
88
86
86
84
86
89
90
90
93
91
96
95
101
103
104
101
103
105
106
106
105
104
104
103
104
102
101
96
94
96
96
94
94
95
93
95
95
97
94
100
100
100
98
100
101
96
94
95
93
92
93
91
93
94
99
99
101
102
101
99
98
94
94
97
97
97
97
101
102
101
101
98
102
102
100
99
99
100
98
97
100
99
95
95
95
96
94
95
99
97
101
103
104
98
96
95
95
97
100
100
100
101
104
102
104
106
104
106
103
100
99
95
99
101
97
94
95
95
97
94
97
100
97
97
97
95
96
98
98
101
100
97
93
91
89
88
85
86
87
90
91
88
86
86
87
87
84
84
87
91
91
92
94
97
98
97
98
98
98
98
101
96
95
95
90
87
89
88
90
86
87
86
85
86
87
89
87
89
91
96
96
97
96
93
93
91
88
89
88
92
95
96
96
92
87
88
87
85
86
88
85
86
89
85
86
88
85
83
80
80
78
81
82
82
84
82
81
82
81
86
83
79
77
76
76
78
81
81
84
88
89
88
85
85
84
85
81
81
85
86
85
81
85
84
85
89
93
89
83
87
86
84
82
83
83
82
84
86
85
82
81
82
82
82
83
85
87
86
84
83
83
78
78
77
74
77
79
83
81
84
85
82
82
80
80
80
81
82
82
80
79
78
79
79
78
77
73
79
77
78
79
77
78
78
76
74
76
80
80
76
75
77
78
79
80
81
80
80
79
79
83
82
84
82
77
76
73
74
76
77
77
73
77
82
81
77
77
74
73
73
76
75
79
80
80
82
83
82
83
83
82
79
76
77
78
74
73
72
76
75
77
78
75
73
75
72
72
72
72
73
75
75
72
73
71
75
75
74
75
74
75
79
76
78
77
77
79
75
74
73
73
73
75
72
72
76
77
77
80
77
73
71
71
71
67
69
69
68
69
70
68
65
64
66
67
70
68
68
68
66
65
66
66
68
69
67
68
70
68
67
66
65
66
67
69
69
69
65
63
59
60
59
60
63
62
62
64
64
61
64
64
64
64
65
67
69
70
70
68
64
61
59
57
57
55
55
54
52
53
55
53
55
52
54
54
53
52
52
53
54
55
52
50
50
47
46
48
45
44
40
40
38
40
38
41
39
40
40
41
41
40
42
40
41
43
41
40
38
34
35
34
35
35
33
33
32
33
31
31
29
28
29
30
30
30
33
34
34
34
33
32
32
31
30
30
29
28
29
28
30
30
30
30
30
30
31
30
32
34
35
35
34
35
34
34
34
32
31
31
31
31
29
28
29
29
29
30
33
33
33
33
36
38
37
36
37
40
40
38
37
38
35
34
33
33
33
34
34
35
36
35
34
35
33
34
37
38
40
39
40
42
40
38
39
39
37
35
35
38
36
36
35
36
35
35
35
37
38
40
43
44
45
45
46
46
45
44
44
42
41
42
40
40
39
37
39
39
40
39
39
43
44
46
48
51
49
47
49
48
46
48
46
46
46
45
47
45
43
42
43
44
46
49
50
51
51
54
52
53
54
55
56
55
55
55
51
50
50
50
48
47
48
46
47
46
47
46
46
46
52
52
52
50
50
51
51
52
51
50
51
50
49
48
47
44
41
42
41
39
41
44
46
46
44
46
46
47
49
50
50
48
46
45
42
41
40
40
42
42
42
41
41
42
42
42
42
42
44
42
42
40
41
41
43
40
40
39
39
39
39
41
42
44
44
43
44
43
44
48
48
51
50
48
47
49
47
47
48
46
45
48
46
47
48
48
46
44
45
48
52
52
50
48
49
48
50
51
51
50
47
46
45
42
42
44
45
43
42
40
39
41
40
39
39
41
41
42
42
44
44
41
41
41
40
38
39
39
39
38
37
38
40
37
38
36
37
38
38
40
42
41
38
36
34
32
32
32
33
34
35
34
30
31
31
31
32
31
31
31
30
31
29
33
34
36
36
37
37
35
36
36
36
37
37
36
36
37
37
37
37
38
37
37
40
39
38
39
40
42
40
41
43
41
41
42
42
43
42
41
40
38
36
35
33
33
30
29
32
32
32
34
33
34
32
33
30
27
26
26
25
25
23
23
23
24
24
24
22
22
23
23
22
26
26
27
25
24
23
23
23
23
23
24
25
25
24
22
23
23
23
23
23
22
22
21
26
26
25
24
24
24
24
22
23
22
