100
102
99
103
102
103
106
100
103
105
103
102
102
102
100
103
104
102
102
104
103
101
100
100
99
101
103
106
106
102
104
106
108
109
106
108
109
109
110
117
119
127
125
123
125
120
117
114
113
117
118
120
117
116
114
115
113
113
115
114
112
111
111
112
108
108
109
115
114
115
114
114
114
110
110
110
111
108
108
110
112
114
110
108
109
114
116
114
116
117
113
116
113
108
106
109
110
111
110
115
116
121
125
125
124
121
117
116
119
114
112
109
110
109
107
109
106
106
103
108
108
103
102
104
106
107
108
111
110
110
109
108
109
109
111
108
109
103
102
102
102
100
103
99
101
101
107
110
106
107
109
109
108
106
106
101
101
99
99
100
101
103
106
104
103
104
108
109
110
107
104
108
102
103
100
97
95
93
90
88
87
86
87
87
91
91
92
90
93
94
100
98
99
100
101
105
101
104
102
104
102
102
98
94
91
92
92
90
93
91
94
97
97
103
100
98
102
104
107
106
102
104
102
97
94
94
93
88
88
86
83
84
81
83
84
84
84
85
86
86
87
89
92
91
91
91
90
91
91
90
89
84
79
77
78
78
79
82
86
82
80
78
82
83
83
87
83
83
85
88
87
87
86
85
83
81
81
79
77
77
82
82
87
91
93
94
97
94
92
93
94
95
95
92
90
86
85
82
81
83
79
80
79
81
81
81
82
82
83
84
83
85
85
82
81
78
78
76
75
73
71
70
66
65
64
62
61
63
67
68
71
73
73
76
76
75
76
74
71
70
68
70
68
65
65
64
62
66
64
65
69
70
70
70
69
67
66
66
68
67
67
69
67
67
67
68
67
66
70
71
69
68
70
73
73
71
71
71
71
72
70
74
73
74
77
77
80
82
81
78
79
81
79
78
77
75
75
80
78
76
79
76
76
73
74
70
68
70
65
66
64
65
67
66
67
65
69
68
71
71
73
74
78
77
76
73
72
75
77
75
75
74
74
74
74
71
70
70
71
71
71
68
68
67
68
69
70
69
68
68
66
67
69
69
71
68
66
68
66
65
65
63
61
64
66
68
67
67
68
67
67
66
69
70
69
68
68
67
67
69
71
71
68
68
70
70
71
72
71
72
70
74
74
75
76
79
82
78
78
78
80
80
84
87
84
82
83
82
76
76
77
77
79
81
81
81
82
85
84
85
86
84
84
86
83
83
80
81
82
82
84
83
80
80
79
81
81
83
78
78
82
83
82
82
85
85
84
87
89
88
90
90
92
90
88
86
87
87
85
86
84
89
89
92
91
96
93
93
94
96
96
93
89
91
95
95
93
89
89
89
91
94
92
94
94
95
98
96
98
94
90
91
93
88
88
89
93
93
92
93
93
91
89
90
90
90
89
89
89
91
94
96
99
101
93
93
96
97
94
95
95
93
94
94
95
95
94
96
97
97
95
94
98
96
95
98
99
100
100
103
103
102
105
105
107
106
107
105
105
100
100
101
100
102
103
104
104
103
105
105
108
104
105
104
106
109
107
106
105
104
106
101
104
103
105
107
108
105
105
108
108
107
106
106
104
103
103
102
103
106
106
105
107
105
106
105
108
108
105
110
110
107
103
107
106
107
107
106
101
100
106
107
107
106
102
100
105
107
108
108
112
108
108
105
103
105
104
105
105
104
99
99
102
106
103
101
97
97
96
96
96
95
98
101
101
102
102
109
108
108
112
111
112
114
111
112
113
109
107
106
105
107
103
108
107
107
111
111
117
119
118
120
114
114
117
117
118
117
113
110
108
108
108
106
107
106
104
105
107
110
110
111
112
112
115
116
116
119
115
110
109
109
110
112
112
113
111
110
110
111
108
110
114
112
114
110
113
111
112
108
108
108
110
111
106
105
105
108
106
106
107
106
111
114
114
112
112
110
109
112
108
107
110
118
117
118
118
115
116
119
121
120
119
121
123
124
125
123
120
122
123
120
121
122
124
122
121
122
122
123
126
124
127
129
129
128
130
132
133
133
135
133
132
133
136
134
134
133
131
133
132
130
134
139
138
137
137
135
134
135
138
138
140
140
140
145
142
142
139
142
139
136
132
133
133
135
134
132
134
132
127
125
122
119
119
122
127
125
124
126
122
124
125
123
123
124
128
127
129
129
129
126
128
129
127
127
128
128
124
121
121
121
123
121
121
122
124
125
129
129
130
133
131
129
130
132
132
134
136
137
133
125
123
122
119
118
120
122
124
125
123
128
128
122
122
124
128
126
128
127
127
127
126
127
124
120
118
115
115
116
118
