100
99
98
97
97
98
98
103
106
103
101
99
100
99
99
103
105
109
110
104
103
103
104
105
105
104
104
101
102
103
100
102
101
104
103
100
101
102
106
106
108
106
104
105
106
105
104
108
107
105
105
107
108
108
106
105
108
107
108
106
106
104
102
103
106
108
110
107
106
110
110
109
112
112
115
115
115
116
116
115
114
112
109
108
110
108
112
112
114
115
117
113
112
112
110
112
117
118
117
119
121
118
118
116
114
112
112
114
109
109
107
108
109
112
109
113
115
114
115
115
115
117
115
111
112
119
115
111
112
111
110
110
109
107
106
105
103
106
104
104
107
109
108
110
110
111
111
113
111
112
113
110
107
107
107
107
105
106
105
107
109
109
110
107
106
110
109
108
105
103
109
111
112
113
109
109
110
109
110
109
108
110
111
111
109
110
107
105
109
109
109
110
113
111
115
118
112
112
112
108
108
109
107
111
111
113
112
111
110
109
108
108
107
111
109
104
105
108
108
113
112
110
109
107
104
105
107
109
110
114
116
111
112
110
113
115
115
114
113
114
113
114
115
115
116
118
117
115
113
111
111
111
115
113
115
116
116
115
112
115
114
114
119
117
115
112
109
107
110
107
106
105
106
106
102
105
106
112
113
115
113
113
111
113
113
112
114
113
112
112
109
106
106
108
105
107
110
111
113
114
119
119
118
117
118
117
119
120
120
121
120
118
117
113
112
110
110
109
110
110
111
112
110
111
113
111
112
112
109
111
105
107
110
114
113
112
112
114
115
114
113
110
111
111
112
114
114
115
114
110
111
113
112
111
110
111
114
115
114
116
118
116
116
117
117
115
115
113
113
109
110
106
107
106
107
106
106
109
111
108
106
109
109
107
107
107
109
109
110
111
108
106
102
105
104
105
108
109
106
107
109
111
111
109
108
107
109
110
109
109
108
108
105
102
105
103
103
102
101
95
98
96
92
97
94
93
93
90
91
87
88
88
89
89
88
88
90
91
94
93
95
94
92
91
90
88
89
93
94
92
90
93
93
96
90
93
92
89
90
89
87
84
81
80
78
83
83
81
84
86
85
87
88
89
90
94
93
96
97
96
96
95
94
95
92
92
91
88
87
85
82
84
90
91
91
90
90
93
92
93
97
95
94
93
94
95
92
92
87
86
84
85
83
83
78
76
75
79
78
81
79
80
81
84
84
82
82
83
85
85
88
87
84
82
83
81
77
76
76
77
77
77
79
77
75
74
74
77
74
71
78
76
76
78
79
77
78
74
75
76
76
73
73
75
73
70
70
68
70
73
75
75
76
77
78
76
77
78
77
77
76
74
72
74
72
69
69
69
66
66
67
65
65
62
65
63
63
63
65
70
72
75
71
72
71
73
71
71
70
69
73
70
70
69
69
66
68
67
69
69
66
65
63
65
66
65
67
68
65
64
64
63
64
62
61
64
61
59
61
60
60
61
61
61
64
65
66
64
67
70
72
72
74
74
74
76
75
75
74
75
75
74
73
74
72
75
75
74
70
72
76
78
79
82
81
84
83
82
81
84
83
83
83
81
82
81
82
80
78
77
78
80
78
77
76
77
78
77
76
73
76
75
77
81
82
85
84
84
83
84
83
83
84
84
83
83
83
83
87
88
86
87
85
87
88
87
87
85
85
89
85
87
84
82
85
83
79
79
80
84
84
84
85
84
81
77
76
80
78
77
79
77
77
81
81
82
82
80
78
79
81
82
83
86
86
89
93
90
83
83
84
85
86
82
81
81
82
81
83
86
86
87
85
88
90
87
88
92
93
96
95
94
92
91
96
96
94
94
92
96
95
94
96
93
97
100
98
98
103
104
105
104
108
110
109
104
100
100
96
98
99
98
95
94
95
92
93
90
93
93
100
102
101
99
103
100
102
100
103
105
104
103
101
96
95
96
96
95
93
96
101
102
100
103
109
105
106
107
106
107
105
105
105
102
98
97
95
98
93
92
93
96
96
96
97
99
100
101
99
96
95
97
98
100
98
97
97
96
94
97
100
98
94
93
92
90
90
96
96
96
97
98
100
100
102
105
106
109
110
112
114
115
112
111
117
116
114
115
114
111
114
113
117
115
117
116
117
118
118
121
120
119
119
121
119
122
121
121
121
121
120
119
120
118
115
115
113
115
117
120
122
123
122
123
120
121
122
119
119
119
120
120
120
122
118
114
112
114
112
111
109
109
109
111
113
114
114
112
112
111
110
108
106
106
106
105
107
103
103
99
97
100
98
94
96
96
95
94
94
96
97
