100
96
97
96
95
94
97
104
109
105
102
104
102
101
100
98
96
95
94
94
94
93
91
87
89
92
90
90
93
92
94
95
93
94
95
94
94
94
94
94
92
92
94
97
98
97
98
98
98
96
96
98
102
101
101
100
102
103
102
100
100
91
92
94
91
88
91
93
92
95
95
94
95
97
96
96
95
96
93
94
95
91
92
94
95
99
102
101
100
100
104
104
102
101
94
94
91
90
90
88
89
88
88
84
84
84
84
83
80
86
87
87
85
85
84
82
83
81
81
80
82
80
77
77
74
73
76
78
80
79
81
89
88
89
89
87
90
91
90
90
88
89
90
90
89
90
91
90
90
90
87
85
89
91
93
89
88
86
91
94
91
88
87
87
86
87
90
90
91
89
89
88
83
81
82
82
82
86
88
94
94
92
89
87
90
92
93
93
94
98
96
94
93
94
93
92
94
99
99
101
104
107
108
106
100
97
96
101
100
101
100
95
95
97
94
92
94
91
89
88
85
90
93
89
91
90
88
86
87
87
85
86
84
87
91
91
92
91
90
87
84
87
83
82
83
86
91
91
91
89
93
92
94
93
91
91
93
90
90
91
89
93
93
91
92
96
97
97
97
102
108
109
110
107
106
105
108
106
106
107
109
108
105
107
106
105
106
106
111
112
116
118
120
118
118
117
119
119
119
119
117
119
116
116
113
113
113
114
114
119
118
114
117
117
117
117
119
120
122
124
123
122
121
117
116
117
115
115
113
115
115
116
114
117
115
112
112
114
114
115
116
117
119
122
119
120
119
118
116
117
118
115
119
118
118
115
116
117
117
113
114
117
117
117
115
117
120
121
121
120
119
120
119
116
116
117
116
118
117
117
116
118
115
112
112
113
112
115
114
115
111
117
120
116
113
110
105
105
107
106
108
110
110
108
116
113
114
113
115
111
110
110
110
108
107
107
105
107
110
107
107
105
104
104
102
105
105
106
109
109
112
110
107
107
106
104
105
104
103
101
103
100
100
100
107
107
104
104
107
110
107
105
102
102
103
102
104
105
103
103
101
103
101
103
102
101
101
104
101
104
108
107
106
106
106
106
106
107
106
106
108
108
107
108
106
106
106
106
104
104
102
104
108
109
110
109
112
116
113
111
109
109
110
106
109
107
106
107
106
110
112
113
112
112
113
112
111
113
110
114
111
110
114
114
115
114
113
112
116
117
115
118
116
117
116
115
119
118
115
113
115
113
111
111
111
112
107
109
108
107
108
109
110
107
105
103
104
105
104
105
108
109
109
111
113
117
115
115
115
115
114
114
113
112
110
110
109
108
106
106
104
98
97
98
95
97
98
98
100
99
99
99
96
96
93
90
89
91
87
88
87
91
87
83
81
81
82
84
85
89
86
85
87
83
84
86
88
91
94
94
94
94
93
92
92
91
89
89
86
88
89
91
90
88
92
88
87
91
92
90
89
84
85
85
86
86
86
87
84
86
82
83
83
86
85
89
88
87
86
89
88
88
90
90
88
88
88
87
86
87
86
83
83
82
85
85
86
89
86
85
84
83
86
88
87
90
93
94
88
89
90
93
94
91
91
92
95
91
88
89
88
86
86
83
85
89
90
90
91
91
92
93
91
90
95
95
96
97
95
94
94
93
91
88
87
90
88
89
92
91
93
94
98
97
95
93
93
95
98
97
98
97
100
99
99
100
100
98
100
101
100
98
99
104
105
105
108
111
114
113
110
110
112
110
112
110
108
107
107
107
107
108
110
111
112
113
111
113
117
115
115
116
114
115
114
113
111
112
112
110
112
110
108
108
106
107
108
110
110
112
112
112
111
114
114
113
114
113
111
110
110
109
109
106
105
105
108
105
107
110
115
112
112
112
113
113
114
113
110
111
111
110
109
112
110
110
113
115
114
113
116
118
123
122
126
125
123
120
120
121
121
119
117
117
118
118
117
119
122
119
119
119
118
122
122
122
122
121
118
118
118
118
118
116
114
112
112
110
108
107
106
105
102
104
104
108
111
111
109
108
110
112
111
107
104
101
102
100
102
107
107
107
109
107
108
110
111
114
114
112
117
117
119
116
119
117
119
115
114
116
120
119
117
118
117
115
116
115
112
110
112
112
114
115
117
114
114
114
110
105
104
104
103
104
103
102
104
106
102
100
101
101
98
101
100
101
101
104
109
109
113
111
115
116
116
115
113
113
111
114
115
114
115
117
115
114
112
112
113
115
118
117
117
118
118
120
121
123
120
118
117
116
119
118
118
118
117
114
113
111
111
