100
96
94
99
98
93
93
93
94
91
90
91
95
93
95
94
94
94
88
87
87
87
86
84
86
84
80
79
79
77
78
79
82
81
83
83
80
81
81
88
91
93
95
98
100
100
95
90
90
86
87
84
83
85
85
84
84
83
82
83
88
91
90
92
96
97
97
100
98
98
99
101
99
99
95
93
93
92
92
90
87
88
92
91
94
94
94
97
103
103
104
101
99
99
99
100
101
100
100
99
99
101
98
97
100
100
99
99
101
100
101
105
102
102
103
101
100
103
101
100
96
97
93
92
92
90
89
92
89
87
91
95
93
94
94
93
95
99
101
99
100
99
98
97
98
95
93
94
92
94
92
91
89
94
91
87
90
88
88
90
89
90
91
92
92
91
91
89
86
83
79
75
78
76
76
78
77
76
75
70
71
70
73
71
75
75
76
74
78
78
77
77
77
75
76
75
78
79
75
77
79
78
73
76
76
75
75
78
80
83
85
87
88
88
90
91
91
89
84
83
84
84
82
82
87
86
85
83
87
88
89
91
93
91
93
94
96
99
98
98
100
103
101
102
101
101
99
99
96
95
93
97
97
100
98
95
92
92
95
98
95
95
93
94
97
98
103
104
103
101
97
97
99
97
95
94
93
93
91
92
92
97
99
98
94
94
100
102
101
98
95
94
94
95
96
91
89
86
87
84
85
85
84
83
86
85
83
84
87
90
92
91
94
95
97
95
97
97
96
95
98
99
99
97
95
95
97
97
99
101
99
99
99
102
102
105
106
106
101
98
98
99
100
95
95
96
98
97
95
99
96
95
96
94
95
94
97
96
101
101
97
93
90
90
88
90
88
96
96
96
94
89
88
89
88
86
84
84
85
81
81
83
84
86
87
83
81
78
77
79
80
80
77
76
77
79
79
81
83
80
83
81
79
81
81
81
82
81
82
80
80
81
79
78
78
75
74
71
70
70
73
72
71
70
69
70
69
73
77
76
75
78
77
76
74
71
71
73
73
68
71
74
76
75
72
73
74
74
77
78
79
81
81
84
84
89
88
88
87
86
85
81
79
80
81
81
82
80
83
83
84
84
84
84
84
85
89
91
93
90
88
88
92
91
90
89
87
86
85
87
85
83
83
86
87
83
85
84
83
82
81
82
85
86
87
89
86
86
87
82
81
76
75
73
72
70
73
73
71
72
73
76
73
77
79
81
84
86
88
88
87
87
88
86
86
85
83
81
84
83
83
83
84
87
83
81
81
83
84
92
94
96
96
96
95
93
94
93
92
91
90
92
91
92
85
82
83
82
83
87
86
84
81
83
86
88
83
90
90
91
91
90
89
89
84
81
80
78
81
81
81
82
83
82
85
82
85
86
89
91
90
89
87
85
86
87
89
85
85
87
87
83
83
85
80
79
81
85
84
88
91
91
93
94
93
94
94
93
92
90
90
90
88
90
89
85
81
82
89
88
88
87
88
90
91
92
94
97
96
95
94
93
96
93
90
87
87
86
88
89
89
93
95
96
98
96
95
94
97
100
108
106
107
106
106
107
109
108
104
103
103
104
102
105
104
106
106
105
108
106
105
106
106
104
106
103
102
103
104
102
99
94
96
96
94
93
91
95
95
96
94
96
98
93
95
96
97
105
99
98
94
96
97
101
99
98
98
98
99
102
104
99
92
91
89
91
95
97
95
96
96
97
98
98
101
101
100
102
101
99
97
99
102
99
96
96
95
97
99
98
100
95
94
93
94
90
88
89
89
91
94
94
95
97
100
98
94
92
99
99
96
94
95
96
92
89
88
88
84
81
83
82
81
85
87
89
90
86
88
88
91
91
98
96
95
96
96
96
94
96
96
97
98
98
99
98
101
103
104
105
104
103
101
105
102
103
102
102
103
105
105
108
107
99
101
104
104
103
101
101
101
97
98
98
98
95
97
99
100
106
110
110
115
112
110
107
108
109
109
107
107
106
106
103
103
107
107
106
107
107
109
111
109
110
112
108
111
111
112
114
113
110
110
105
105
102
108
107
110
106
107
106
102
105
107
108
106
110
111
109
111
115
115
114
116
115
116
116
117
118
120
121
118
117
117
117
116
119
119
119
120
121
121
123
121
120
121
122
124
123
123
123
123
123
121
120
120
117
116
116
119
121
119
117
116
116
112
111
114
118
117
115
113
114
117
117
116
117
116
119
118
119
120
121
122
121
122
120
120
120
120
120
118
119
119
119
120
120
119
117
121
119
117
117
117
118
115
117
117
115
111
117
119
115
115
113
113
110
107
106
102
