100
98
95
90
87
90
91
92
97
97
105
104
102
100
102
101
98
97
95
93
90
88
85
87
86
85
83
81
83
83
85
89
93
93
95
95
97
99
94
93
94
94
90
89
92
92
89
88
91
86
91
92
93
93
93
101
100
97
97
99
98
98
99
102
100
104
103
103
102
103
102
101
102
104
106
105
109
110
110
109
111
108
108
108
109
111
107
105
105
105
104
108
111
111
113
113
116
116
114
112
112
108
111
117
116
117
118
118
117
117
117
114
116
120
119
116
117
116
117
118
118
116
115
120
119
119
118
120
122
124
123
121
119
116
120
120
115
115
115
114
115
114
115
113
113
113
114
118
118
119
119
119
119
118
122
122
123
121
122
123
123
121
119
119
118
119
121
119
117
117
114
118
117
118
122
124
122
123
119
120
122
124
122
118
117
115
117
117
116
113
113
111
111
113
114
112
113
113
113
116
117
117
121
121
118
116
120
119
117
115
114
116
113
111
111
108
110
109
110
109
105
107
108
104
102
98
102
103
104
109
109
109
111
112
114
114
111
108
108
109
110
110
109
107
107
106
101
105
104
107
102
103
105
105
106
107
108
109
109
109
108
108
105
102
100
99
98
101
98
98
99
100
99
99
99
99
105
103
105
105
107
107
104
101
105
102
102
104
104
99
99
102
101
101
103
108
111
107
105
105
105
101
102
105
107
107
109
109
107
104
104
101
98
94
98
98
102
103
103
102
101
101
100
99
98
97
96
95
92
92
94
94
98
96
97
94
97
97
95
96
96
94
93
98
98
94
97
93
92
92
92
95
95
99
99
96
97
91
91
91
89
88
84
82
85
88
87
88
85
85
83
84
84
86
84
84
85
83
85
86
86
85
83
80
82
82
84
82
83
82
82
81
82
82
84
85
87
87
88
86
85
87
86
86
86
89
88
87
87
90
90
90
87
84
83
83
84
82
87
86
88
89
87
89
88
87
85
83
86
85
83
86
90
84
85
83
82
83
82
82
81
81
79
78
75
78
76
79
76
78
78
79
78
78
77
81
82
80
79
78
80
78
77
75
74
73
73
71
73
75
77
79
81
81
79
79
83
82
83
78
79
77
74
73
73
73
73
70
68
66
68
67
68
65
66
68
73
74
76
80
85
82
83
83
82
80
79
77
77
78
78
80
81
81
77
80
78
80
80
79
79
79
80
81
83
79
80
81
86
86
81
83
83
81
76
75
73
69
68
67
67
70
68
70
73
75
73
77
78
73
76
80
83
82
83
83
84
86
82
81
78
77
77
75
72
74
75
76
76
77
82
85
84
84
85
86
87
88
93
92
89
89
86
87
85
83
85
86
87
89
91
92
94
98
100
101
100
102
103
95
98
97
98
102
104
105
102
100
100
103
102
100
101
101
99
102
102
105
105
105
106
108
108
109
108
109
110
112
110
112
118
118
118
117
114
116
114
115
116
116
114
116
117
116
118
121
118
116
116
114
117
118
121
124
122
121
120
118
115
117
116
115
116
115
116
112
110
113
111
111
111
108
106
106
105
106
111
107
106
107
105
104
106
103
102
99
101
101
99
97
96
100
102
102
106
109
108
109
107
110
108
107
109
109
109
109
109
107
104
105
106
106
107
111
111
113
114
117
117
117
115
117
116
117
119
121
122
121
119
119
118
117
117
117
115
117
117
120
120
120
118
121
122
121
123
116
117
118
117
117
115
115
117
116
117
115
115
116
117
118
118
116
118
119
118
116
112
115
115
118
115
115
116
114
117
116
115
114
115
113
110
111
110
109
109
108
103
103
104
105
106
108
106
105
105
105
106
106
108
107
105
102
105
105
110
109
107
109
108
106
104
103
107
105
107
111
114
111
112
112
110
111
114
111
107
108
107
107
105
105
107
106
105
107
105
104
104
109
110
112
112
109
108
107
108
104
103
105
103
100
101
102
102
105
106
108
109
108
106
104
99
101
99
96
99
99
100
97
96
96
98
98
97
97
96
97
102
100
100
99
100
98
101
101
101
102
103
101
105
107
109
111
113
110
112
113
113
113
116
116
116
115
113
114
112
111
112
111
107
107
106
107
108
108
105
106
107
111
107
109
110
110
110
109
110
111
109
112
111
111
103
100
98
95
95
98
99
101
99
98
97
100
103
100
99
99
102
102
105
107
106
108
107
106
107
104
101
102
104
104
102
103
105
111
112
112
113
116
116
117
118
117
115
111
110
107
106
106
106
103
105
101
102
101
102
105
105
106
108
109
109
111
110
111
114
117
116
116
119
120
118
