100
98
96
92
93
93
93
91
91
91
89
92
91
95
97
99
98
95
96
95
95
92
96
98
98
101
101
99
97
97
95
97
101
105
105
103
101
98
99
98
100
102
98
98
96
97
97
99
98
100
99
103
103
105
105
103
105
106
106
103
102
104
105
107
106
107
106
103
103
105
106
105
105
104
106
108
108
109
109
110
113
110
109
111
113
113
114
111
112
112
113
114
115
115
117
119
120
118
114
114
112
118
116
117
115
110
109
109
107
107
107
108
108
114
112
114
114
115
115
115
120
120
121
121
120
119
119
119
118
119
119
116
111
109
112
113
109
111
112
112
114
113
113
114
112
111
108
107
104
100
98
99
99
101
99
99
101
97
97
103
103
107
105
105
107
107
111
110
111
113
115
117
115
115
115
112
111
109
111
111
111
112
114
112
112
114
112
116
117
117
117
121
120
115
116
114
111
111
110
107
104
101
104
103
106
103
105
105
110
109
109
106
103
102
104
104
105
104
102
100
98
97
92
89
93
94
92
93
96
99
100
101
102
104
111
113
113
112
109
110
110
109
107
105
102
101
99
97
97
99
98
100
98
100
103
106
111
111
113
112
111
110
110
109
112
115
114
114
113
113
110
112
112
116
116
115
112
111
110
111
110
110
114
113
114
114
112
114
114
113
112
114
113
113
110
114
119
120
119
117
120
117
118
115
118
116
115
114
114
115
118
119
119
119
114
116
116
116
119
117
116
116
114
118
117
112
112
114
115
114
119
119
120
117
116
116
114
115
113
113
113
113
118
119
116
116
118
117
118
115
121
116
115
114
118
117
114
113
113
112
113
116
117
116
115
115
113
113
117
115
116
112
113
110
109
106
106
106
107
104
103
100
99
97
96
97
99
99
97
99
100
104
107
109
112
113
113
113
116
116
112
108
109
111
107
105
104
106
107
105
103
101
99
98
97
101
102
105
110
112
114
113
114
114
114
115
114
116
116
116
115
113
110
108
106
104
105
104
110
109
112
111
111
110
115
116
117
117
117
119
117
116
116
114
114
113
112
111
114
112
109
111
110
109
109
110
110
110
110
113
113
110
113
111
112
113
111
113
114
116
115
112
115
115
114
114
117
117
117
117
117
119
122
123
120
123
122
122
119
117
118
118
118
115
117
116
112
113
117
116
117
114
111
111
117
118
116
115
114
111
110
109
110
111
113
112
113
112
112
111
113
114
111
109
111
116
112
114
115
115
113
113
117
116
114
115
112
110
112
113
113
111
110
111
108
109
108
110
112
112
112
113
112
111
108
106
106
109
106
106
105
109
110
114
112
109
108
111
110
112
111
112
113
113
115
115
113
112
111
111
113
111
111
109
111
109
110
106
104
106
107
107
110
110
110
109
108
108
112
112
115
115
114
115
114
115
119
122
120
121
119
117
118
117
116
116
118
118
118
121
125
126
123
121
120
121
122
122
122
122
123
123
123
121
119
119
122
121
119
121
121
122
125
127
126
126
124
126
126
125
127
122
120
120
118
117
118
120
119
121
119
117
113
113
119
120
117
116
115
115
114
112
112
112
107
107
106
102
105
105
105
107
106
110
110
111
114
112
114
116
116
114
115
115
117
114
114
112
112
117
118
114
111
111
110
110
112
111
115
118
119
118
116
112
114
115
115
116
116
114
114
113
113
114
116
112
112
112
112
112
113
112
115
115
113
116
118
121
117
117
117
118
119
119
118
122
122
123
123
122
119
119
118
119
118
117
118
123
123
123
125
121
122
121
120
119
118
120
122
120
119
120
121
121
120
120
118
116
119
115
114
117
116
118
119
116
120
120
117
116
115
110
107
107
108
108
105
105
108
112
110
110
109
110
117
118
115
114
113
116
115
115
114
115
113
111
108
108
110
111
111
109
108
108
110
108
108
108
105
107
109
110
111
112
111
115
117
118
118
118
118
121
119
120
121
124
119
117
117
115
113
110
110
105
109
112
113
114
114
117
119
118
116
115
115
116
113
115
114
117
116
114
113
112
111
112
114
113
113
112
113
115
112
114
115
113
116
115
113
109
107
108
108
110
112
111
111
113
115
110
105
104
107
104
104
106
105
105
103
105
109
111
110
108
106
107
109
108
109
109
112
109
104
106
106
105
105
106
108
104
102
101
100
101
100
100
98
100
104
101
100
102
104
104
104
109
107
106
108
107
106
104
105
106
106
108
109
108
104
103
103
108
112
111
112
111
114
113
112
114
113
112
112
112
114
116
116
114
114
117
118
116
116
120
117
120
121
122
120
120
119
