100
102
103
104
104
105
105
105
101
103
102
100
103
104
106
106
108
101
103
105
106
105
106
107
106
108
111
109
107
108
106
106
109
109
109
112
112
112
110
109
110
111
109
110
111
105
106
106
108
105
103
108
109
108
107
105
104
105
106
106
106
104
101
100
105
104
106
103
100
100
99
101
105
103
100
104
103
105
102
103
102
102
106
104
103
104
102
99
99
100
100
97
94
97
96
94
93
94
96
95
96
97
98
95
91
94
95
96
99
97
99
96
95
98
98
97
97
100
99
98
95
91
88
91
91
89
94
96
98
97
97
97
100
99
101
105
105
106
107
108
108
107
108
109
108
108
110
110
103
104
104
103
107
108
112
113
114
114
116
114
114
115
112
112
110
108
109
108
105
108
108
109
104
104
102
101
103
103
106
108
108
103
103
104
105
109
109
109
108
104
105
112
113
112
113
112
110
106
107
108
109
111
114
117
116
119
118
115
113
109
109
111
108
109
107
109
109
110
112
109
108
111
109
110
111
113
113
113
116
117
116
117
114
112
111
109
107
110
113
114
112
113
113
110
113
112
109
110
111
112
111
110
110
112
112
114
114
113
115
115
113
112
115
116
113
113
111
111
111
113
114
113
111
112
110
110
108
108
111
113
110
110
109
108
109
111
108
109
105
103
101
102
101
100
103
101
100
100
104
105
103
102
104
103
104
103
105
108
105
106
103
100
102
98
98
96
94
98
100
100
100
103
104
106
105
105
105
106
104
99
104
108
107
108
110
106
108
107
104
103
102
101
100
101
101
103
104
105
102
100
101
103
106
106
104
105
106
105
108
109
115
108
110
111
109
111
109
111
113
113
114
113
114
114
116
117
116
120
120
120
118
121
121
121
118
118
117
113
113
114
116
116
115
115
112
114
113
117
116
117
118
116
113
113
112
112
107
107
107
109
111
111
112
112
107
104
105
106
107
108
110
109
111
111
111
112
113
112
113
112
108
105
105
106
106
105
104
99
98
97
95
96
94
96
96
100
103
105
104
105
104
99
98
98
99
95
95
96
98
94
100
103
98
92
89
87
86
84
87
94
97
97
97
97
96
96
99
97
94
93
94
93
95
94
97
96
97
99
103
104
105
106
101
98
97
97
99
96
91
94
89
87
85
82
82
78
80
83
85
82
79
78
79
80
82
80
79
80
77
76
75
77
74
75
74
69
67
66
66
67
63
64
64
62
63
67
67
68
67
66
62
63
62
64
64
63
62
60
60
57
56
57
56
54
55
56
57
60
60
61
60
60
60
60
58
60
59
58
58
57
58
56
53
51
52
50
51
52
49
52
52
51
53
56
57
55
56
54
54
54
53
52
51
52
51
51
51
51
52
53
49
49
50
50
50
50
48
50
48
46
44
45
45
45
46
46
47
46
44
44
44
44
45
46
45
48
50
49
49
47
48
47
49
50
50
51
52
51
50
48
48
50
50
49
49
47
48
47
47
47
49
51
47
48
49
47
49
53
53
49
50
50
49
49
48
47
47
48
51
50
52
52
51
53
53
54
54
54
56
58
59
59
62
63
61
60
61
57
54
54
55
56
58
56
54
56
57
58
56
59
59
60
56
55
53
55
54
56
58
58
58
57
57
59
58
58
57
55
54
54
55
57
59
57
57
54
52
51
51
51
53
53
54
54
52
52
52
53
53
54
50
51
51
51
53
53
54
52
53
52
48
48
47
47
42
43
45
45
45
45
46
47
47
46
41
39
36
35
39
39
40
39
38
34
36
37
39
39
36
35
32
31
32
31
32
32
32
30
28
26
27
27
28
26
29
31
30
29
30
29
27
26
27
27
27
28
29
28
29
28
26
26
26
24
23
23
24
24
24
24
24
25
25
25
26
26
25
26
27
27
27
26
27
28
29
30
30
30
30
31
30
30
30
28
29
31
31
33
33
35
33
34
33
33
34
35
34
34
33
34
34
34
36
34
33
36
39
41
42
43
43
43
43
42
42
40
40
41
40
40
41
39
39
38
38
36
35
36
36
37
37
36
39
40
40
40
38
38
35
36
38
37
37
38
37
37
37
39
39
41
41
39
39
39
41
45
48
48
46
43
44
44
43
44
47
46
46
46
46
45
48
49
47
47
49
48
47
45
45
47
50
51
50
51
46
45
44
45
44
42
44
45
46
47
45
45
47
47
48
50
49
46
45
45
44
43
42
42
42
40
40
41
42
45
45
47
44
42
42
41
40
43
42
42
42
41
41
40
40
40
39
39
36
35
36
36
37
37
38
40
41
