100
103
102
98
96
94
91
95
96
98
100
101
102
100
96
97
96
103
105
106
104
104
104
100
97
99
97
95
96
94
98
95
99
97
99
94
96
98
94
95
98
96
95
96
96
93
94
91
86
88
87
87
84
79
83
85
85
84
88
87
89
91
89
88
87
91
93
94
95
96
96
97
99
100
97
95
95
95
94
98
99
103
102
102
102
101
100
94
93
96
92
89
89
89
88
91
89
92
92
92
91
92
95
97
98
98
100
99
99
99
101
100
101
98
98
100
98
97
96
94
96
96
95
98
101
102
101
102
101
102
107
107
107
105
105
102
105
103
104
103
104
100
101
99
100
102
105
105
104
106
108
110
111
106
105
102
101
99
95
93
95
102
101
99
98
98
96
97
97
96
94
94
96
99
99
101
100
97
92
91
86
84
84
85
85
91
88
86
86
84
84
82
84
84
86
87
89
88
88
87
88
86
83
80
79
78
81
83
83
83
83
82
81
80
79
76
74
76
74
77
77
77
77
79
77
75
73
74
71
71
67
65
63
65
65
66
68
69
69
71
73
73
70
69
72
71
72
71
76
73
73
73
72
71
70
64
66
66
66
63
63
62
66
67
66
65
65
66
72
70
72
71
71
67
65
66
66
65
65
64
63
61
61
64
63
63
63
65
67
65
65
67
67
68
68
69
71
74
75
71
68
68
65
62
61
60
61
62
59
56
56
58
58
58
59
64
63
64
66
63
66
65
63
65
62
62
62
65
64
65
62
60
60
60
63
65
66
67
71
72
73
73
74
79
79
78
79
81
78
77
76
77
76
75
74
72
76
73
76
71
71
70
75
78
80
83
83
86
85
82
84
83
78
78
77
75
74
74
75
76
72
70
68
66
63
61
63
63
63
67
70
70
69
73
71
71
72
69
66
66
66
68
67
67
65
64
62
62
63
64
67
69
69
68
69
70
67
69
68
68
69
68
69
69
69
64
65
65
64
65
67
66
68
68
72
74
74
73
73
74
74
73
70
70
67
66
65
63
65
65
65
67
68
70
71
72
74
72
72
71
72
74
77
75
74
72
72
67
64
65
65
63
61
60
61
61
61
61
67
70
71
71
72
74
76
79
79
81
78
81
76
73
73
71
75
76
75
75
73
75
71
73
75
75
76
82
84
87
88
90
89
87
86
86
86
85
85
81
82
83
79
74
71
69
74
78
77
75
76
77
80
79
76
76
80
79
80
76
74
69
69
68
68
65
65
62
61
62
62
64
64
65
69
68
66
69
66
67
69
70
74
76
77
74
75
73
73
71
66
66
67
69
69
68
68
69
67
67
65
64
71
72
74
72
74
74
75
74
74
71
69
70
70
69
68
68
67
67
69
68
68
66
67
68
67
71
74
79
80
83
87
85
79
76
75
72
71
68
64
64
60
60
61
62
63
68
65
63
59
61
58
58
57
55
58
56
56
52
54
55
52
54
52
52
53
51
51
51
53
53
55
57
57
56
57
60
58
58
60
58
58
56
57
56
57
54
54
50
50
52
52
56
59
58
57
57
56
53
52
51
51
51
51
50
50
50
49
51
52
50
52
53
52
52
52
51
51
51
54
51
48
46
46
46
45
44
44
44
47
48
50
51
48
51
51
48
47
46
46
46
46
44
41
42
41
40
41
42
40
39
41
41
41
40
43
43
45
46
44
42
42
43
45
44
44
44
45
45
44
43
42
43
41
43
44
45
46
46
50
51
52
52
52
51
54
53
54
54
54
55
54
54
53
54
53
50
50
50
48
47
46
48
47
48
45
44
46
49
49
47
49
46
48
48
48
49
47
47
45
44
45
43
43
43
42
41
41
43
43
44
44
45
45
45
44
42
45
46
46
42
43
44
43
43
45
45
44
45
42
41
41
41
41
40
42
41
38
40
44
45
44
43
41
41
41
42
42
42
44
43
41
41
39
40
40
40
37
36
36
37
41
43
42
43
45
42
42
41
42
42
44
45
46
46
45
46
45
43
43
43
42
43
42
42
42
41
44
43
43
43
45
46
44
43
43
42
42
45
46
45
45
43
44
41
41
41
41
43
44
45
46
45
45
46
49
51
53
53
53
51
53
50
51
50
50
46
45
42
42
40
41
40
38
37
36
38
38
36
37
36
37
37
40
41
39
39
38
37
36
35
35
35
34
34
35
33
33
32
33
34
37
38
36
39
41
41
45
47
47
47
45
46
43
41
40
41
38
37
39
39
37
38
38
37
39
37
38
38
37
38
38
38
39
41
39
39
37
37
36
35
33
