100
97
94
94
93
92
91
93
96
96
94
95
96
99
102
95
97
96
93
93
95
92
94
95
93
93
92
90
88
85
84
81
85
87
88
87
91
90
89
91
96
97
100
99
98
99
99
99
99
101
100
98
98
97
91
88
87
89
88
89
89
91
94
95
96
98
96
94
98
94
95
94
97
98
97
96
100
98
98
95
95
94
91
92
99
98
98
93
91
95
96
94
91
93
94
93
93
93
98
98
96
96
91
91
90
90
91
91
88
88
90
94
93
97
94
91
95
94
96
87
82
85
84
83
82
85
79
80
79
79
81
82
87
86
84
85
86
84
85
87
84
84
85
81
79
80
84
81
82
82
84
83
83
86
86
87
89
91
91
91
92
93
95
93
95
93
95
99
96
95
94
94
94
95
95
95
97
96
92
98
100
100
98
98
103
103
99
97
95
94
95
97
99
100
102
99
99
99
100
99
95
90
90
94
94
97
101
93
92
95
94
96
96
95
96
99
99
98
97
95
94
93
87
87
87
86
89
92
94
95
93
91
90
91
90
87
91
92
95
95
94
94
93
94
94
94
94
95
96
94
89
88
88
90
89
93
88
90
90
90
92
92
91
92
91
91
91
92
89
88
88
91
90
89
91
87
89
89
93
89
88
88
86
87
87
86
83
83
83
86
82
82
85
84
86
83
78
81
78
80
81
84
79
80
81
81
79
79
79
80
81
85
87
89
93
91
86
86
83
83
85
86
87
86
87
89
90
87
85
86
88
89
91
91
92
92
90
84
82
81
81
81
79
79
77
78
78
79
79
82
86
85
83
86
86
84
84
85
81
84
84
84
81
84
81
80
82
85
85
82
82
81
79
80
82
81
81
82
81
85
88
88
89
84
83
86
83
83
83
82
81
82
81
82
75
73
72
75
75
73
72
74
76
77
80
83
86
88
90
90
89
90
89
85
85
85
81
82
81
80
80
82
83
85
85
85
84
81
83
84
85
86
90
91
90
89
88
90
94
94
91
89
88
88
91
87
84
84
82
84
79
84
85
85
86
83
80
80
78
81
80
78
81
80
77
77
76
76
75
71
71
73
71
72
69
68
69
68
67
67
67
68
64
63
62
62
64
64
65
67
69
71
73
73
70
71
67
66
66
65
64
63
64
66
64
65
65
62
63
63
63
65
63
68
69
70
69
69
65
65
61
61
61
61
62
63
63
61
59
63
65
65
65
68
72
75
77
76
76
74
72
69
69
67
67
66
69
67
67
67
66
66
65
67
70
71
72
75
76
76
77
77
77
78
77
77
76
78
79
81
82
83
78
79
81
81
82
82
85
83
84
87
86
87
85
88
87
89
87
90
86
87
84
82
86
86
85
85
87
88
87
89
88
88
87
84
87
84
85
86
90
94
97
95
94
95
96
98
96
94
96
100
101
103
107
105
106
109
109
108
107
105
105
103
104
104
106
109
108
108
106
104
103
101
102
100
100
102
104
103
106
107
107
105
104
103
99
98
97
96
96
95
96
94
88
89
88
91
92
89
90
90
91
96
97
96
98
100
96
95
91
86
81
78
78
77
81
81
84
85
86
88
88
89
89
87
88
86
84
87
86
87
84
83
81
77
76
75
75
73
73
76
77
81
82
83
86
87
86
86
88
87
88
86
83
82
78
75
74
73
73
72
69
72
73
79
81
82
87
88
87
85
87
87
83
80
78
73
73
68
66
67
66
68
69
70
71
71
73
76
79
82
90
92
95
97
97
96
94
93
88
87
84
82
82
82
81
82
81
76
73
77
77
80
80
81
87
85
84
83
83
87
88
83
81
79
75
74
72
64
67
66
67
69
71
74
75
76
74
78
81
82
80
81
81
79
79
80
80
81
78
76
76
76
79
79
81
80
78
79
77
80
84
85
86
86
88
85
84
83
84
88
87
86
86
85
84
87
92
93
96
97
98
97
91
90
88
90
91
91
91
96
95
90
91
87
83
79
80
78
79
78
80
82
83
83
87
88
92
92
87
86
82
84
87
85
86
84
83
86
83
84
85
83
84
87
90
87
88
91
91
93
95
94
92
94
95
95
98
96
94
95
95
95
97
94
94
95
92
93
90
86
86
86
86
86
86
87
83
82
82
82
82
82
85
84
83
84
83
85
81
80
79
77
75
72
71
72
71
72
70
72
73
72
71
70
70
70
69
69
70
72
73
74
74
72
74
75
73
71
72
70
69
71
73
72
74
74
77
79
81
80
79
81
80
80
82
84
86
88
84
84
84
81
77
78
81
84
85
86
84
