100
100
97
92
93
96
96
97
99
103
104
103
103
102
101
99
96
95
94
95
97
97
98
94
92
93
92
89
86
84
84
84
90
92
92
89
93
96
94
94
95
95
93
96
93
93
93
91
89
89
89
88
87
85
88
87
87
82
83
83
82
85
80
83
84
86
87
90
92
92
91
91
91
93
91
92
95
97
94
94
94
94
96
93
94
97
96
96
95
95
95
91
85
84
80
82
84
84
80
82
81
79
78
78
78
76
77
81
80
85
85
88
88
87
85
85
84
83
84
82
82
77
77
76
79
82
81
77
76
74
75
79
80
82
86
86
88
87
86
84
85
83
83
84
82
82
81
84
81
78
77
75
75
75
77
76
78
78
82
88
88
88
86
85
83
82
82
83
85
88
87
85
82
84
85
84
86
84
84
85
89
87
91
89
87
86
88
82
82
81
81
83
85
84
85
87
85
86
82
82
87
91
90
88
87
85
82
82
85
83
84
86
85
86
83
85
86
81
81
79
78
77
79
78
79
80
80
81
81
84
86
88
89
90
84
82
80
78
81
80
77
76
72
69
68
72
72
73
74
72
74
72
73
73
73
77
78
77
78
80
78
78
77
77
76
74
73
74
73
76
77
79
78
81
81
77
81
77
77
83
85
86
89
93
93
90
86
87
88
85
84
85
84
84
83
82
84
86
85
85
89
87
86
89
91
90
89
87
88
88
93
92
90
88
87
84
84
84
82
84
86
86
83
86
90
94
95
95
95
95
97
98
98
97
98
93
95
92
91
90
88
90
91
93
95
98
100
99
98
98
100
99
93
92
92
91
90
93
94
94
94
96
95
95
97
95
95
94
98
101
100
105
108
109
110
114
115
115
113
114
112
115
116
113
112
110
107
101
97
95
96
96
98
101
99
103
106
105
106
107
107
109
109
107
108
105
108
108
108
105
101
101
101
102
106
108
110
110
110
112
117
119
117
116
118
115
114
114
117
117
113
112
113
113
108
107
105
104
112
110
109
106
105
106
107
111
113
114
114
114
112
109
107
105
102
103
103
101
100
98
99
101
102
102
102
103
106
107
107
109
107
109
111
112
111
113
112
108
110
109
109
108
104
104
104
104
105
107
107
108
107
109
111
111
111
112
112
112
111
109
108
110
108
109
109
110
108
109
112
110
112
112
114
115
115
114
114
114
113
117
119
118
117
116
115
114
114
114
116
116
118
116
115
112
115
115
115
112
114
115
117
115
116
116
118
116
114
112
107
109
110
110
111
114
115
113
112
112
109
111
110
112
114
117
114
114
116
113
115
115
118
117
117
116
116
113
115
115
109
109
111
112
114
118
117
118
117
119
115
117
113
116
116
112
111
110
108
106
106
107
108
109
111
114
112
110
113
110
113
115
115
113
113
114
114
115
115
112
112
112
109
109
112
110
108
108
108
111
114
114
115
114
112
109
114
115
114
115
109
109
108
109
108
109
111
113
112
114
112
111
111
113
112
117
115
113
113
112
115
115
113
114
113
116
116
115
112
112
112
111
108
107
109
108
109
108
107
109
109
110
109
110
115
120
121
121
120
120
119
118
119
117
120
120
118
115
112
111
112
112
109
107
103
103
106
104
107
108
105
106
107
107
108
106
104
102
104
99
94
96
98
94
89
89
91
91
88
87
87
85
85
88
83
83
82
83
87
88
85
85
85
83
83
82
82
79
74
74
76
72
74
71
72
72
71
69
70
68
70
66
67
68
67
66
66
66
64
68
69
71
71
70
68
73
72
72
71
68
68
68
66
66
64
66
63
63
63
66
66
67
68
69
70
69
69
70
69
66
66
64
62
59
55
56
59
56
57
58
57
60
59
60
62
60
62
63
66
66
67
67
65
65
62
61
59
59
58
57
57
55
55
57
60
59
59
60
63
64
71
74
75
74
76
73
74
73
72
71
70
70
73
69
69
71
69
69
68
68
69
72
74
75
80
84
86
86
85
83
82
77
76
77
73
72
71
66
64
63
62
64
65
64
67
69
69
70
70
70
73
71
72
73
76
77
71
70
70
67
66
64
63
67
67
67
70
70
69
72
69
68
70
75
75
75
75
74
75
76
76
75
73
73
74
73
71
69
69
70
71
75
77
77
77
79
78
78
79
77
75
75
77
75
76
77
77
76
76
77
74
75
76
78
79
78
78
82
85
87
91
93
93
90
87
85
82
78
80
77
78
75
75
78
78
77
78
80
84
86
84
86
85
82
80
82
81
81
76
74
75
75
73
72
70
69
67
69
68
68
67
72
71
