8.660254037844385966e-01
8.747731351357964646e-01
9.021097956087901215e-01
1.056128541200535009e+00
1.069167165165973321e+00
1.018853416216986885e+00
1.018853416216986663e+00
1.069167165165973543e+00
1.069167165165973543e+00
1.124708316603167058e+00
1.170304599708700710e+00
1.374643498070537317e+00
1.443375672974064328e+00
1.493147247904204500e+00
1.493147247904204500e+00
1.493147247904204278e+00
1.574591643244433348e+00
1.634010195819695532e+00
1.574591643244433570e+00
1.634010195819695310e+00
1.603750747748960093e+00
