8.660254037844383745e-01
9.413319606352593683e-01
1.030982623552902933e+00
1.043404100945106716e+00
1.110288979210818816e+00
1.154700538379251462e+00
1.273566770271233217e+00
1.237179148263483741e+00
1.374643498070537539e+00
1.396815167394255930e+00
1.419713776695801011e+00
1.493147247904204056e+00
1.665433468816227780e+00
1.804219591217580465e+00
1.574591643244433570e+00
1.767398783233548265e+00
1.767398783233548265e+00
1.804219591217580243e+00
1.804219591217580243e+00
1.924500897298752289e+00
2.061965247105805865e+00
