8.660254037844385966e-01
9.213036210472751453e-01
9.730622514431894743e-01
1.030982623552903377e+00
1.056128541200535009e+00
1.124708316603166613e+00
1.255109280847013009e+00
1.396815167394255708e+00
1.493147247904204500e+00
1.767398783233548265e+00
1.924500897298752511e+00
1.968239554055542406e+00
1.968239554055541962e+00
2.165063509461096380e+00
2.165063509461096380e+00
2.405626121623440028e+00
2.340609199417401864e+00
2.112257082401070019e+00
1.968239554055542406e+00
2.112257082401070019e+00
2.220577958421637188e+00
