8.660254037844385966e-01
9.116056881941457801e-01
9.213036210472751453e-01
1.030982623552902933e+00
9.954314986028032219e-01
1.069167165165973543e+00
1.202813060811720014e+00
1.255109280847012787e+00
1.419713776695801011e+00
1.519342813656909597e+00
1.634010195819695310e+00
1.665433468816227780e+00
1.732050807568877193e+00
1.968239554055542406e+00
1.924500897298752511e+00
1.882663921270518514e+00
1.968239554055542406e+00
2.112257082401069574e+00
2.279014220485364728e+00
2.547133540542466879e+00
2.279014220485363840e+00
