8.660254037844385966e-01
9.116056881941457801e-01
9.116056881941458911e-01
9.116056881941458911e-01
9.213036210472751453e-01
9.516762678949873822e-01
1.018853416216986663e+00
1.124708316603166836e+00
1.124708316603166836e+00
1.110288979210818594e+00
1.170304599708700710e+00
1.219754089837237432e+00
1.186336169567724141e+00
1.219754089837237210e+00
1.237179148263483519e+00
1.332346775052982490e+00
1.467839667431251716e+00
1.519342813656909597e+00
1.603750747748960093e+00
1.698089027028311104e+00
1.842607242094549624e+00
