0 0 0 0 1 26 48 22 3 0 0 0 0 0 0 0 0 0
0 0 0 0 2 17 53 19 1 0 0 0 0 0 0 0 0 0
0 0 0 0 0 17 52 13 2 0 0 0 0 0 0 0 0 0
0 0 0 0 1 23 37 19 3 0 0 0 0 0 0 0 0 0
0 0 0 0 0 23 35 17 3 0 0 0 0 0 0 0 0 0
0 0 0 0 0 19 39 15 2 0 0 0 0 0 0 0 0 0
0 0 0 0 0 16 37 14 1 0 0 0 0 0 0 0 0 0
0 0 0 0 2 19 28 19 2 0 0 0 0 0 0 0 0 0
0 0 0 0 1 13 34 15 0 0 0 0 0 0 0 0 0 0
0 0 0 0 0 15 33 13 1 0 0 0 0 0 0 0 0 0
0 0 0 0 0 19 23 19 0 0 0 0 0 0 0 0 0 0
0 0 0 0 1 19 20 15 3 0 0 0 0 0 0 0 0 0
0 0 0 0 0 16 22 12 2 0 0 0 0 0 0 0 0 0
0 0 0 0 0 13 24 9 2 0 0 0 0 0 0 0 0 0
0 0 0 0 1 16 25 9 3 1 0 0 0 0 0 0 0 0
0 0 0 0 0 8 34 6 1 0 0 0 0 0 0 0 0 0
0 0 0 0 1 7 32 9 0 0 0 0 0 0 0 0 0 0
0 0 0 0 1 12 26 6 1 2 0 0 0 0 0 0 0 0
0 0 0 0 0 15 22 8 2 1 0 0 0 0 0 0 0 0
0 0 0 0 0 15 17 11 2 0 0 0 0 0 0 0 0 0
0 0 0 0 1 13 14 13 1 0 0 0 0 0 0 0 0 0
