0 0 0 0 2 21 56 17 4 0 0 0 0 0 0 0 0 0
0 0 0 0 1 23 53 17 4 0 0 0 0 0 0 0 0 0
0 0 0 0 0 26 45 18 4 0 0 0 0 0 0 0 0 0
0 0 0 0 0 30 35 22 4 0 0 0 0 0 0 0 0 0
0 0 0 0 0 29 36 15 5 0 1 0 0 0 0 0 0 0
0 0 0 0 0 21 46 16 1 1 0 0 0 0 0 0 0 0
0 0 0 0 0 23 36 19 2 0 0 0 0 0 0 0 0 0
0 0 0 0 0 21 36 19 1 0 0 0 0 0 0 0 0 0
0 0 0 0 0 20 34 12 4 0 0 0 0 0 0 0 0 0
0 0 0 0 1 23 27 15 5 0 0 0 0 0 0 0 0 0
0 0 0 0 1 18 31 14 3 0 0 0 0 0 0 0 0 0
0 0 0 0 0 20 25 14 3 0 0 0 0 0 0 0 0 0
0 0 0 0 0 15 33 9 3 0 0 0 0 0 0 0 0 0
0 0 0 0 1 16 29 12 3 0 0 0 0 0 0 0 0 0
0 0 0 0 0 19 24 15 2 0 0 0 0 0 0 0 0 0
0 0 0 0 1 14 24 16 0 0 0 0 0 0 0 0 0 0
0 0 0 0 1 11 27 13 0 0 0 0 0 0 0 0 0 0
0 0 0 0 1 13 19 15 0 0 0 0 0 0 0 0 0 0
0 0 0 0 2 8 24 10 1 0 0 0 0 0 0 0 0 0
0 0 0 0 1 12 20 12 1 0 0 0 0 0 0 0 0 0
0 0 0 0 0 12 19 8 2 0 0 0 0 0 0 0 0 0
