0 0 0 0 0 27 47 25 1 0 0 0 0 0 0 0 0 0
0 0 0 0 0 18 51 16 1 0 0 0 0 0 0 0 0 0
0 0 0 0 2 18 42 18 2 0 0 0 0 0 0 0 0 0
0 0 0 0 1 17 46 17 1 0 0 0 0 0 0 0 0 0
0 0 0 0 2 22 37 18 4 0 0 0 0 0 0 0 0 0
0 0 0 0 1 22 39 22 1 0 0 0 0 0 0 0 0 0
0 0 0 0 1 17 50 13 3 0 0 0 0 0 0 0 0 0
0 0 0 0 0 27 31 23 2 0 0 0 0 0 0 0 0 0
0 0 0 0 0 19 39 11 4 0 0 0 0 0 0 0 0 0
0 0 0 0 0 18 38 12 3 0 0 0 0 0 0 0 0 0
0 0 0 0 0 18 34 12 3 0 0 0 0 0 0 0 0 0
0 0 0 0 0 17 33 11 3 0 0 0 0 0 0 0 0 0
0 0 0 0 1 16 34 7 4 1 0 0 0 0 0 0 0 0
0 0 0 0 0 16 32 12 2 0 0 0 0 0 0 0 0 0
0 0 0 0 0 13 35 11 1 0 0 0 0 0 0 0 0 0
0 0 0 0 1 16 27 16 1 0 0 0 0 0 0 0 0 0
0 0 0 0 2 16 24 16 2 0 0 0 0 0 0 0 0 0
0 0 0 0 2 17 22 14 2 1 0 0 0 0 0 0 0 0
0 0 0 0 1 17 21 13 3 0 0 0 0 0 0 0 0 0
0 0 0 0 0 12 28 12 0 0 0 0 0 0 0 0 0 0
0 0 0 0 0 9 33 9 0 0 0 0 0 0 0 0 0 0
