0 0 0 0 1 22 55 20 2 0 0 0 0 0 0 0 0 0
0 0 0 0 0 19 58 17 1 0 0 0 0 0 0 0 0 0
0 0 0 0 0 20 57 16 2 0 0 0 0 0 0 0 0 0
0 0 0 0 0 22 54 16 3 0 0 0 0 0 0 0 0 0
0 0 0 0 0 15 64 15 0 0 0 0 0 0 0 0 0 0
0 0 0 0 2 19 49 19 2 0 0 0 0 0 0 0 0 0
0 0 0 0 1 18 48 16 2 0 0 0 0 0 0 0 0 0
0 0 0 0 1 20 34 22 0 0 0 0 0 0 0 0 0 0
0 0 0 0 3 20 29 24 1 0 0 0 0 0 0 0 0 0
0 0 0 0 2 19 35 21 1 0 0 0 0 0 0 0 0 0
0 0 0 0 0 18 39 16 1 0 0 0 0 0 0 0 0 0
0 0 0 0 0 12 47 12 0 0 0 0 0 0 0 0 0 0
0 0 0 0 2 20 33 13 4 1 0 0 0 0 0 0 0 0
0 0 0 0 1 19 34 13 4 0 0 0 0 0 0 0 0 0
0 0 0 0 1 17 38 9 5 0 0 0 0 0 0 0 0 0
0 0 0 0 0 15 37 11 2 0 0 0 0 0 0 0 0 0
0 0 0 0 1 18 22 16 2 0 0 0 0 0 0 0 0 0
0 0 0 0 0 18 23 14 2 0 0 0 0 0 0 0 0 0
0 0 0 0 1 13 27 11 2 0 0 0 0 0 0 0 0 0
0 0 0 0 1 11 27 11 1 0 0 0 0 0 0 0 0 0
0 0 0 0 0 12 24 10 1 0 0 0 0 0 0 0 0 0
