8.660254037844384856e-01
8.574508948360778371e-01
8.170050979098476551e-01
7.663941626410961661e-01
7.277524401549901878e-01
7.157234742020152085e-01
6.928203230275508107e-01
7.098568883479005054e-01
7.216878364870320528e-01
7.157234742020153195e-01
7.339198337156259688e-01
7.530655685082074946e-01
7.465736239521022499e-01
7.339198337156258578e-01
6.984075836971279649e-01
7.098568883479005054e-01
6.511469201386755890e-01
6.321353312295171500e-01
6.230398588377255020e-01
6.098770449186186049e-01
6.367833851356166086e-01
