0 0 0 0 0 25 54 18 2 1 0 0 0 0 0 0 0 0
0 0 0 0 0 22 57 19 0 1 0 0 0 0 0 0 0 0
0 0 0 0 1 24 50 22 2 0 0 0 0 0 0 0 0 0
0 0 0 0 1 21 60 17 3 0 0 0 0 0 0 0 0 0
0 0 0 0 0 32 52 16 8 0 0 0 0 0 0 0 0 0
0 0 0 0 1 27 54 23 3 0 0 0 0 0 0 0 0 0
0 0 0 0 0 31 53 23 4 0 0 0 0 0 0 0 0 0
0 0 0 0 0 31 60 23 4 0 0 0 0 0 0 0 0 0
0 0 0 0 0 27 66 27 0 0 0 0 0 0 0 0 0 0
0 0 0 0 1 26 62 24 2 0 0 0 0 0 0 0 0 0
0 0 0 0 2 28 59 24 4 0 0 0 0 0 0 0 0 0
0 0 0 0 1 30 61 26 3 0 0 0 0 0 0 0 0 0
0 0 0 0 0 28 63 26 1 0 0 0 0 0 0 0 0 0
0 0 0 0 1 27 62 27 1 0 0 0 0 0 0 0 0 0
0 0 0 0 1 26 66 26 1 0 0 0 0 0 0 0 0 0
0 0 0 0 1 33 59 31 2 0 0 0 0 0 0 0 0 0
0 0 0 0 1 33 64 31 2 0 0 0 0 0 0 0 0 0
0 0 0 0 0 33 70 30 0 1 0 0 0 0 0 0 0 0
0 0 0 0 1 31 80 27 3 0 0 0 0 0 0 0 0 0
0 0 0 0 2 27 87 27 2 0 0 0 0 0 0 0 0 0
0 0 0 0 2 23 90 27 0 0 0 0 0 0 0 0 0 0
