0 0 0 0 1 27 45 25 2 0 0 0 0 0 0 0 0 0
0 0 0 0 0 29 39 27 1 0 0 0 0 0 0 0 0 0
0 0 0 0 0 29 43 23 3 0 0 0 0 0 0 0 0 0
0 0 0 0 2 22 53 20 3 0 0 0 0 0 0 0 0 0
0 0 0 0 0 32 47 26 3 0 0 0 0 0 0 0 0 0
0 0 0 0 0 36 45 28 4 0 0 0 0 0 0 0 0 0
0 0 0 0 0 30 59 24 3 0 0 0 0 0 0 0 0 0
0 0 0 0 0 28 59 24 2 0 0 0 0 0 0 0 0 0
0 0 0 0 1 24 62 24 1 0 0 0 0 0 0 0 0 0
0 0 0 0 0 26 56 22 2 0 0 0 0 0 0 0 0 0
0 0 0 0 2 30 45 30 2 0 0 0 0 0 0 0 0 0
0 0 0 0 0 31 52 27 2 0 0 0 0 0 0 0 0 0
0 0 0 0 0 31 52 23 4 0 0 0 0 0 0 0 0 0
0 0 0 0 1 24 60 22 2 0 0 0 0 0 0 0 0 0
0 0 0 0 1 21 69 21 1 0 0 0 0 0 0 0 0 0
0 0 0 0 0 21 72 19 1 0 0 0 0 0 0 0 0 0
0 0 0 0 0 32 57 22 5 0 0 0 0 0 0 0 0 0
0 0 0 0 0 33 57 25 4 0 0 0 0 0 0 0 0 0
0 0 0 0 1 34 56 32 2 0 0 0 0 0 0 0 0 0
0 0 0 0 1 25 73 23 2 0 0 0 0 0 0 0 0 0
0 0 0 0 1 28 65 24 3 0 0 0 0 0 0 0 0 0
