0 0 0 0 1 24 53 18 4 0 0 0 0 0 0 0 0 0
0 0 0 0 1 25 48 27 0 0 0 0 0 0 0 0 0 0
0 0 0 0 1 23 58 23 1 0 0 0 0 0 0 0 0 0
0 0 0 0 0 23 67 23 0 0 0 0 0 0 0 0 0 0
0 0 0 0 1 27 63 27 1 0 0 0 0 0 0 0 0 0
0 0 0 0 1 28 63 28 1 0 0 0 0 0 0 0 0 0
0 0 0 0 1 29 65 29 1 0 0 0 0 0 0 0 0 0
0 0 0 0 0 26 71 24 1 0 0 0 0 0 0 0 0 0
0 0 0 0 0 33 55 31 1 0 0 0 0 0 0 0 0 0
0 0 0 0 0 35 58 21 7 0 0 0 0 0 0 0 0 0
0 0 0 0 0 29 60 29 0 0 0 0 0 0 0 0 0 0
0 0 0 0 1 25 63 25 1 0 0 0 0 0 0 0 0 0
0 0 0 0 0 31 55 29 1 0 0 0 0 0 0 0 0 0
0 0 0 0 0 31 58 27 2 0 0 0 0 0 0 0 0 0
0 0 0 0 0 37 52 33 2 0 0 0 0 0 0 0 0 0
0 0 0 0 1 25 70 25 1 0 0 0 0 0 0 0 0 0
0 0 0 0 4 29 64 35 1 0 0 0 0 0 0 0 0 0
0 0 0 0 1 30 75 30 1 0 0 0 0 0 0 0 0 0
0 0 0 0 0 30 79 30 0 0 0 0 0 0 0 0 0 0
0 0 0 0 1 28 87 22 4 0 0 0 0 0 0 0 0 0
0 0 0 0 0 29 78 29 0 0 0 0 0 0 0 0 0 0
