0 0 0 0 0 26 51 20 3 0 0 0 0 0 0 0 0 0
0 0 0 0 0 27 49 23 2 0 0 0 0 0 0 0 0 0
0 0 0 0 0 25 45 25 0 0 0 0 0 0 0 0 0 0
0 0 0 0 0 25 49 20 1 1 0 0 0 0 0 0 0 0
0 0 0 0 0 27 51 23 2 0 0 0 0 0 0 0 0 0
0 0 0 0 2 26 46 26 2 0 0 0 0 0 0 0 0 0
0 0 0 0 1 23 58 15 5 0 0 0 0 0 0 0 0 0
0 0 0 0 1 32 49 23 4 1 0 0 0 0 0 0 0 0
0 0 0 0 0 31 50 29 1 0 0 0 0 0 0 0 0 0
0 0 0 0 0 27 61 25 1 0 0 0 0 0 0 0 0 0
0 0 0 0 0 30 58 26 2 0 0 0 0 0 0 0 0 0
0 0 0 0 0 27 63 25 1 0 0 0 0 0 0 0 0 0
0 0 0 0 0 25 65 23 1 0 0 0 0 0 0 0 0 0
0 0 0 0 0 25 65 25 0 0 0 0 0 0 0 0 0 0
0 0 0 0 1 29 60 27 2 0 0 0 0 0 0 0 0 0
0 0 0 0 1 18 73 20 0 0 0 0 0 0 0 0 0 0
0 0 0 0 0 32 53 28 2 0 0 0 0 0 0 0 0 0
0 0 0 0 1 28 60 18 6 0 0 0 0 0 0 0 0 0
0 0 0 0 2 31 59 23 6 0 0 0 0 0 0 0 0 0
0 0 0 0 0 32 59 24 4 0 0 0 0 0 0 0 0 0
0 0 0 0 1 31 58 27 3 0 0 0 0 0 0 0 0 0
