0 0 0 0 0 25 52 21 2 0 0 0 0 0 0 0 0 0
0 0 0 0 0 25 56 19 3 0 0 0 0 0 0 0 0 0
0 0 0 0 0 27 51 25 1 0 0 0 0 0 0 0 0 0
0 0 0 0 0 30 47 28 1 0 0 0 0 0 0 0 0 0
0 0 0 0 0 27 57 25 1 0 0 0 0 0 0 0 0 0
0 0 0 0 0 25 63 23 1 0 0 0 0 0 0 0 0 0
0 0 0 0 1 27 59 25 2 0 0 0 0 0 0 0 0 0
0 0 0 0 1 22 69 24 0 0 0 0 0 0 0 0 0 0
0 0 0 0 2 22 65 24 1 0 0 0 0 0 0 0 0 0
0 0 0 0 2 32 54 27 3 1 0 0 0 0 0 0 0 0
0 0 0 0 1 31 57 29 2 0 0 0 0 0 0 0 0 0
0 0 0 0 0 26 69 26 0 0 0 0 0 0 0 0 0 0
0 0 0 0 1 29 65 23 4 0 0 0 0 0 0 0 0 0
0 0 0 0 0 27 71 23 2 0 0 0 0 0 0 0 0 0
0 0 0 0 2 30 63 26 4 0 0 0 0 0 0 0 0 0
0 0 0 0 0 30 71 26 2 0 0 0 0 0 0 0 0 0
0 0 0 0 2 26 75 24 3 0 0 0 0 0 0 0 0 0
0 0 0 0 0 35 65 26 3 1 0 0 0 0 0 0 0 0
0 0 0 0 1 25 78 21 3 0 0 0 0 0 0 0 0 0
0 0 0 0 0 26 81 26 0 0 0 0 0 0 0 0 0 0
0 0 0 0 3 27 71 27 3 0 0 0 0 0 0 0 0 0
