13.430406 
13.196422 
15.351498 
15.408956 
15.184424 
14.633666 
13.864209 
14.769338 
12.746622 
13.171944 
12.196193 
13.535836 
12.807422 
14.069481 
13.411049 
13.792027 
18.408657 
14.152952 
14.583635 
13.166919 
15.284480 
16.002284 
13.301892 
13.073663 
12.527572 
15.431014 
13.677836 
13.063815 
14.709465 
12.010848 
18.580782 
12.963341 
11.924033 
14.602052 
13.374192 
12.622840 
12.225572 
13.958185 
14.440210 
16.278599 
14.181285 
15.906752 
13.919728 
16.159893 
12.892835 
15.089573 
13.778779 
15.712014 
13.759927 
13.552614 
13.799913 
15.939060 
12.277386 
13.051349 
13.082285 
14.411485 
19.636674 
12.662781 
14.492512 
12.612413 
13.135609 
14.685064 
12.215921 
14.054107 
14.744492 
14.886389 
13.747490 
12.918003 
14.415279 
14.305720 
19.814969 
13.808614 
11.857733 
15.655634 
14.286254 
14.504028 
14.119580 
14.581650 
13.362933 
12.304222 
13.008618 
14.266150 
12.500031 
14.179438 
13.431227 
19.626245 
13.216621 
13.808421 
13.809875 
13.986210 
14.541596 
13.255177 
12.565043 
14.454064 
13.146649 
14.097719 
19.913104 
20.139566 
22.332685 
21.019154 
