13.461425 
10.963887 
15.777007 
15.394547 
15.163007 
14.606514 
13.788727 
14.713784 
12.732442 
13.137303 
12.180148 
13.459457 
56.865913 
13.888911 
13.326855 
13.549787 
18.064294 
13.918001 
14.534351 
13.133508 
14.978189 
15.946601 
13.207754 
12.892559 
12.364564 
15.004951 
13.581059 
13.035128 
14.237710 
11.948127 
17.919071 
12.920218 
11.893154 
14.601188 
13.574195 
12.610232 
12.222060 
13.907844 
14.403020 
16.049718 
13.887964 
15.741901 
13.938222 
16.035397 
11.902670 
15.306824 
13.681004 
15.642372 
13.653520 
13.684304 
13.885145 
15.922815 
12.223594 
13.005477 
12.966574 
14.366034 
18.852632 
12.313790 
14.220904 
12.557153 
13.087928 
14.466996 
12.448839 
14.341407 
15.121868 
14.780267 
13.606759 
12.888083 
14.220702 
14.172164 
19.406923 
13.882951 
11.573749 
14.626119 
14.811064 
14.369601 
13.972964 
14.740832 
11.222802 
13.226653 
14.632263 
12.535273 
14.184250 
13.276432 
18.743427 
57.946823 
13.786359 
13.961611 
14.374099 
12.987633 
11.512141 
13.904633 
12.893476 
13.943371 
18.448966 
18.690855 
21.626531 
20.067831 
97.230979 
94.090556 
