18.729745 
11.238876 
15.824958 
15.753992 
12.467831 
13.403025 
13.446504 
13.869201 
12.678556 
13.070725 
12.141140 
13.580776 
12.659640 
13.953400 
13.372575 
13.581025 
18.321428 
14.035809 
14.557138 
12.718892 
15.156658 
15.747898 
12.900494 
12.919904 
12.504559 
15.092816 
13.387914 
13.169152 
14.086985 
11.588413 
16.318277 
13.150141 
12.075991 
13.735197 
13.449030 
12.640990 
12.240586 
13.993045 
13.048613 
15.940617 
13.724434 
15.872650 
14.121609 
16.064104 
12.362595 
15.058089 
13.838290 
15.630361 
13.627791 
13.748531 
14.002239 
12.635361 
12.254759 
12.951475 
13.131110 
14.418730 
17.690869 
18.181384 
12.535023 
13.014022 
14.325168 
12.776442 
14.359026 
15.119510 
14.678768 
13.581037 
13.143608 
14.060634 
14.017575 
17.832197 
14.173201 
11.557651 
14.651677 
15.100749 
14.444481 
34.395012 
14.773931 
11.288963 
13.270468 
14.702676 
12.703911 
14.551089 
13.117277 
17.366796 
28.637974 
13.869267 
14.199496 
12.885265 
11.636718 
14.007540 
12.911770 
13.914791 
16.067432 
16.353343 
18.840171 
17.240750 
41.202369 
43.951409 
19.987701 
17.702242 
