18.676976 
15.826015 
15.803015 
12.468280 
13.402865 
46.589306 
13.923325 
12.679320 
13.048455 
12.140192 
13.586561 
29.691625 
13.955466 
13.374131 
13.580277 
18.250780 
13.525502 
14.602290 
12.768335 
12.797387 
15.789353 
12.990451 
12.922008 
12.507186 
15.094626 
13.452795 
13.074404 
14.194228 
11.589071 
13.606159 
13.133899 
12.075510 
13.734358 
13.539487 
12.643276 
12.272337 
13.991934 
13.106942 
15.990247 
13.825714 
16.043493 
14.092781 
16.067822 
11.516704 
15.198899 
13.842701 
15.633255 
13.629137 
13.749915 
14.004881 
12.635700 
12.254170 
12.971307 
13.135030 
14.421142 
17.664403 
17.524687 
12.501452 
13.015482 
14.347963 
10.927680 
14.356619 
15.116809 
14.679341 
13.594097 
13.150937 
14.104724 
14.066717 
15.464587 
14.180342 
11.600008 
13.797879 
13.540922 
14.401155 
14.167449 
14.794838 
10.489994 
13.270849 
14.703105 
12.708990 
14.551872 
13.115225 
17.335380 
27.763674 
13.869334 
46.478934 
11.654613 
14.001084 
12.911468 
13.914124 
16.015818 
16.302123 
15.328013 
12.051672 
39.968899 
36.823103 
19.894556 
17.582691 
73.762818 
73.783720 
