15.880968 
15.879918 
15.707179 
12.381327 
13.233127 
13.380325 
13.767735 
12.636716 
13.091844 
12.182393 
13.945016 
19.877194 
13.968276 
13.394279 
13.832818 
16.428020 
13.828799 
14.776738 
12.685688 
14.424051 
15.745285 
12.883571 
12.943112 
12.683277 
15.054724 
13.323329 
13.143800 
14.154164 
11.434558 
11.742866 
13.364577 
12.023152 
13.724392 
13.618699 
12.644197 
17.741238 
13.586435 
12.978846 
15.752731 
13.716897 
16.436618 
14.264761 
16.313640 
10.657142 
15.419449 
14.141552 
16.047143 
13.732447 
14.295573 
14.167769 
12.542203 
12.186700 
12.859630 
13.209652 
14.416666 
16.404311 
15.814923 
12.582719 
13.163919 
14.427406 
13.335362 
14.511985 
24.255221 
14.670833 
13.578772 
13.661834 
14.002922 
13.888009 
12.602953 
13.949073 
11.694714 
15.090519 
14.436821 
14.789629 
14.379368 
11.093102 
13.336623 
14.669568 
12.641315 
14.509532 
12.845040 
15.718871 
13.773756 
12.912683 
11.623013 
13.909351 
12.906145 
13.872730 
13.588927 
13.927827 
12.896106 
20.441844 
23.426170 
15.050953 
12.858432 
14.187901 
24.348888 
18.695388 
18.382665 
21.134162 
