15.244980 
15.021968 
15.608696 
12.351513 
13.188012 
13.386825 
13.754491 
12.644621 
13.121191 
12.136605 
13.850906 
16.298355 
13.517544 
13.537740 
13.601354 
18.977445 
12.905900 
14.453023 
12.733901 
14.715730 
15.930003 
12.805902 
12.670706 
12.845761 
16.929636 
13.367877 
13.171311 
14.022633 
11.493614 
11.699873 
13.353139 
11.998811 
13.644332 
13.333276 
12.583887 
14.346252 
12.997791 
15.754228 
13.688217 
16.600777 
14.134532 
16.326982 
11.118815 
15.147603 
14.270031 
17.152889 
13.859134 
13.468336 
13.781813 
12.533685 
12.180698 
12.754714 
13.424078 
14.467205 
16.255714 
15.257901 
12.668002 
13.433416 
14.273022 
13.787586 
14.097742 
16.476029 
14.860716 
13.397768 
13.836385 
14.008892 
13.903985 
12.564833 
13.893509 
11.375014 
15.301155 
15.352099 
14.738969 
36.141156 
11.749033 
14.894484 
14.089020 
12.530064 
14.474042 
12.845374 
15.518304 
13.754984 
12.907310 
12.514064 
13.821621 
12.709571 
13.643388 
13.306211 
13.727877 
12.934941 
34.999434 
13.899850 
11.906943 
14.181288 
18.473656 
16.095011 
16.416171 
15.341917 
48.576513 
45.447263 
