15.013602 
15.546656 
15.557489 
12.333258 
13.208693 
13.317076 
13.803578 
12.710775 
12.814076 
12.786927 
13.897577 
15.572731 
13.536773 
13.261912 
13.555979 
17.497817 
13.044650 
14.393407 
12.692279 
14.707896 
15.323376 
13.024381 
12.773225 
12.957985 
16.801877 
13.164317 
13.261587 
14.098645 
11.567927 
11.639414 
13.169153 
12.282697 
13.600630 
13.653744 
12.877176 
12.577398 
13.017523 
15.750029 
13.744590 
16.131993 
13.763380 
16.524475 
11.308571 
13.616522 
14.353598 
15.009616 
14.214681 
13.361059 
13.543415 
12.599094 
12.378235 
12.881414 
13.589726 
14.627504 
16.384842 
15.096674 
14.034884 
13.141561 
13.954439 
13.327415 
14.543502 
14.706642 
13.456639 
13.978102 
13.961469 
13.749256 
12.483378 
13.766343 
25.915110 
15.458298 
15.468539 
14.595032 
25.867855 
11.789835 
12.485298 
14.341819 
12.437529 
14.429561 
12.781817 
15.557887 
13.784557 
13.044782 
12.558351 
13.795427 
12.736645 
13.683165 
13.391662 
13.800895 
12.878873 
23.428357 
13.522167 
11.615014 
26.650249 
16.471641 
15.810071 
15.701324 
29.349286 
26.289002 
33.824011 
34.668550 
