14.964713 
15.569431 
15.576629 
12.322581 
13.095308 
13.364360 
13.865885 
12.549554 
12.631930 
12.500300 
13.341177 
15.751196 
13.139896 
13.436704 
16.255714 
13.112108 
14.570996 
12.756160 
14.722720 
15.905095 
13.246540 
24.749608 
12.966798 
17.636240 
13.416282 
12.749818 
14.389816 
11.479404 
11.574462 
13.142934 
12.020950 
13.552965 
13.206188 
12.464204 
12.519164 
12.991679 
15.971359 
13.977468 
16.251853 
13.771036 
18.630669 
11.345074 
13.324958 
14.046630 
15.847825 
13.364724 
13.571951 
12.456204 
11.994852 
12.466504 
13.426213 
14.372612 
15.815624 
15.221894 
13.293572 
12.978651 
13.960507 
13.337258 
14.299408 
13.720642 
13.137226 
13.614487 
14.443759 
14.809504 
12.445672 
13.747325 
18.840608 
15.549059 
15.563503 
14.312322 
19.878964 
11.886544 
12.498196 
14.395255 
12.432119 
14.387729 
13.378946 
15.410570 
13.751865 
13.443815 
12.654933 
13.783967 
12.526204 
13.331481 
12.803872 
13.412988 
12.851521 
19.572470 
13.497117 
11.632016 
20.883450 
15.914500 
15.129052 
29.639934 
20.225127 
17.737626 
20.969035 
21.854041 
33.112787 
30.297266 
