12.266226 
14.125383 
10.750689 
17.631014 
16.592211 
12.057750 
12.590750 
28.136508 
13.568684 
14.906430 
11.814638 
45.260414 
12.430120 
15.058478 
15.615978 
13.257506 
15.881709 
15.989367 
13.872931 
14.133215 
13.490236 
30.839192 
9.985192 
14.289038 
12.648765 
15.066102 
12.664652 
11.993821 
15.370654 
11.074658 
12.335106 
15.596628 
15.242750 
11.619795 
12.969157 
17.449406 
12.832241 
13.080787 
15.245189 
10.826489 
12.658739 
14.395218 
11.654647 
13.035218 
12.149258 
14.163926 
11.933591 
11.244289 
14.146868 
13.863717 
13.062422 
16.756531 
15.011517 
18.102114 
15.524543 
13.064500 
12.345261 
12.298836 
13.145000 
11.820599 
17.490483 
14.580944 
11.438828 
12.622547 
15.183084 
15.745702 
15.488001 
14.099280 
16.288174 
14.668632 
14.189580 
11.179367 
14.543716 
16.518466 
14.562497 
13.368201 
48.123313 
11.943290 
13.481760 
11.340384 
13.642490 
13.871852 
12.722004 
19.851472 
13.996141 
15.207879 
11.926817 
12.844813 
14.708727 
14.688381 
14.535450 
17.463621 
15.051074 
19.644917 
20.128397 
11.799954 
35.014736 
38.890426 
70.242501 
67.977962 
