10.896722 
14.145122 
10.618161 
17.603878 
16.504521 
12.060559 
12.732231 
23.881787 
13.410711 
14.842041 
12.454298 
37.799296 
11.155745 
15.042815 
15.642417 
15.537875 
16.303934 
15.947053 
13.906089 
13.467393 
13.312888 
27.418733 
10.189369 
14.319239 
12.537215 
14.830634 
14.288912 
15.489990 
11.371069 
12.300239 
37.103428 
11.601464 
12.947666 
16.828841 
12.673629 
13.156504 
14.335279 
10.969165 
12.369985 
14.242090 
12.167752 
13.429882 
12.817934 
12.209871 
11.605001 
11.309382 
13.978601 
14.117038 
12.933054 
13.754343 
14.985934 
17.373730 
14.057028 
12.961180 
11.933814 
12.106735 
13.515140 
11.972219 
17.008950 
14.330935 
11.351765 
12.169892 
15.022499 
15.857779 
14.731465 
13.520619 
16.196569 
14.726848 
13.985337 
11.191662 
14.491745 
16.154391 
14.299027 
41.902265 
36.512130 
12.046726 
13.750176 
11.558882 
12.898973 
13.993731 
12.404007 
19.066182 
13.978294 
15.153025 
12.129171 
14.477906 
12.582923 
14.436010 
14.285817 
16.469757 
14.258449 
18.551388 
19.073176 
11.577670 
27.039349 
31.042687 
51.612763 
49.514986 
58.687903 
57.928922 
