11.222179 
16.064335 
21.121497 
16.308670 
12.505941 
13.281536 
16.769979 
12.633011 
15.995645 
19.834113 
17.544561 
12.005044 
15.205024 
15.885491 
16.656504 
12.735630 
14.525332 
13.728543 
15.072339 
13.369873 
12.383515 
21.039784 
13.465550 
14.552786 
15.166057 
13.343797 
11.878371 
12.498144 
19.627757 
13.054510 
13.918390 
12.034322 
13.427761 
14.808872 
11.525835 
13.017694 
14.078819 
13.822667 
14.201632 
13.840936 
12.123364 
11.253640 
11.537131 
13.814371 
22.724156 
12.881278 
13.075096 
14.523895 
15.242829 
11.010315 
14.278304 
11.314227 
13.557017 
12.083900 
13.026825 
12.154705 
12.204367 
14.650831 
13.690442 
14.856678 
13.510662 
14.817359 
14.771815 
11.766915 
15.068050 
14.327270 
13.737671 
18.850285 
18.551764 
11.978538 
13.551126 
13.225098 
13.070912 
13.512846 
13.074195 
15.171373 
18.077072 
14.852375 
15.721340 
12.721406 
12.404224 
13.357636 
14.548895 
12.705709 
13.589520 
12.654845 
15.708287 
12.726221 
14.149352 
13.918847 
15.238276 
15.868361 
18.410320 
18.640406 
17.467847 
17.356444 
20.878426 
20.812587 
22.125170 
24.975711 
