13.586707 
15.232017 
19.385259 
15.919993 
12.301849 
29.281483 
16.272308 
12.620305 
16.420382 
17.798409 
16.969179 
13.631851 
14.716729 
15.240673 
14.317110 
12.572844 
14.118012 
15.191203 
13.572504 
12.495407 
19.038358 
13.467551 
14.507820 
13.814334 
14.081626 
12.057371 
12.645234 
17.638988 
13.005135 
13.838712 
11.984861 
13.534162 
15.099319 
13.146825 
13.475032 
13.374408 
14.157631 
13.958340 
12.171112 
11.299551 
11.709566 
14.848216 
31.000838 
12.821349 
12.766296 
12.758432 
16.027108 
11.237660 
13.856160 
11.350776 
13.525266 
12.944521 
13.087547 
12.057298 
12.234096 
14.660171 
13.609273 
15.753745 
11.724409 
15.312199 
14.873839 
12.082260 
16.292166 
14.179826 
13.641233 
15.829008 
17.384390 
11.050780 
12.819728 
12.741939 
12.800731 
12.590145 
11.912915 
14.643980 
15.908078 
15.040818 
15.542963 
13.490089 
13.206261 
13.227556 
14.317720 
12.740337 
13.618348 
12.367433 
15.925312 
12.887913 
13.484760 
13.178587 
13.965592 
14.375710 
15.007344 
15.125636 
14.864973 
14.773044 
17.705685 
17.645285 
20.062875 
18.912778 
42.339563 
38.656162 
