14.895853 
15.559637 
15.586240 
12.316488 
12.904084 
13.281589 
13.874178 
12.767240 
12.558001 
12.927346 
15.858164 
13.038707 
13.443316 
16.186530 
13.100381 
14.593069 
33.228064 
14.715078 
15.731985 
13.255302 
23.532346 
13.214658 
17.620703 
13.246894 
12.742926 
14.399455 
11.392662 
11.576429 
13.146297 
32.129808 
13.468151 
13.182368 
12.306993 
12.451122 
12.998840 
15.978725 
13.994506 
16.270593 
13.775755 
17.745776 
11.340449 
13.372121 
11.637261 
15.629002 
13.367356 
13.580170 
12.373958 
11.552164 
12.574165 
13.304982 
13.535822 
12.983765 
15.242338 
13.226809 
12.748060 
13.946179 
13.341216 
14.295420 
13.438585 
13.149141 
14.643366 
14.379752 
14.576459 
12.424791 
13.744277 
18.438926 
15.543227 
15.556895 
14.311012 
19.714209 
11.882420 
12.483045 
14.375346 
12.433907 
14.373673 
12.624213 
14.148474 
13.687202 
13.452883 
12.647414 
13.757966 
12.554609 
13.431605 
11.360336 
12.846158 
19.267680 
13.425061 
11.596550 
20.504235 
15.940467 
15.106993 
28.430825 
19.707767 
17.302200 
20.252634 
21.131272 
30.753242 
27.980904 
47.114471 
47.114608 
