13.249827 
14.470251 
18.419289 
15.655678 
12.432909 
25.544633 
14.480426 
12.638085 
15.308581 
28.126079 
16.235758 
13.102513 
13.088554 
13.823949 
14.084634 
23.724645 
14.264660 
14.519226 
13.201882 
17.637218 
11.857938 
14.058950 
15.192109 
13.307781 
12.867572 
12.986822 
15.909177 
11.899364 
11.869983 
11.843110 
13.288514 
35.984833 
13.482211 
16.741420 
13.356313 
14.710322 
13.944043 
12.020322 
10.434211 
11.818970 
14.629542 
27.934742 
13.323317 
11.087735 
13.417381 
11.147743 
13.642469 
11.372973 
13.827150 
12.558496 
11.801242 
12.364707 
14.768708 
14.008622 
11.729436 
15.176162 
12.786826 
12.829337 
39.598510 
14.133593 
13.575195 
38.147643 
9.616909 
13.466559 
12.289814 
12.661964 
11.974111 
13.713259 
13.180070 
14.660393 
15.030416 
16.399517 
12.751635 
13.700542 
13.045475 
37.104759 
11.907636 
13.103663 
11.769356 
15.148279 
12.651058 
14.366807 
13.542961 
12.837871 
15.057267 
13.545588 
13.753234 
13.677807 
16.555225 
16.183645 
19.095333 
17.750774 
34.541473 
31.408510 
55.693461 
55.875578 
28.701826 
28.424452 
51.258430 
50.431898 
