13.128463 
12.161386 
15.700969 
12.534011 
19.962421 
14.372616 
12.513822 
22.002437 
16.453832 
13.012820 
13.852976 
19.496388 
13.851083 
19.017042 
14.445633 
14.533553 
13.411091 
14.387075 
14.107354 
14.047064 
15.841580 
13.412697 
12.931168 
12.987691 
15.296277 
12.941880 
10.380320 
11.885930 
13.765905 
22.032312 
13.647519 
16.017429 
13.294871 
15.173411 
13.898674 
12.047493 
10.433403 
12.142535 
14.489916 
21.930483 
13.971675 
11.174375 
13.680672 
10.891691 
13.408715 
11.182840 
13.787849 
12.978573 
12.202172 
12.444398 
14.642110 
14.144049 
11.676680 
15.880604 
13.330362 
12.829827 
22.566871 
13.549238 
13.458452 
22.342352 
9.568685 
13.892511 
12.307862 
12.509950 
11.629991 
13.810382 
12.980710 
13.237817 
15.515049 
16.844872 
13.550680 
14.370536 
18.982426 
21.169456 
12.029915 
13.264834 
11.917986 
15.292363 
13.224738 
14.199074 
13.346847 
12.979542 
13.837423 
12.410480 
15.921843 
12.233306 
14.223866 
13.820686 
16.731463 
15.377408 
21.037665 
19.070760 
22.838722 
23.059670 
19.223549 
18.900342 
21.993233 
21.197088 
22.447334 
18.941527 
