13.191779 
12.285137 
15.209141 
12.538447 
19.082568 
14.678391 
12.496199 
21.384554 
16.469192 
13.058681 
14.017877 
17.853854 
14.016288 
18.760190 
14.486142 
13.275059 
13.913168 
12.532558 
13.991794 
15.825414 
13.246147 
12.924415 
12.993591 
15.864843 
12.391469 
10.674684 
11.875559 
13.699281 
21.880028 
14.055569 
16.080537 
13.326661 
15.207788 
13.918283 
12.095759 
10.799995 
11.788634 
14.489186 
21.646028 
14.040129 
11.221334 
13.804759 
11.258155 
13.508391 
19.138121 
13.715861 
12.565405 
12.875251 
12.479755 
14.647574 
14.194061 
11.715720 
13.915295 
12.378719 
12.819087 
22.116003 
13.357359 
13.429351 
21.932258 
9.529660 
13.935901 
12.181066 
12.542283 
11.579792 
13.857853 
13.780529 
12.039470 
15.566414 
16.880366 
13.548533 
14.305031 
16.864813 
20.432658 
12.297288 
20.556606 
11.919451 
14.975744 
13.500206 
14.286672 
13.445463 
13.010368 
14.029049 
12.539390 
12.918330 
12.531369 
13.620411 
16.461504 
14.963502 
20.164101 
18.341710 
21.964624 
22.185484 
18.666798 
18.351419 
21.147771 
20.357800 
18.243451 
15.695725 
23.661083 
21.853733 
