13.284133 
15.207215 
12.829189 
17.904058 
14.978450 
12.512877 
16.102178 
16.648667 
13.065135 
14.312262 
16.850905 
14.061117 
16.937626 
14.557465 
20.569867 
13.763325 
12.811992 
13.839864 
16.286748 
13.742480 
12.740722 
12.893137 
15.901572 
12.509557 
10.849638 
11.670395 
13.952977 
19.368902 
14.565376 
16.215139 
13.102639 
14.813097 
13.784568 
12.327005 
10.749976 
11.970678 
14.711022 
20.059727 
14.335415 
11.392687 
14.033319 
11.305536 
13.414081 
15.720803 
13.759381 
12.213941 
13.125311 
12.457555 
14.553089 
14.498014 
11.899471 
14.240008 
12.577183 
19.326595 
13.154092 
13.525436 
19.374506 
9.640367 
14.240455 
12.515639 
12.686006 
11.700074 
14.096315 
13.985083 
12.018915 
15.538346 
17.405838 
13.861531 
14.889090 
15.353253 
17.841233 
12.301028 
17.524025 
12.195560 
15.080568 
13.756105 
14.608230 
13.722738 
13.283199 
14.129224 
12.510618 
12.829820 
12.379030 
13.484896 
16.278098 
14.051221 
15.503065 
16.816096 
17.040958 
15.372908 
14.991946 
16.196767 
15.449300 
15.717362 
13.279187 
17.487482 
15.792653 
20.088597 
21.665606 
21.248663 
