13.713180 
15.161472 
13.226149 
17.327198 
15.141547 
12.793829 
14.880361 
17.230234 
13.269236 
14.488687 
16.370993 
14.724171 
15.894752 
14.646477 
13.622520 
13.870111 
12.893302 
14.212588 
16.407646 
13.752448 
12.676223 
13.034197 
15.897185 
12.861491 
10.952447 
11.584389 
14.309034 
18.471993 
14.506151 
16.083043 
13.097774 
15.245400 
13.840871 
18.008963 
11.263709 
11.845390 
15.036050 
19.814431 
14.463437 
11.495716 
14.104428 
11.801125 
13.618157 
14.356369 
13.893515 
11.995067 
13.261966 
12.874527 
14.786212 
14.997634 
16.776330 
14.009489 
12.505102 
18.030670 
13.078838 
14.059790 
17.983939 
9.781217 
14.432206 
13.372190 
12.281610 
14.769238 
14.008267 
12.106825 
15.582939 
17.961265 
13.901921 
15.395683 
14.203461 
16.692246 
12.497180 
16.169537 
12.217149 
15.103887 
13.900531 
14.742600 
13.886940 
13.793835 
14.105022 
12.349383 
13.046744 
12.423980 
13.824205 
17.464462 
13.263459 
14.135480 
14.360538 
14.593700 
13.447778 
13.005999 
13.832177 
13.047641 
14.104994 
11.799953 
14.817816 
13.233893 
12.553324 
12.715228 
16.698943 
16.548586 
