14.277912 
12.684523 
13.155492 
17.237667 
15.265435 
12.723091 
14.822405 
17.334616 
13.371188 
14.799199 
16.885346 
15.392577 
15.891435 
14.914658 
13.674801 
12.831766 
13.090046 
14.187800 
16.292966 
13.594050 
12.723253 
12.995679 
15.984669 
13.394254 
11.184102 
11.547206 
14.314415 
18.194068 
14.669095 
16.349535 
13.149379 
15.259281 
13.907934 
15.874097 
11.481938 
11.829148 
20.690567 
19.812094 
14.705928 
18.992651 
12.200322 
13.774573 
13.516699 
14.126398 
11.895673 
13.439624 
12.423307 
14.487953 
14.970763 
14.398767 
13.847160 
12.551551 
18.117164 
12.690829 
13.845230 
18.148648 
9.880093 
15.662622 
13.314852 
12.953982 
14.958377 
13.817190 
11.635558 
15.581976 
18.010813 
13.895959 
15.372923 
15.807904 
12.591082 
15.548766 
12.092952 
14.767429 
14.040610 
14.821222 
13.954410 
13.893456 
14.416635 
12.379995 
12.723737 
14.736162 
12.988961 
17.384604 
13.211796 
14.101525 
14.400833 
14.649876 
13.454326 
12.951812 
13.203694 
12.391369 
11.876115 
11.686737 
13.655306 
12.283929 
12.290716 
12.668201 
12.959926 
12.726028 
14.924015 
16.840871 
