13.985692 
12.972973 
12.969178 
17.773412 
15.528745 
12.822596 
14.481680 
15.060166 
13.102107 
12.819478 
16.951517 
15.128712 
15.781198 
15.043661 
14.188967 
14.428633 
14.190653 
15.557265 
13.347065 
11.353820 
24.741326 
12.819213 
10.683432 
11.716158 
14.562846 
18.128191 
13.317660 
16.481538 
13.030505 
14.793222 
13.336946 
15.676713 
11.692938 
11.908848 
20.023764 
17.032471 
13.663068 
17.930362 
12.024340 
13.674042 
13.241492 
14.501325 
11.771729 
12.310177 
13.898111 
14.802998 
14.247200 
13.819276 
14.054127 
17.201637 
20.217070 
13.866792 
18.305716 
10.286731 
16.330557 
20.326474 
12.782905 
14.619386 
13.748716 
11.834711 
12.562364 
16.483284 
12.827886 
14.717351 
14.788305 
15.328278 
11.794391 
14.692207 
11.174631 
12.771751 
13.868266 
14.211805 
14.468475 
12.330119 
12.647136 
15.024924 
22.188347 
17.533905 
13.535717 
14.505484 
14.372114 
15.022719 
12.925845 
12.690550 
13.329904 
12.564909 
11.820503 
12.105310 
13.437205 
12.164746 
11.636072 
12.549151 
12.754889 
12.547898 
13.357276 
14.821143 
21.269952 
24.022708 
25.065106 
24.402385 
