14.770336 
15.505184 
14.836853 
56.936988 
14.000985 
73.288181 
12.530473 
12.537741 
12.958591 
15.912534 
13.054940 
13.454388 
16.133953 
13.080620 
14.450150 
25.686839 
14.703251 
15.417638 
13.474977 
22.847182 
13.209249 
17.658129 
13.074840 
12.754850 
14.381689 
10.417826 
11.578638 
13.090735 
25.091174 
11.519517 
13.165278 
12.333573 
12.452395 
14.207714 
16.017053 
13.995156 
16.260530 
13.744262 
17.766374 
11.303461 
13.292997 
11.594120 
15.570817 
13.299210 
13.367685 
10.452626 
11.549256 
12.598483 
12.976335 
13.396754 
12.988293 
15.178026 
13.110876 
12.633340 
13.865131 
13.264283 
14.265483 
13.372979 
13.164671 
14.544428 
14.347408 
14.516591 
12.657973 
13.515978 
18.189159 
15.500834 
15.530079 
14.311225 
19.608892 
11.856834 
12.451305 
14.349163 
12.241927 
13.561201 
12.656504 
14.211748 
13.453078 
12.640238 
13.774519 
12.575747 
13.451395 
11.378184 
12.858587 
19.021318 
13.061551 
11.447234 
20.171099 
15.943278 
15.070548 
27.544036 
19.327676 
16.989677 
19.875344 
20.720107 
29.179029 
26.422308 
32.905162 
32.880483 
111.409159 
109.029031 
