13.932637 
12.915291 
12.920690 
17.786334 
12.751010 
14.281566 
15.012317 
13.014027 
12.757897 
16.103139 
15.032262 
15.574399 
14.982399 
14.107385 
12.446293 
14.135188 
15.697647 
13.376705 
11.296795 
23.219122 
12.185501 
11.396666 
11.729008 
14.554769 
18.015990 
12.951335 
16.598331 
12.933971 
14.659585 
13.257126 
15.538789 
11.652668 
12.036315 
20.095385 
16.995042 
17.899790 
11.945912 
13.613360 
13.154812 
14.425331 
11.769358 
12.269150 
13.836757 
14.770178 
14.196785 
13.944684 
13.995822 
17.127391 
18.816344 
13.804868 
18.278362 
10.192100 
45.447673 
18.905939 
12.586473 
14.557693 
13.818469 
11.921582 
12.826256 
15.828658 
42.417460 
14.490402 
14.415473 
15.233501 
11.823004 
14.764691 
12.398440 
15.297040 
11.084498 
14.168969 
14.603954 
12.312426 
12.774307 
14.946534 
20.316788 
17.407507 
13.492717 
14.456036 
14.324376 
14.981877 
12.622408 
12.536377 
13.277624 
12.427463 
11.649013 
11.926658 
13.312565 
12.087693 
11.896000 
12.863406 
12.688596 
12.457347 
13.422878 
14.592892 
18.758564 
21.487362 
21.841937 
21.160419 
65.830100 
63.132139 
