13.932008 
13.755142 
12.728020 
15.074903 
12.400419 
14.206489 
14.217815 
12.737964 
13.010351 
16.885779 
16.180716 
15.675636 
12.178588 
13.548651 
13.355857 
14.268226 
14.484206 
13.531269 
11.613598 
18.223402 
12.531266 
12.436783 
14.704719 
14.523603 
16.688902 
12.957943 
13.824072 
12.646219 
15.168091 
13.022377 
16.284136 
11.751545 
12.660548 
16.328250 
15.869794 
16.417645 
13.421912 
14.085116 
13.919345 
15.474297 
13.936834 
15.171208 
14.517329 
14.885921 
14.822471 
14.110156 
14.452579 
15.213380 
14.124254 
10.928910 
16.580440 
15.837648 
13.172098 
16.552518 
11.980789 
14.164518 
21.571898 
14.451025 
14.799845 
13.880091 
12.488718 
11.451368 
15.387141 
14.757909 
15.537289 
13.766784 
16.162469 
13.208693 
16.129741 
15.539944 
14.250798 
13.525261 
13.216319 
13.688489 
13.946920 
12.713185 
12.837131 
15.090245 
12.327682 
11.914319 
12.766747 
16.049809 
13.642330 
12.178042 
13.292473 
13.181487 
13.088966 
11.755093 
12.502772 
14.384256 
12.478288 
12.173341 
18.667653 
12.846688 
12.782296 
15.904696 
14.460240 
12.278548 
17.703561 
22.600227 
