13.941552 
13.730452 
18.356909 
15.069739 
12.677523 
14.288022 
19.803407 
12.834311 
12.813587 
16.984482 
16.174887 
13.354487 
12.141303 
13.596421 
13.635305 
14.359667 
14.572936 
14.243895 
11.994525 
18.211819 
12.785001 
12.900500 
13.647874 
14.464055 
16.803486 
13.161182 
13.740091 
12.944540 
15.330579 
13.219152 
16.290484 
11.669125 
12.665070 
16.128116 
16.161716 
16.244786 
13.418071 
13.948404 
13.780004 
15.566326 
13.730102 
15.595715 
14.451367 
14.829991 
14.889950 
14.525247 
15.264142 
14.113331 
10.883156 
15.712623 
15.898544 
13.156175 
16.525763 
11.973986 
14.229592 
12.665455 
14.630430 
13.968720 
12.743484 
11.916067 
13.363692 
14.299303 
15.394228 
13.674305 
16.030423 
13.342927 
16.201445 
15.666116 
14.210039 
13.539173 
13.144942 
13.561611 
13.805071 
16.369735 
12.256563 
15.196056 
12.373554 
12.006000 
12.846908 
15.779957 
13.706466 
12.334101 
13.389485 
13.143505 
13.027341 
11.584402 
12.571832 
14.436418 
12.538507 
12.207203 
14.506235 
12.243871 
12.594217 
15.606404 
12.709179 
12.440815 
13.432843 
15.454880 
19.800378 
17.591331 
