13.915311 
13.676392 
16.670662 
15.058935 
12.604282 
14.338690 
17.923856 
12.740902 
12.789357 
17.047399 
16.021069 
13.083674 
12.098318 
13.728488 
13.694563 
14.432555 
14.834603 
24.601933 
12.065379 
18.187682 
12.831901 
12.936641 
12.812409 
14.471296 
14.118848 
13.286318 
13.775498 
12.639563 
15.252380 
13.157293 
16.707156 
12.074447 
12.730928 
16.250534 
16.191465 
16.526503 
12.274708 
13.336783 
13.660858 
15.602286 
12.938240 
15.170854 
14.410218 
14.859842 
15.009496 
14.448617 
15.105312 
13.576179 
10.952735 
15.797399 
16.063881 
13.297119 
16.420376 
22.051075 
14.302660 
12.783010 
13.404592 
13.040394 
11.935802 
13.387427 
14.212201 
15.291645 
13.686482 
15.961478 
13.398519 
16.162720 
15.695876 
14.181326 
13.521567 
13.078445 
13.464108 
13.685724 
16.058897 
12.140510 
14.797058 
12.670141 
12.042491 
12.859327 
13.025078 
16.484081 
12.382661 
13.472272 
13.168587 
13.145560 
11.691514 
12.500886 
14.331012 
12.596629 
12.203688 
14.059480 
12.332830 
12.381618 
12.390177 
12.043097 
12.840138 
14.877988 
16.483468 
14.292058 
27.478522 
27.680502 
