13.874304 
13.654496 
16.233715 
14.655472 
12.655105 
14.271437 
17.591596 
12.687225 
13.117440 
17.068224 
15.962196 
12.970534 
12.148501 
13.563261 
14.317288 
14.869540 
22.667302 
12.031878 
18.102028 
14.343312 
10.860951 
12.693547 
14.085661 
14.060648 
11.229317 
13.761477 
12.556299 
15.157028 
13.107417 
16.627136 
12.473419 
11.950553 
16.224215 
16.093743 
16.561546 
12.225335 
13.266946 
13.646875 
15.457094 
12.933296 
15.191783 
14.377227 
14.813306 
15.020163 
14.403493 
15.158842 
13.588762 
10.985007 
15.822760 
15.843512 
13.222307 
16.367586 
20.200754 
14.410009 
12.787261 
13.347077 
13.152174 
12.637513 
12.698947 
13.818351 
15.287952 
13.656483 
15.949340 
13.872904 
15.695757 
14.067005 
13.335364 
12.946025 
13.430609 
13.646298 
15.873174 
12.041489 
14.756925 
12.573393 
11.432078 
12.300668 
13.093436 
16.462528 
10.634545 
14.811948 
13.126725 
13.086482 
11.692789 
20.747781 
14.266604 
12.591892 
19.876651 
13.742324 
12.272571 
12.363829 
12.267281 
11.878604 
12.538247 
14.670177 
15.861485 
13.727980 
23.739957 
23.951915 
25.554527 
23.169315 
