13.547158 
13.409651 
14.875816 
14.486783 
13.012869 
13.464395 
16.318223 
12.512487 
26.836376 
15.138283 
15.421061 
12.612353 
12.447021 
14.185417 
14.528840 
13.870516 
16.653118 
12.171145 
15.261260 
12.592952 
14.238249 
14.050030 
11.929822 
16.500846 
12.344187 
14.902779 
13.078614 
15.741993 
13.015417 
12.521043 
15.934284 
13.617581 
18.026931 
12.997091 
13.557401 
14.592263 
18.563026 
15.405402 
14.788715 
14.413509 
14.125463 
14.447179 
15.221670 
13.353958 
15.848919 
15.491167 
16.413587 
19.240415 
12.934986 
11.949247 
13.253431 
12.707969 
13.139648 
12.776642 
14.224050 
15.487943 
17.007576 
12.261606 
11.470660 
13.571223 
13.041848 
12.677511 
13.589454 
13.700860 
14.903353 
11.609063 
14.828173 
12.398494 
13.603010 
11.906088 
13.528311 
27.127685 
13.549677 
12.195199 
13.908750 
15.292879 
15.657335 
13.958746 
16.253595 
11.472833 
18.941883 
12.461228 
12.385185 
11.837202 
12.481663 
13.493739 
13.466603 
11.663407 
13.797323 
13.792455 
16.849075 
14.105869 
16.029565 
15.995341 
15.684452 
15.967744 
21.556408 
19.361807 
33.285568 
33.407290 
