12.980314 
13.917590 
14.627756 
14.365749 
12.737331 
12.878046 
16.184036 
13.531496 
24.911115 
15.827809 
13.314267 
13.643470 
12.591314 
14.417551 
14.288664 
13.521635 
15.936671 
12.388449 
15.224747 
14.169217 
12.968997 
12.187490 
15.601340 
11.517654 
15.245293 
14.091860 
14.326134 
13.726611 
12.576621 
15.901479 
13.353682 
15.672733 
13.122034 
13.617843 
14.338817 
16.028920 
14.665229 
14.443104 
13.228226 
14.081957 
14.660563 
22.872747 
13.906138 
15.300181 
16.546035 
18.354513 
12.743768 
11.490257 
13.964453 
12.605905 
13.430514 
12.937157 
14.919020 
15.566183 
17.017462 
12.212423 
11.783388 
13.231456 
12.848747 
12.537132 
13.574387 
13.712468 
14.076515 
10.725437 
13.086506 
46.285434 
12.703668 
13.412734 
25.354486 
13.697628 
12.591447 
12.791538 
14.783409 
14.613201 
12.757510 
15.114994 
11.392882 
18.173212 
11.883003 
11.269354 
11.624814 
12.309113 
13.192626 
13.400472 
11.418074 
13.132393 
13.178048 
54.839978 
14.979904 
15.015426 
14.712145 
14.812519 
17.757271 
15.862247 
29.417551 
29.411692 
72.375359 
71.920209 
29.197540 
26.984744 
