12.960909 
13.877504 
14.618759 
14.389188 
12.581979 
12.876956 
16.032461 
13.532119 
23.588146 
15.888857 
13.343836 
13.708988 
12.461171 
14.447013 
14.308366 
13.563188 
15.842859 
12.376777 
15.130337 
14.199944 
13.015079 
12.224159 
15.368085 
11.548664 
15.287543 
14.094390 
14.207608 
13.780937 
12.595464 
15.921136 
13.396705 
15.524444 
13.161863 
13.295458 
14.330473 
15.846932 
14.661017 
14.384181 
13.181970 
14.178558 
14.604383 
12.377855 
13.819186 
15.049024 
16.502042 
18.025004 
12.816789 
11.506593 
14.039594 
12.778576 
13.528151 
13.000805 
14.974321 
15.373483 
16.939030 
63.074051 
13.253316 
12.867487 
12.564891 
13.493855 
13.630509 
14.121575 
10.754909 
13.098183 
14.362025 
12.795092 
13.476683 
24.136775 
13.743280 
12.578245 
12.768885 
14.817546 
14.554185 
12.440484 
15.186274 
11.422623 
18.027711 
11.898470 
11.320407 
11.675127 
12.360780 
13.229029 
13.356642 
11.337443 
12.969502 
13.013747 
34.690146 
14.632094 
14.632730 
14.359222 
14.440310 
17.394080 
15.487350 
26.808183 
26.818120 
102.445994 
52.067239 
15.074110 
125.246420 
102.658280 
