13.111601 
14.002318 
14.627575 
14.399646 
12.650870 
12.794977 
16.047956 
13.549936 
20.772548 
15.424247 
13.384201 
13.769230 
12.551284 
14.474468 
14.323688 
13.041128 
15.031829 
12.374335 
15.293449 
14.211352 
13.027302 
12.134110 
14.673941 
11.565991 
15.306853 
14.091907 
14.270970 
13.709589 
12.637574 
15.925417 
15.120865 
15.508432 
13.183637 
13.388607 
14.175375 
15.826700 
14.701734 
14.360171 
13.524384 
14.157567 
14.599084 
12.531600 
13.629091 
14.016725 
16.521068 
14.949069 
12.944914 
11.858773 
14.010707 
12.532612 
13.228865 
12.110144 
14.702859 
15.412348 
16.936370 
42.894113 
13.283246 
12.858373 
12.577082 
13.519143 
13.627930 
14.600046 
10.851985 
25.616505 
14.280049 
12.549075 
13.504463 
23.284645 
13.683536 
12.757214 
12.922625 
13.093927 
26.786843 
15.250139 
14.041383 
11.911436 
11.230088 
11.500418 
11.957222 
11.891871 
13.354260 
11.348402 
13.054452 
12.313364 
37.492677 
14.412795 
13.255635 
14.831999 
13.746580 
17.327438 
15.459055 
25.624817 
25.569621 
55.916009 
84.595707 
15.312751 
69.361351 
92.526597 
31.232646 
31.229710 
