13.063876 
13.771906 
14.129887 
13.721743 
12.454840 
13.543444 
15.888219 
13.614912 
16.900267 
13.293897 
13.389065 
14.003893 
12.263095 
12.969270 
13.412375 
13.017334 
14.808861 
12.434556 
14.524365 
12.876158 
11.797951 
14.296506 
11.698417 
15.686320 
14.183680 
14.296146 
13.098386 
11.996527 
16.042490 
14.999214 
15.214906 
13.228868 
13.161723 
12.988647 
15.159242 
14.293691 
14.201211 
13.491753 
14.584271 
12.239128 
13.071716 
14.465008 
16.456369 
13.963652 
11.579003 
12.046338 
13.994611 
13.299974 
13.510616 
12.402338 
14.710099 
15.233631 
16.409665 
13.091952 
13.764821 
12.975382 
12.498455 
13.339215 
13.541074 
15.010612 
11.170239 
37.471377 
13.743163 
13.142575 
25.651604 
13.130364 
28.961002 
13.141661 
13.024185 
14.511442 
14.216848 
11.461135 
11.088340 
11.586530 
12.218446 
11.928243 
13.259647 
11.126915 
12.690995 
11.028363 
32.092238 
14.039853 
12.585500 
14.890275 
13.504264 
16.481649 
14.725894 
20.232913 
18.215366 
61.205666 
49.272335 
15.181975 
23.843040 
40.796821 
23.117136 
39.781669 
49.775873 
41.206689 
36.423761 
41.328819 
