13.020552 
13.647093 
12.084155 
12.519680 
12.806366 
13.849725 
13.169896 
13.163416 
13.601694 
13.644800 
13.142252 
14.460112 
11.876667 
12.509924 
12.994030 
30.563055 
12.924167 
14.405197 
11.681351 
12.243169 
13.782338 
11.559177 
13.625875 
14.436035 
13.181381 
23.125301 
14.606979 
15.127312 
13.192557 
13.240112 
12.623365 
15.143839 
12.220400 
13.709617 
13.250462 
14.315580 
11.872238 
13.419968 
14.142833 
13.364911 
13.407133 
28.234118 
12.132468 
14.592065 
12.911463 
46.950643 
12.972293 
14.886564 
14.268144 
15.953476 
12.719302 
14.293400 
12.178326 
12.766243 
12.232283 
12.939453 
15.405384 
11.776603 
27.876002 
14.583823 
12.707042 
19.300656 
21.876112 
13.172366 
13.084288 
14.668689 
14.207447 
12.770127 
10.965989 
11.770654 
12.616879 
12.077274 
13.908314 
11.311152 
12.624653 
21.034195 
13.291980 
11.857853 
14.026071 
12.763401 
13.807276 
13.885192 
38.897045 
33.552186 
27.319186 
15.217183 
18.170944 
26.906122 
17.819046 
26.899698 
31.513019 
25.802292 
23.098854 
27.911737 
53.135019 
50.356504 
39.453781 
36.929336 
30.672149 
29.808477 
