27.326014 
15.418964 
24.313717 
10.407911 
13.243789 
22.111130 
12.973603 
12.577394 
12.817853 
13.896656 
12.999704 
13.562495 
16.666475 
13.058040 
15.700077 
21.597560 
14.797450 
15.557596 
19.608354 
12.733870 
17.871216 
13.381866 
12.768505 
13.625375 
10.223940 
11.739039 
13.137230 
20.462274 
16.344942 
12.106622 
12.599553 
14.797449 
15.608749 
13.261954 
15.575776 
13.079527 
17.600362 
11.115378 
14.028590 
11.324030 
15.692656 
13.183271 
12.785827 
10.464931 
11.412833 
12.491040 
12.731994 
13.274061 
12.841366 
14.533481 
13.220430 
12.583435 
14.319772 
12.981554 
14.060827 
13.273132 
13.114145 
14.296042 
13.727171 
14.363963 
11.251224 
15.181042 
15.494975 
14.815943 
15.257181 
11.829325 
12.288865 
14.245750 
26.969466 
14.047502 
12.571796 
13.968646 
12.428353 
12.668968 
13.836556 
12.556254 
13.363364 
11.201315 
27.764398 
16.592090 
12.597108 
11.023752 
17.111053 
15.190085 
14.631830 
23.617655 
14.874649 
15.221914 
13.176185 
16.195302 
22.068615 
19.413893 
23.458122 
23.356151 
27.181430 
27.056729 
34.304197 
31.986051 
51.333682 
37.101517 
