12.956060 
14.026971 
12.102239 
12.659260 
12.753441 
14.163608 
12.775870 
13.180272 
13.231744 
13.529072 
13.094359 
15.224847 
11.477686 
12.186097 
13.024427 
25.943834 
13.010738 
15.047793 
11.569763 
13.259394 
13.596115 
11.722734 
13.844604 
14.705318 
10.937091 
19.359125 
14.324772 
14.673352 
13.151618 
14.939637 
12.866311 
14.870921 
12.201266 
13.518420 
13.143571 
14.369526 
12.376897 
13.634584 
13.906005 
13.269006 
13.539421 
23.708161 
12.360902 
14.094772 
13.340934 
33.062539 
14.484247 
13.753549 
15.710243 
13.235429 
14.527041 
12.296999 
12.772537 
11.981940 
12.793277 
16.064948 
12.085654 
25.677298 
136.289311 
12.041305 
18.075617 
20.120810 
13.142888 
13.066757 
13.248464 
13.756017 
13.076960 
13.573897 
10.332258 
12.559895 
12.157970 
13.851428 
11.283222 
12.753101 
117.384777 
13.024458 
11.795531 
13.470877 
12.379689 
13.190208 
13.475532 
29.277995 
17.576200 
13.280342 
15.565220 
18.563296 
17.284688 
23.880131 
26.399452 
21.184825 
19.246756 
24.001690 
35.210300 
32.464105 
29.247223 
26.749276 
23.067418 
22.512975 
237.127586 
232.815767 
