13.626532 
13.024531 
12.382909 
12.995582 
12.659031 
14.213603 
13.158176 
13.203878 
13.150541 
13.275164 
13.291333 
15.300969 
14.311264 
20.649430 
12.944965 
24.652267 
12.964180 
13.141980 
13.228392 
14.763272 
11.771608 
13.851760 
14.759429 
10.928512 
18.794259 
13.943797 
14.656189 
13.212845 
14.208636 
12.977769 
14.831620 
12.256447 
12.106721 
13.196333 
14.333165 
12.316924 
13.601171 
13.534215 
13.161706 
13.580270 
22.617362 
12.380932 
14.245570 
13.654124 
30.211191 
14.436526 
11.422598 
13.475799 
14.543167 
12.298561 
20.797924 
13.270999 
12.436627 
16.126853 
12.112387 
24.419244 
14.386220 
12.174939 
17.839948 
19.467707 
12.983242 
12.381702 
13.731172 
13.655939 
13.268285 
13.621684 
10.387969 
12.581454 
12.160273 
13.742853 
11.460934 
12.712298 
13.776281 
12.365696 
11.273093 
13.023362 
11.786958 
13.084169 
13.309740 
26.674960 
48.226391 
13.031828 
15.088319 
17.846008 
16.172262 
21.939866 
23.689795 
46.983758 
17.789483 
22.539623 
30.932324 
28.291611 
26.389609 
23.965204 
21.292563 
20.788252 
67.005223 
70.221402 
22.364944 
22.387654 
