13.709929 
12.993564 
12.911476 
13.437373 
13.227241 
13.531448 
13.295942 
18.461062 
13.701459 
13.214919 
15.767221 
14.664673 
16.972329 
13.143192 
15.392304 
13.034477 
13.526050 
13.149142 
15.110427 
11.902217 
14.156495 
13.757367 
11.067960 
15.872174 
14.346208 
14.404885 
13.323169 
14.851456 
13.677030 
14.912177 
12.628158 
12.333645 
13.452379 
14.548019 
12.746075 
14.076491 
14.175967 
13.376293 
13.768932 
13.052303 
18.443517 
14.776940 
13.722273 
20.604003 
15.305980 
11.780670 
14.351968 
20.416454 
12.323088 
16.973769 
13.599483 
12.725526 
16.561847 
12.704360 
17.209721 
14.962557 
12.709464 
17.146043 
15.988205 
13.832030 
13.103325 
13.898349 
13.855504 
13.869855 
13.966089 
10.714725 
12.928977 
12.301514 
13.974512 
11.847239 
12.890801 
14.743065 
12.716141 
11.480689 
13.172331 
12.090220 
12.688366 
12.876069 
14.596396 
21.072818 
13.889694 
12.652160 
15.313901 
15.800386 
14.781621 
14.639445 
22.352255 
13.070896 
15.452208 
15.067322 
17.048482 
11.570785 
14.386350 
13.995536 
19.397217 
20.501701 
14.600884 
14.502575 
19.427708 
19.049462 
