13.342819 
13.425902 
12.338903 
13.750251 
12.861402 
13.267040 
21.857936 
13.201431 
16.023012 
16.147224 
13.109742 
15.621194 
13.506561 
13.626182 
12.885433 
14.542991 
11.989179 
14.445017 
14.674001 
10.843193 
15.506463 
14.077131 
14.553232 
13.404629 
20.815689 
14.081903 
14.550724 
11.764173 
11.746248 
12.852196 
14.796060 
12.616428 
13.209848 
16.276763 
12.951009 
13.666634 
13.114104 
16.786542 
14.882463 
13.889861 
18.310369 
15.530575 
12.384238 
14.863104 
19.108844 
12.429618 
16.428590 
12.623767 
12.050630 
16.957607 
13.135001 
16.429524 
15.024822 
12.635178 
14.227489 
15.457812 
13.142574 
12.448294 
13.737849 
14.435138 
13.754262 
13.976739 
10.848623 
13.070638 
12.401874 
12.096932 
12.370740 
12.845788 
15.570387 
12.372448 
19.640430 
18.330754 
12.631511 
12.836364 
13.424839 
18.314017 
14.774924 
11.816504 
16.700037 
15.098055 
15.341143 
14.535998 
19.883610 
12.611905 
14.569214 
12.647872 
15.534596 
11.603332 
12.879894 
13.056703 
15.416384 
16.468237 
12.832565 
12.935729 
16.362943 
15.984281 
20.716718 
20.492946 
24.074007 
22.522949 
