13.453548 
13.433623 
12.437353 
13.797093 
12.869803 
31.839500 
21.275321 
13.366807 
15.933314 
16.002557 
13.078738 
15.649709 
13.533612 
13.645565 
12.741990 
14.545766 
12.042783 
14.472466 
14.495628 
10.465366 
15.469768 
14.060461 
12.171103 
13.781101 
20.135894 
14.144564 
11.505401 
11.967929 
11.934442 
12.823090 
14.907564 
12.633112 
13.013634 
16.166262 
13.675030 
13.137075 
16.598842 
14.224502 
13.921394 
18.132152 
15.516457 
12.390439 
14.915901 
18.969744 
12.442368 
16.400910 
30.648602 
12.242860 
16.901052 
13.138479 
14.957815 
14.958566 
11.452685 
14.263631 
15.249226 
13.010382 
12.383515 
13.735789 
14.395370 
13.800875 
13.722409 
10.636213 
12.978460 
12.361401 
12.157566 
12.476384 
12.848547 
15.540678 
12.351992 
18.863884 
17.786883 
12.599657 
13.392965 
18.130795 
14.691300 
11.820836 
16.709613 
14.641231 
14.856244 
14.337422 
19.467221 
12.317556 
13.831379 
12.519236 
15.330178 
11.619610 
12.724171 
12.943681 
15.095407 
16.111306 
12.732611 
12.813867 
16.054379 
15.709686 
19.754030 
19.553662 
22.623586 
21.121063 
43.490556 
42.646968 
