13.284883 
13.634469 
12.719540 
13.915439 
13.064638 
12.892195 
19.538771 
13.408713 
13.367486 
15.943554 
12.839157 
15.620970 
14.278684 
13.638413 
12.875741 
14.473004 
14.118381 
12.495321 
14.545583 
10.611889 
15.401574 
14.068058 
12.238271 
13.683761 
18.721222 
14.258988 
11.748850 
12.155492 
11.772421 
12.719363 
15.022627 
12.836409 
13.051379 
16.292665 
13.599073 
13.114197 
15.658501 
14.777486 
13.927508 
17.766697 
15.693005 
12.587192 
15.055682 
18.182055 
12.396829 
16.274879 
12.812937 
12.255477 
16.743239 
14.804214 
15.233779 
15.502421 
11.744535 
14.429339 
15.256394 
12.950314 
12.271993 
13.620957 
14.435977 
14.199823 
14.106286 
11.231611 
13.141579 
12.214075 
12.345622 
12.659922 
12.776414 
89.079518 
12.270072 
16.599922 
16.081420 
12.832124 
13.477837 
17.122495 
15.024574 
11.745580 
17.261157 
14.913761 
14.945206 
14.575101 
18.740751 
12.397783 
13.967245 
12.416656 
15.071175 
11.574297 
12.276498 
12.561490 
89.708336 
12.327000 
12.342770 
14.319649 
14.311818 
16.523540 
16.336229 
18.759683 
17.226519 
13.040304 
157.943455 
154.697165 
