13.573544 
12.728559 
13.624580 
12.936439 
12.906598 
17.720630 
12.723189 
13.424168 
13.922937 
14.271217 
15.519406 
14.136507 
13.606181 
12.682313 
13.821233 
14.139623 
12.452168 
14.493790 
11.332444 
13.200762 
12.604960 
12.061385 
13.622630 
17.051390 
14.398080 
11.871539 
12.229926 
14.108918 
10.818251 
15.451422 
12.833106 
12.933436 
16.168241 
13.567837 
13.222065 
14.988025 
14.848443 
14.296510 
16.840914 
15.791774 
12.302702 
15.270668 
17.595597 
12.256274 
15.519840 
12.079375 
12.730437 
16.850612 
39.931549 
15.193591 
15.239210 
12.035683 
14.228167 
15.150275 
13.248087 
13.035313 
13.739453 
12.650881 
14.701585 
14.405053 
11.420709 
13.415141 
11.930124 
12.314906 
12.731113 
12.717840 
16.396447 
12.733436 
14.931042 
14.243989 
12.816280 
13.253289 
18.090261 
15.057186 
11.886065 
16.964438 
15.013268 
14.907126 
28.900311 
18.637867 
12.299168 
13.843148 
11.916381 
14.677419 
11.677653 
13.505558 
12.130676 
27.513920 
11.713772 
13.519586 
35.841669 
13.025528 
14.397366 
15.663122 
14.396504 
11.292094 
33.710751 
37.550437 
55.639202 
52.673370 
