20.194126 
15.397501 
14.402315 
10.179043 
13.645811 
11.764325 
13.056526 
12.657831 
12.816376 
29.707517 
13.025035 
13.630618 
13.200925 
15.449837 
21.216172 
15.234528 
15.631900 
19.441365 
12.663266 
17.954664 
13.381400 
12.772991 
13.487439 
10.557370 
11.658517 
13.094946 
20.132327 
16.427148 
12.134260 
32.374650 
14.868305 
15.563740 
13.135922 
15.554743 
13.084178 
17.611389 
10.909521 
14.080185 
11.330082 
15.702682 
13.148277 
12.762851 
10.583205 
11.440851 
12.496924 
12.758857 
13.401803 
12.843397 
14.102947 
13.478624 
12.646455 
12.581141 
12.977197 
14.088909 
13.271607 
13.132816 
14.305424 
13.645545 
14.349083 
11.211773 
15.154437 
15.956600 
14.787147 
15.225465 
11.949725 
12.282953 
14.284496 
24.492978 
13.927887 
12.568024 
13.968154 
12.333158 
12.780599 
13.946668 
12.587609 
13.364024 
11.201355 
33.482363 
16.578149 
12.261436 
12.538618 
16.898693 
15.185833 
14.682185 
23.461238 
14.759305 
15.149719 
12.578591 
15.782316 
21.705048 
19.031371 
22.688438 
22.565810 
13.388745 
22.489460 
22.605036 
32.421463 
32.461056 
43.406389 
44.745034 
