16.150269 
12.490663 
13.505941 
15.122468 
12.957857 
14.381746 
12.686733 
13.624867 
13.828554 
14.736023 
16.005362 
13.617290 
12.851710 
14.315812 
13.858608 
20.108316 
13.434289 
11.353448 
13.188238 
12.716378 
11.473833 
13.434212 
24.531949 
13.920015 
12.348601 
14.653142 
11.277754 
15.726574 
13.665226 
12.246131 
15.981282 
13.495869 
13.251676 
13.191050 
14.931837 
14.278044 
15.611821 
12.630829 
15.278574 
17.232434 
12.331856 
15.285623 
12.693125 
22.554179 
19.659338 
14.691627 
20.951802 
14.478076 
12.463704 
13.972157 
12.818004 
13.276273 
13.153679 
13.722210 
14.739087 
22.431853 
14.816035 
11.785504 
13.120108 
14.034537 
20.403556 
12.446361 
12.640398 
12.646875 
12.729998 
13.963131 
13.537250 
13.132057 
13.694380 
14.474916 
12.109860 
16.427456 
12.701551 
14.219094 
14.637839 
16.947714 
14.643834 
11.895279 
13.562192 
11.724145 
13.292802 
11.896944 
12.737612 
11.577857 
13.376068 
18.418354 
12.393151 
13.230386 
14.357933 
12.847453 
11.529379 
14.784562 
18.602797 
18.441584 
21.068906 
25.581565 
21.602272 
21.652988 
26.207323 
26.017373 
