16.096436 
12.575123 
13.310844 
15.199697 
12.984162 
12.760374 
13.559578 
14.099585 
14.492634 
15.755900 
13.435514 
14.625380 
14.318642 
13.811488 
18.809557 
13.556537 
10.960779 
12.693894 
12.560733 
11.536740 
13.436705 
22.417112 
13.648007 
12.445086 
14.732672 
11.326439 
15.841699 
13.794246 
12.365658 
16.189388 
13.172324 
12.797917 
13.115850 
14.905879 
13.884405 
10.261394 
14.140249 
17.086150 
12.221831 
15.430708 
12.820555 
20.724982 
18.856157 
14.632378 
20.010114 
14.605959 
12.385415 
13.584447 
12.913762 
13.336535 
13.127493 
13.436179 
29.840734 
21.363991 
14.661316 
11.717894 
13.361843 
13.834991 
19.373854 
12.542714 
12.386927 
12.604425 
12.534066 
13.670600 
13.503557 
13.214165 
29.758581 
14.511679 
11.906126 
16.829304 
12.794676 
14.357357 
14.698810 
17.108128 
14.759982 
14.422098 
12.034461 
11.457641 
11.755946 
12.364921 
12.850499 
11.702269 
13.931362 
17.477398 
12.368740 
12.972687 
14.109899 
12.543927 
11.578350 
14.838428 
17.061911 
16.944291 
18.792161 
23.167695 
19.524427 
19.582759 
22.505063 
22.288073 
38.232039 
38.539841 
