15.739878 
13.253867 
15.983197 
13.657713 
13.517369 
12.853676 
16.928864 
13.352870 
13.663687 
15.541203 
23.935616 
13.617081 
13.981531 
12.333315 
11.419467 
18.559877 
16.566441 
11.603197 
13.394224 
16.709794 
13.385792 
13.071969 
15.261179 
11.588020 
14.432056 
12.072804 
12.869338 
13.727145 
13.349064 
14.816442 
14.032367 
15.038537 
14.483626 
15.843380 
14.795108 
13.771468 
13.618988 
18.694777 
16.006496 
13.814479 
13.926590 
11.736948 
13.610488 
13.947169 
15.484689 
13.528963 
18.167719 
14.346575 
10.887326 
18.050634 
13.426888 
13.653513 
13.193429 
13.109382 
11.793562 
12.813410 
13.600104 
21.090123 
14.215755 
12.143046 
14.234863 
12.030312 
16.688497 
13.071163 
13.169760 
13.789010 
15.077698 
14.079781 
18.774888 
14.821405 
12.213254 
13.182747 
12.188670 
14.004810 
14.283285 
14.959166 
14.101213 
12.102147 
11.810432 
14.198182 
12.829542 
13.001758 
12.577686 
14.296374 
12.579163 
14.837282 
12.909298 
12.650740 
13.217108 
14.613452 
15.497519 
13.170672 
16.439969 
16.663315 
16.752312 
17.633526 
16.395540 
14.185155 
26.482748 
26.030848 
