15.736451 
13.265452 
16.010118 
34.152365 
12.896537 
16.599739 
13.344575 
13.667454 
15.085895 
23.407991 
13.793326 
14.017688 
12.354965 
11.323200 
18.350811 
16.382516 
11.621986 
13.382464 
16.674547 
13.412351 
13.069168 
15.359224 
11.640727 
34.077402 
12.074432 
12.858550 
13.728968 
13.354750 
14.796411 
14.001467 
15.053685 
14.480634 
15.867427 
14.764868 
13.786920 
13.678824 
18.713014 
16.019399 
13.885677 
13.912626 
11.654148 
13.639970 
14.018462 
15.488251 
13.531129 
17.516547 
14.007109 
10.935860 
12.567851 
13.396385 
13.684141 
13.235541 
13.088132 
11.791620 
12.812075 
13.604147 
20.365422 
14.220219 
12.077244 
14.219260 
12.033653 
16.611666 
13.080805 
13.199152 
13.797469 
15.081895 
14.174675 
13.566049 
14.541407 
12.211167 
13.252097 
12.172103 
13.991760 
14.293089 
14.845548 
14.130096 
12.106977 
11.913108 
14.194159 
12.819571 
13.014291 
12.607287 
14.320994 
12.562225 
14.802016 
12.855891 
12.604711 
12.498240 
14.193532 
15.442840 
13.106363 
15.995546 
16.325984 
12.530002 
16.005423 
13.859136 
25.285701 
24.820462 
47.189058 
47.059589 
