15.529437 
13.354044 
16.052239 
24.204243 
12.957223 
30.772191 
13.147210 
13.513739 
15.640272 
21.107943 
13.801919 
13.897253 
12.460769 
17.292414 
16.059895 
11.650357 
13.467944 
16.418145 
13.307580 
13.123374 
15.490546 
11.843747 
24.562867 
12.111872 
13.028318 
13.616579 
13.179101 
14.325390 
14.216000 
14.974052 
14.108334 
15.623166 
14.369810 
13.815832 
13.786103 
18.550525 
15.914737 
13.753226 
13.921097 
11.951619 
13.089690 
14.087802 
15.852978 
13.307260 
32.964930 
11.128500 
12.869372 
12.518154 
13.649202 
13.312234 
12.971269 
11.697182 
12.886164 
13.519086 
18.471819 
14.347072 
12.040564 
13.947107 
11.770489 
16.079098 
13.139834 
13.300955 
13.770401 
15.067255 
14.209120 
12.696953 
13.161666 
12.112789 
12.930866 
12.030371 
14.236288 
14.003842 
15.414320 
14.125841 
12.003946 
11.981173 
14.051297 
12.393162 
12.799550 
12.502664 
14.186403 
12.637037 
14.904641 
12.556552 
12.337628 
14.187902 
14.891143 
15.055705 
12.552181 
14.833376 
15.283278 
10.847234 
14.068966 
14.744958 
20.543033 
19.965734 
27.861325 
27.733928 
37.653006 
40.002844 
