15.179284 
13.779572 
23.305750 
13.035087 
18.551164 
13.158518 
13.598607 
15.025947 
20.819361 
13.746065 
13.792140 
12.344010 
17.390150 
15.983441 
11.688166 
13.593911 
14.077623 
13.333433 
11.541559 
15.317634 
11.864074 
23.393142 
14.794064 
12.989238 
13.612468 
13.208699 
14.330667 
14.600365 
15.042859 
14.282755 
15.575652 
14.299749 
13.796031 
13.471596 
17.510864 
15.989933 
13.750973 
13.885766 
12.171547 
13.276174 
14.053553 
15.850420 
13.250069 
15.827857 
11.426433 
12.664009 
12.479339 
13.456672 
12.843008 
12.966742 
12.962561 
12.927921 
13.632090 
18.139795 
14.250402 
12.070406 
13.840224 
11.758818 
16.057369 
12.303952 
12.928658 
11.388883 
15.262552 
14.147033 
12.973987 
13.277573 
12.123928 
13.603603 
11.852441 
14.036212 
14.012177 
15.425702 
14.210653 
12.457191 
11.726491 
13.656571 
12.421024 
12.810514 
12.312774 
14.044445 
12.116963 
231.934303 
11.755397 
12.915644 
13.938551 
14.734206 
14.992849 
12.525218 
15.190978 
15.222260 
13.661553 
13.899602 
14.513127 
19.905166 
19.322994 
25.985412 
25.907932 
129.614204 
337.863313 
340.254890 
