15.456841 
14.221025 
19.480819 
13.625838 
26.159728 
13.208763 
13.876592 
14.542270 
14.642635 
13.920620 
13.907624 
12.145094 
16.634627 
15.556112 
12.886809 
13.365872 
14.323030 
13.533494 
11.522688 
15.246274 
11.271265 
20.598233 
14.779635 
13.056125 
13.652931 
13.324893 
14.430599 
13.304988 
15.149069 
14.275813 
15.756252 
14.340641 
14.016672 
13.663996 
17.803908 
16.317998 
14.033368 
14.007621 
21.227968 
33.191856 
13.692691 
15.717289 
36.374864 
15.475276 
11.985920 
12.723223 
12.625690 
13.789803 
13.022241 
12.957015 
13.203052 
12.529628 
13.852815 
11.913617 
12.329717 
12.090494 
14.032758 
16.224452 
12.528372 
13.150299 
11.667150 
15.449679 
13.620745 
12.843513 
13.250972 
12.178813 
13.571597 
12.004785 
14.539716 
14.173920 
15.689247 
14.453537 
12.672532 
11.935575 
13.936137 
12.584379 
12.960566 
12.425400 
14.186879 
14.147525 
13.612941 
11.918092 
13.125986 
13.884752 
14.317785 
15.004765 
12.472530 
13.939718 
14.112363 
13.188489 
13.287599 
13.708322 
13.288146 
19.961408 
19.899096 
12.333257 
24.430053 
25.004236 
50.210372 
47.502708 
