15.426249 
14.237002 
18.080482 
13.723808 
22.259925 
13.145098 
13.801516 
14.669710 
14.421306 
14.150160 
13.884252 
12.969761 
16.282409 
14.319064 
12.708749 
13.647562 
14.273203 
13.473811 
11.477481 
15.574190 
13.107194 
18.574262 
14.660644 
12.709274 
13.666055 
13.246534 
14.217378 
13.326276 
15.066675 
14.652371 
15.742232 
14.322604 
14.005427 
13.825698 
17.833164 
16.336155 
14.084104 
14.430697 
17.479387 
21.465142 
11.949786 
21.666828 
15.674331 
12.080081 
12.857861 
12.619084 
13.757327 
12.985395 
12.728305 
13.162337 
12.872096 
13.858265 
14.810026 
12.045498 
12.550694 
14.317768 
16.634784 
12.203541 
12.274219 
11.593316 
15.264809 
13.200046 
12.822167 
23.112579 
12.069255 
13.618438 
12.177088 
14.606331 
14.153930 
14.277320 
14.423078 
12.661352 
12.171631 
13.967224 
12.537155 
12.963681 
12.363795 
14.171304 
14.098890 
13.688926 
11.909250 
13.088082 
14.386134 
15.094200 
12.403668 
13.342340 
13.538297 
13.319440 
11.757729 
22.025187 
10.890424 
16.022739 
16.017447 
12.498213 
17.288473 
17.892958 
23.662261 
21.125515 
29.043432 
23.492771 
