15.603501 
14.859498 
16.460112 
12.428812 
18.674885 
13.797608 
13.519478 
14.443825 
14.910474 
13.923897 
13.463211 
13.816321 
16.970806 
12.955652 
12.985121 
13.723171 
13.771564 
13.256156 
16.262577 
13.328588 
16.300084 
20.082858 
13.481141 
12.682382 
14.695216 
14.626783 
12.779122 
12.853603 
13.337583 
15.304439 
14.268654 
14.168711 
15.176301 
15.669747 
13.608774 
14.139697 
13.321071 
15.716044 
12.163030 
14.171641 
14.987883 
11.390074 
13.105170 
14.036345 
13.802505 
11.204887 
13.128215 
12.996860 
13.453976 
13.572204 
12.979095 
15.009774 
14.575931 
16.287520 
12.619763 
12.847036 
11.762313 
15.549374 
13.602519 
12.678978 
13.402196 
13.759224 
12.194150 
14.518945 
13.242491 
14.707356 
37.014388 
12.486500 
45.640272 
14.065283 
12.321533 
12.468184 
12.263692 
14.044609 
16.232215 
18.832259 
13.444862 
12.648468 
15.432165 
15.169101 
12.636656 
13.217622 
13.404940 
13.722580 
14.153119 
15.475532 
13.043015 
12.661844 
12.974405 
11.735132 
11.505973 
13.587809 
13.054840 
12.566529 
13.679878 
13.270131 
16.561987 
14.626699 
61.753318 
59.559608 
