15.582330 
15.116267 
15.865323 
12.254783 
18.538513 
13.519365 
13.390184 
14.359132 
14.920214 
12.911962 
12.459816 
13.675233 
16.333291 
12.877157 
12.867602 
13.283857 
13.859893 
13.276547 
27.224310 
24.054071 
14.907242 
16.715685 
13.333572 
12.568180 
14.427740 
14.404961 
12.813170 
12.425335 
13.093339 
19.574489 
15.307270 
14.056249 
15.047824 
21.056167 
13.915076 
13.842977 
15.566069 
11.869237 
14.035887 
15.237460 
11.673403 
13.024117 
12.613206 
14.532698 
11.103218 
13.379555 
12.977633 
13.314202 
12.971378 
14.707870 
14.436213 
16.102798 
15.103761 
12.483295 
11.666040 
15.253642 
13.411015 
12.589117 
13.377297 
13.499739 
12.048821 
14.170393 
13.013226 
25.940728 
25.106951 
12.398002 
13.733009 
13.983786 
11.625733 
12.965719 
14.131455 
17.127829 
13.581149 
13.156330 
15.556415 
14.524684 
11.760451 
12.982192 
13.052296 
13.789638 
14.219736 
15.335490 
13.143111 
12.101978 
12.308297 
11.770186 
12.006998 
13.838721 
12.936344 
12.427128 
13.349559 
12.955204 
13.951458 
13.345317 
27.242565 
29.648838 
29.183677 
29.160016 
22.996262 
24.421315 
