15.524966 
15.046620 
15.945790 
12.355954 
18.522354 
13.509998 
13.381593 
14.332477 
15.017299 
13.041269 
12.526733 
13.555210 
16.343647 
12.824306 
12.894744 
13.374261 
13.832930 
13.267294 
25.614591 
13.063835 
15.003723 
16.565927 
13.297874 
12.535824 
14.447328 
14.375331 
12.899280 
12.437911 
13.147282 
18.942734 
15.293111 
14.012978 
15.056276 
20.572747 
14.070841 
13.863650 
15.700264 
11.916142 
14.061331 
15.282514 
11.661231 
12.999499 
12.582470 
14.507338 
11.070875 
13.304169 
12.887268 
13.287202 
12.933156 
14.887269 
14.374258 
15.101571 
12.442801 
11.567263 
15.088539 
13.380712 
12.506699 
28.433324 
13.523491 
29.204749 
14.107094 
13.027287 
14.670303 
23.554088 
12.364970 
13.844337 
13.812885 
11.664143 
12.969173 
14.101879 
16.858417 
13.625465 
13.125622 
15.479437 
14.512138 
11.757252 
12.960108 
13.044633 
13.769200 
14.187133 
15.307772 
12.949526 
12.175274 
12.394372 
11.787424 
11.989694 
13.914791 
13.061976 
12.488256 
13.410817 
12.946912 
13.632644 
13.090680 
24.028502 
26.407004 
13.390152 
21.878112 
23.337044 
41.567488 
39.442742 
