15.524268 
14.989887 
12.990773 
18.346262 
13.502527 
13.423513 
14.272259 
15.309141 
12.683233 
12.337166 
13.062973 
16.242449 
12.824591 
14.840508 
11.936356 
13.847284 
13.186789 
30.118280 
12.588975 
14.098336 
16.320087 
13.132746 
12.560804 
14.450412 
14.407619 
13.199020 
12.371990 
13.115891 
17.644224 
15.102540 
13.842364 
14.847109 
19.718883 
14.026288 
13.458726 
15.674530 
14.071615 
15.327318 
11.659349 
13.040734 
12.428714 
14.442704 
11.102430 
13.239081 
12.954179 
13.361529 
12.895199 
14.890139 
14.334952 
15.065166 
12.684679 
11.487857 
15.067748 
18.758163 
12.459748 
24.399266 
13.470887 
24.453046 
13.982533 
13.016188 
14.626667 
22.693723 
12.427387 
13.942991 
13.751221 
11.737088 
12.606579 
14.010456 
16.507223 
13.777133 
13.089616 
15.456122 
14.370328 
11.654005 
12.888976 
12.954727 
13.750014 
14.186896 
15.319420 
12.865466 
11.696188 
13.211095 
11.735375 
11.758806 
13.859680 
13.074477 
12.492995 
13.415367 
12.923191 
13.273679 
12.733268 
21.920472 
24.368481 
13.290150 
19.681389 
21.076973 
32.879554 
30.782154 
24.060344 
22.017067 
