15.033193 
14.051440 
23.281315 
17.890407 
13.428038 
13.254263 
13.906039 
15.637271 
12.815767 
12.455689 
13.368845 
15.924214 
12.823588 
15.173737 
12.012892 
13.695345 
13.072907 
27.553988 
12.790765 
14.391913 
13.234623 
12.465752 
14.227705 
14.498176 
13.365969 
12.181328 
12.843439 
16.617383 
14.961328 
13.658079 
15.662965 
19.162920 
13.925133 
13.581200 
15.305211 
13.785093 
11.934210 
13.231581 
13.134371 
12.978494 
11.092323 
12.253641 
12.955692 
13.278837 
13.570377 
14.835538 
13.902150 
13.377371 
13.368269 
12.840739 
14.619392 
17.910415 
12.022307 
21.084311 
13.128440 
20.492230 
13.466682 
13.057692 
14.628562 
20.952265 
12.318644 
14.215280 
12.765603 
11.915951 
12.908953 
14.071369 
15.038938 
14.005202 
13.753952 
15.292054 
14.147799 
11.524409 
12.537525 
12.649937 
23.245589 
14.204013 
15.297961 
12.944299 
11.867012 
13.438306 
11.735709 
11.556184 
13.934159 
12.812130 
12.243570 
13.404944 
12.802828 
15.337107 
11.747364 
18.721965 
21.013077 
13.367323 
17.967909 
19.270749 
26.017973 
24.041587 
21.908223 
19.844187 
28.618808 
26.784722 
