14.672054 
14.142298 
22.644663 
13.461533 
13.225170 
13.938772 
15.673687 
12.825717 
12.460272 
13.380590 
14.795932 
12.828249 
15.143429 
11.949999 
13.702025 
12.756658 
27.334397 
12.804872 
14.403534 
13.245167 
12.696824 
11.538919 
14.491895 
13.197511 
11.513510 
16.391704 
14.676616 
13.494420 
15.680459 
19.085528 
13.936457 
13.605769 
12.768999 
12.513049 
11.947878 
13.235578 
13.154555 
13.000160 
11.123594 
12.267304 
13.020543 
13.341983 
13.557667 
14.882846 
13.410759 
13.402269 
13.372722 
12.858242 
14.624995 
17.806656 
12.242667 
21.353144 
12.623575 
20.486930 
13.346015 
12.966529 
14.635832 
20.826105 
12.376443 
14.231701 
12.768508 
11.926647 
12.923146 
14.202766 
15.378751 
14.021534 
13.775842 
15.305197 
13.647000 
11.278806 
12.491839 
20.901508 
22.740311 
14.210385 
15.299404 
12.955784 
11.875648 
13.450220 
12.017216 
11.937308 
22.313720 
11.540228 
13.179770 
13.409664 
12.861076 
15.421401 
11.839253 
18.477913 
20.750873 
13.376055 
17.809954 
19.106580 
25.724724 
24.024194 
21.697934 
19.635335 
27.504211 
25.618989 
25.470660 
26.320006 
