12.022561 
13.690648 
21.017457 
13.341140 
11.874243 
13.986090 
16.261170 
12.712700 
12.256352 
13.437143 
14.916340 
12.746508 
15.059892 
11.846061 
12.741008 
26.563165 
12.947002 
14.287770 
13.303366 
12.298766 
11.228461 
32.417983 
13.050761 
11.656968 
15.931795 
14.544610 
13.277641 
15.396603 
18.667062 
13.994670 
13.396964 
13.094834 
12.604239 
31.636512 
12.765403 
12.441865 
10.929561 
11.757866 
12.689071 
12.751297 
13.452162 
15.059035 
13.490011 
13.261050 
13.310414 
12.569962 
14.608924 
17.149776 
12.431462 
19.978283 
12.953654 
18.628400 
13.055191 
13.077458 
14.769516 
18.612289 
14.530332 
14.373021 
12.745093 
12.276542 
12.630171 
14.060804 
15.008076 
14.139069 
12.903859 
15.478004 
13.361526 
11.179811 
12.435674 
18.082987 
21.434301 
14.323880 
15.638930 
13.054831 
11.833470 
13.381750 
11.985813 
11.693109 
19.405068 
11.625658 
13.667697 
13.571140 
13.031888 
14.970444 
11.621933 
17.866644 
20.142984 
13.473072 
17.071899 
18.175937 
22.398604 
20.666261 
20.449729 
18.468032 
24.405425 
22.623810 
20.260186 
21.270188 
43.813879 
44.765048 
