20.308597 
13.705250 
20.605873 
13.370848 
12.260538 
13.979513 
16.347480 
12.552973 
12.191048 
13.139545 
14.895599 
12.700050 
14.879755 
11.726296 
12.728163 
20.464514 
12.479379 
14.216499 
13.077977 
12.419267 
11.331134 
30.897810 
12.947676 
11.665231 
15.824590 
14.532807 
13.267580 
15.491856 
18.570100 
13.931278 
13.317946 
13.106891 
12.666033 
29.998010 
12.799469 
12.608673 
10.940394 
12.021996 
12.780192 
12.933629 
13.489037 
15.047457 
13.513992 
13.274801 
13.313305 
12.675097 
14.586228 
11.644638 
12.436994 
19.806104 
12.951568 
18.407822 
13.045896 
13.087566 
14.664774 
26.876865 
14.417715 
12.782310 
12.305961 
12.608214 
14.043312 
15.025982 
14.187833 
13.321305 
15.478982 
13.349140 
11.162359 
12.423059 
17.849103 
21.089884 
14.237728 
15.627045 
12.878520 
11.736018 
12.947199 
11.972539 
11.658648 
19.158756 
11.654070 
13.690478 
13.542231 
13.033575 
15.130643 
11.646759 
17.696863 
19.922291 
13.201351 
16.880358 
17.925686 
22.012963 
20.279029 
15.029608 
23.684988 
21.937407 
19.854016 
20.858626 
40.686950 
41.638806 
23.188521 
25.057668 
