16.211533 
13.880421 
17.395489 
13.853777 
12.653099 
21.403096 
14.275515 
12.985352 
12.517777 
13.201385 
15.189771 
13.018522 
15.306590 
12.035219 
12.998768 
15.777767 
15.639412 
14.799303 
13.278538 
12.772312 
11.633125 
20.938797 
13.424498 
11.939222 
14.464819 
14.819341 
13.497812 
15.767889 
17.612121 
14.113789 
13.616929 
13.092339 
12.785552 
18.265316 
13.023404 
12.771477 
11.364845 
11.832229 
13.536279 
13.182951 
13.730539 
15.317386 
13.399662 
13.315128 
13.458804 
12.617084 
14.475638 
11.853221 
12.107698 
17.101497 
12.819961 
15.267408 
13.288000 
13.783637 
14.803105 
19.017515 
14.743839 
12.475581 
13.244424 
12.874978 
14.031310 
14.924878 
13.981975 
13.333930 
15.534628 
13.893601 
11.427605 
12.260760 
12.392531 
17.628943 
14.551589 
16.153630 
13.223745 
12.689126 
13.587936 
11.513309 
21.732040 
11.910504 
13.903216 
13.784512 
12.978163 
15.112666 
11.628816 
14.263700 
14.135944 
13.337620 
14.497583 
15.190404 
16.644777 
15.109797 
15.501653 
17.261163 
15.366220 
18.078820 
18.544704 
19.558413 
14.964317 
16.664448 
20.143241 
22.593193 
