15.137251 
13.985032 
16.047871 
11.919088 
12.294483 
13.775205 
15.322670 
13.000887 
12.563589 
13.276598 
15.591944 
13.144053 
15.487339 
11.903270 
13.426719 
15.711320 
16.168439 
14.912279 
13.213979 
11.539935 
14.379769 
28.367479 
12.411238 
13.860949 
14.967474 
13.614565 
15.948815 
16.424063 
14.114081 
13.286732 
12.719254 
15.169802 
13.137831 
12.884691 
13.949517 
11.799801 
12.529171 
13.774139 
28.559568 
15.056433 
13.467350 
13.260177 
13.406691 
12.530742 
14.227817 
11.838602 
12.653423 
15.546128 
13.223747 
13.636361 
13.373215 
14.302452 
14.322322 
18.028265 
14.982197 
12.198387 
12.904431 
12.967932 
14.071467 
15.074557 
14.274321 
13.541248 
13.628890 
14.087740 
11.719174 
12.554906 
12.521835 
16.448793 
14.318621 
16.905235 
14.056058 
12.760106 
13.629496 
11.798434 
14.201566 
19.917239 
14.050709 
13.080686 
14.459397 
15.165423 
11.648695 
14.290645 
13.878225 
13.465267 
13.324800 
13.821700 
21.062072 
15.588012 
15.030770 
13.088418 
17.967119 
14.362221 
15.957541 
13.308380 
14.917667 
11.803029 
23.438308 
23.360609 
39.255431 
34.088018 
