14.739660 
13.737879 
16.222458 
12.017562 
12.363896 
13.832017 
15.459670 
13.254513 
12.496609 
12.622653 
15.570038 
13.477508 
13.783416 
12.416823 
13.442647 
16.566070 
14.772486 
14.358050 
12.893931 
11.576589 
14.657860 
25.647248 
12.414101 
13.757140 
14.859451 
13.407195 
15.261272 
16.546013 
13.736466 
13.316554 
12.699717 
15.047152 
12.845721 
12.550348 
14.148787 
11.491099 
12.765246 
13.999715 
12.894669 
54.077230 
13.463252 
12.675027 
12.088172 
12.128282 
13.629958 
14.470297 
12.682068 
15.464120 
13.254359 
13.519754 
13.224205 
14.496187 
14.511762 
17.463483 
14.000251 
11.947895 
13.184633 
12.704329 
25.626067 
14.763670 
13.618350 
13.135083 
13.773301 
13.991633 
11.685774 
12.559263 
12.491223 
16.373005 
14.626785 
16.927793 
14.748898 
11.671049 
13.785920 
11.888563 
14.564903 
18.508689 
14.068245 
13.321804 
14.716458 
14.696809 
11.216419 
13.910849 
13.250655 
13.932815 
13.259471 
13.681132 
14.939647 
12.906759 
18.047268 
14.113159 
15.673913 
12.840472 
14.259618 
11.978492 
47.281526 
19.990802 
30.966086 
30.519342 
73.951599 
77.636515 
