14.490147 
13.712339 
15.872179 
11.692162 
12.385037 
13.909950 
15.369512 
12.471219 
12.540822 
12.462340 
15.674424 
13.320887 
13.719024 
12.256045 
13.719471 
16.316953 
14.634868 
14.084224 
12.783103 
11.494170 
14.083420 
22.605116 
12.524887 
11.402937 
15.225011 
13.462558 
15.210723 
14.220141 
13.677298 
13.418894 
12.609052 
15.233667 
12.835619 
12.544569 
14.009159 
11.454148 
12.719530 
13.995999 
12.855824 
51.940328 
13.512620 
12.585666 
11.979147 
12.058260 
13.593521 
14.269977 
12.785264 
15.774925 
13.331592 
13.634846 
13.268721 
13.610464 
14.420585 
17.115263 
13.743015 
11.949071 
12.070378 
12.686864 
22.512615 
14.728016 
13.500376 
13.117689 
32.967954 
14.122790 
11.837586 
12.620543 
12.568656 
16.408217 
14.560670 
16.752292 
14.651840 
11.426561 
13.459416 
11.961937 
14.713303 
17.479448 
14.039059 
13.213801 
14.607096 
11.113999 
13.763413 
13.078945 
13.825674 
15.004841 
14.720426 
13.029719 
18.150226 
13.801314 
15.015205 
12.453019 
13.801299 
12.071162 
33.166306 
18.127041 
24.989443 
24.507162 
41.854298 
44.613884 
41.265987 
47.209571 
