13.406579 
13.269751 
14.282196 
12.343840 
13.020402 
13.645887 
16.294884 
12.378092 
12.871207 
13.454838 
15.300547 
13.970916 
14.216913 
12.633453 
14.557472 
16.205606 
15.392817 
13.925878 
13.401670 
11.832064 
12.518933 
18.076212 
12.002398 
12.515895 
13.434555 
13.416521 
14.276546 
13.113113 
13.304661 
12.903033 
13.285992 
12.420420 
13.974721 
14.891714 
45.971685 
13.263519 
14.785805 
13.449040 
16.227132 
13.375149 
15.380655 
11.467114 
12.491740 
15.165750 
12.523466 
13.670956 
13.025200 
14.182158 
12.995045 
11.652474 
14.603297 
15.190689 
13.491818 
13.273328 
10.837457 
12.523265 
16.622931 
14.332494 
33.319625 
14.352885 
15.547338 
13.893556 
11.367968 
12.308940 
12.416315 
15.247944 
13.941101 
15.725598 
15.079783 
11.560075 
13.860997 
12.130824 
14.886347 
16.215572 
13.709500 
14.991268 
14.897938 
10.168303 
33.409489 
14.273035 
14.267306 
12.214967 
18.025053 
12.531051 
14.630664 
48.837232 
12.050397 
15.339341 
15.098757 
14.406766 
19.540734 
15.093254 
14.361196 
16.349437 
19.619626 
13.230953 
46.081902 
46.383487 
75.497541 
75.814807 
