13.429005 
13.223331 
14.556757 
12.580035 
13.069956 
13.000772 
15.536426 
12.436658 
13.239558 
13.312192 
14.516602 
13.871749 
14.172414 
12.630150 
14.794965 
15.981829 
14.547662 
14.125937 
13.297997 
12.289784 
12.680071 
16.847851 
12.395467 
12.553752 
13.324799 
13.423434 
14.606637 
13.291924 
14.419965 
12.999995 
13.854397 
12.292634 
13.692872 
15.000938 
13.029199 
14.576144 
14.767882 
13.300101 
15.755194 
19.943047 
16.307768 
15.098827 
13.451410 
13.954333 
15.323177 
17.482116 
11.917113 
13.943958 
14.956435 
13.682234 
13.626980 
11.181538 
12.698483 
12.733603 
13.722348 
18.479584 
18.698146 
15.940688 
13.307787 
11.261213 
13.481849 
11.288570 
16.582200 
13.619593 
15.825093 
14.737708 
11.504133 
13.742051 
17.847154 
14.026183 
11.900261 
14.546344 
12.862775 
12.553651 
17.972229 
13.754217 
15.219482 
12.664464 
12.816578 
15.166156 
14.135602 
13.641461 
13.804025 
20.335936 
13.065956 
15.911128 
14.797673 
14.173134 
12.891516 
15.276808 
13.282322 
17.082083 
17.462690 
13.947833 
17.660097 
17.707715 
21.975838 
16.252443 
23.327787 
23.763270 
