13.275516 
13.316865 
14.369290 
13.038627 
13.147448 
13.498271 
13.750340 
12.306203 
12.985865 
12.731441 
13.933916 
14.304128 
12.683564 
14.079322 
13.754307 
14.124081 
12.855281 
12.419856 
12.698140 
16.590033 
10.456875 
11.860510 
13.843340 
13.205104 
14.495385 
12.961136 
13.595508 
12.722597 
13.845968 
12.315510 
13.290853 
15.280891 
13.561427 
15.195148 
14.416087 
13.467920 
15.491660 
17.410960 
56.122433 
15.426808 
12.787961 
14.266995 
15.100738 
17.526719 
11.774086 
13.304609 
14.983268 
13.742014 
14.059149 
10.943206 
12.474301 
12.965434 
14.043609 
16.919399 
57.424850 
22.604372 
11.360786 
13.675341 
11.966158 
12.691485 
13.348585 
15.614695 
14.867326 
11.855210 
13.905074 
17.337319 
13.922199 
13.706293 
14.224622 
13.184622 
12.847089 
19.824883 
12.705872 
21.545565 
12.735147 
12.577378 
14.991922 
14.086428 
12.625963 
13.841660 
18.263539 
12.874549 
15.658656 
14.673526 
13.765552 
13.063505 
14.944013 
13.060545 
14.939614 
15.083209 
14.331650 
13.098231 
18.824249 
16.339421 
19.042928 
19.552375 
22.840026 
20.768632 
89.467886 
91.524668 
