13.909653 
13.221096 
14.288748 
13.048418 
13.094019 
13.545569 
13.176331 
12.237669 
12.884272 
13.883101 
14.227073 
12.627173 
14.079225 
13.999179 
14.052694 
12.935398 
12.435594 
12.682457 
16.506439 
10.482358 
11.782692 
13.561463 
13.113138 
14.431564 
13.012547 
13.611934 
12.874592 
13.827308 
11.691586 
14.676876 
15.191550 
13.334332 
14.925374 
14.431187 
13.642896 
15.360864 
17.264389 
12.815247 
31.476699 
12.809195 
14.277831 
15.083414 
17.280357 
11.765521 
13.271617 
14.038988 
13.948825 
14.403669 
10.913638 
12.228364 
12.870660 
14.546578 
14.657481 
22.215757 
11.278604 
13.694780 
11.997349 
12.697937 
13.257209 
15.574174 
14.580694 
11.961878 
13.852995 
17.185138 
13.960993 
13.777455 
14.186844 
18.844597 
12.517076 
19.288843 
29.374033 
21.078444 
12.699974 
12.571211 
14.963519 
14.164413 
12.604919 
13.902609 
17.907398 
12.900904 
15.688888 
14.677730 
17.443502 
13.065443 
14.973998 
13.047879 
14.473695 
14.096749 
13.190331 
20.828467 
18.573914 
16.165321 
18.394881 
18.889699 
22.046349 
19.992967 
22.729854 
21.916125 
39.451024 
39.024934 
