14.278228 
13.373472 
13.413322 
13.239160 
13.457426 
13.545974 
13.343906 
10.159977 
13.589466 
13.781149 
12.230862 
13.152658 
14.329262 
14.428032 
14.172761 
12.914708 
12.730871 
12.747793 
10.655828 
11.942977 
13.616763 
13.358643 
14.846822 
13.123791 
13.722206 
13.236041 
13.841328 
11.951505 
15.278919 
15.356555 
13.369221 
15.293360 
14.008569 
14.051404 
16.156781 
15.247531 
17.258854 
21.300938 
12.853391 
14.143571 
15.853761 
11.924149 
13.061450 
14.872483 
14.176688 
14.554297 
11.154795 
12.373971 
13.608399 
15.588634 
13.832684 
19.298297 
11.333414 
13.837893 
12.080266 
12.762090 
13.013500 
15.360694 
14.436505 
11.220196 
15.157210 
16.933880 
14.094428 
14.015910 
13.882753 
16.062001 
12.737388 
18.713846 
17.915763 
17.690478 
12.399434 
12.360857 
15.065028 
14.678320 
11.967957 
12.392723 
17.867772 
16.546061 
15.336157 
14.388666 
18.363620 
13.078992 
14.891681 
12.814578 
12.957450 
12.737784 
13.272865 
17.428713 
15.339256 
13.527963 
14.368346 
15.006747 
16.371013 
14.632870 
16.523313 
15.993698 
17.512755 
17.322495 
17.644490 
14.788836 
