14.297665 
13.001886 
14.914496 
13.629185 
13.724393 
14.131785 
13.719132 
10.825171 
14.416362 
14.088194 
13.195511 
12.535550 
14.896389 
16.206807 
14.496122 
13.407641 
13.046826 
13.121565 
10.975861 
12.218538 
13.624332 
12.872365 
13.009527 
13.409841 
13.949192 
13.421626 
13.185153 
11.840632 
14.875852 
15.742850 
13.640307 
15.650230 
13.854943 
14.125096 
17.380151 
12.794238 
16.449305 
13.216939 
14.141904 
15.461043 
12.358196 
13.164482 
14.936280 
12.953522 
14.373594 
11.872102 
12.529293 
13.762845 
12.695559 
17.990309 
11.535500 
14.234374 
12.453568 
13.210099 
13.098900 
15.395520 
14.712764 
11.411730 
13.243153 
14.161558 
14.329470 
13.863262 
19.141059 
13.245909 
16.485434 
15.489576 
19.560353 
12.031971 
15.557601 
14.900806 
12.399869 
22.292835 
15.432405 
15.292976 
15.181971 
14.228093 
18.119072 
13.116881 
14.877955 
12.646944 
13.514558 
11.774294 
13.075842 
15.749825 
14.369737 
12.324185 
12.627673 
13.917976 
14.404880 
11.820681 
13.981237 
13.327141 
15.059613 
12.752769 
15.499699 
12.933442 
18.766937 
16.423279 
21.095571 
17.729558 
