14.693807 
13.305442 
15.059417 
13.810309 
13.964873 
13.718085 
11.037704 
15.012226 
14.070657 
13.376827 
12.895516 
15.522826 
15.760440 
14.567728 
13.522691 
13.454079 
13.300495 
11.036504 
10.300484 
12.594233 
13.270108 
13.581703 
13.790649 
19.326080 
13.369275 
11.212084 
14.719387 
15.956515 
13.531447 
21.782954 
13.613337 
14.202004 
17.887463 
13.117544 
16.004153 
13.140827 
13.960997 
13.636963 
12.594369 
13.087504 
14.900490 
12.943417 
14.397490 
12.134473 
12.579597 
14.062333 
12.732696 
17.742092 
14.295175 
13.638784 
12.295616 
12.423039 
13.018689 
15.384074 
14.607209 
11.463886 
13.437786 
13.977120 
14.143012 
13.738884 
17.101970 
13.445062 
16.756314 
14.928713 
17.158346 
12.039936 
15.770574 
14.968371 
12.551406 
15.252118 
16.135984 
14.495823 
14.899406 
14.076663 
18.260082 
12.972810 
14.759419 
12.594538 
13.822996 
11.802633 
12.973597 
15.091037 
14.402487 
15.370389 
12.960768 
14.213647 
14.005068 
11.465810 
13.218857 
12.538781 
14.183362 
11.976940 
14.438061 
12.105091 
13.782347 
15.532388 
16.737137 
13.846778 
19.498839 
19.097680 
