14.671746 
13.202620 
14.774206 
13.850100 
14.002601 
13.646374 
11.159061 
15.286249 
14.050791 
12.488748 
12.568019 
15.640633 
13.731734 
12.306198 
13.638587 
13.501541 
13.321606 
11.082508 
10.398806 
12.270345 
13.379042 
13.616531 
13.791525 
18.732349 
13.244367 
11.047274 
14.360300 
15.987787 
13.497103 
21.076859 
13.615382 
14.152027 
17.888741 
13.186578 
15.919498 
13.160091 
13.934698 
13.624595 
12.650288 
13.125839 
14.775913 
13.479403 
14.317746 
12.256535 
12.818770 
13.963950 
11.989909 
17.658682 
14.298970 
13.694983 
12.328399 
12.433488 
13.025522 
15.367473 
14.557464 
12.341111 
13.949603 
14.153421 
13.740538 
16.770553 
13.333739 
16.669880 
15.072856 
11.961285 
15.795072 
14.889663 
12.662166 
14.696696 
15.826249 
14.486215 
14.883697 
14.050198 
17.839354 
12.954178 
14.734809 
12.565186 
13.645934 
11.581650 
12.834353 
14.946957 
14.376796 
15.093170 
13.109316 
14.481403 
13.938488 
21.911872 
13.129541 
12.362066 
14.491102 
12.300082 
14.385361 
12.079646 
13.448474 
15.074089 
16.050035 
23.515249 
18.293552 
17.909664 
31.507862 
27.664433 
