14.422794 
13.053618 
13.729375 
14.404191 
12.975196 
12.883269 
13.188878 
13.598322 
12.349670 
13.382837 
15.707196 
13.538245 
12.236002 
15.019529 
13.563151 
13.241329 
11.598474 
11.294466 
12.612866 
13.115068 
12.511729 
17.673369 
15.095062 
15.789375 
12.903971 
17.142608 
13.647382 
14.795322 
15.892670 
14.061736 
16.873924 
12.966403 
13.275298 
14.475377 
12.091426 
13.618117 
14.693550 
13.559681 
15.605436 
13.276978 
13.620925 
14.040192 
12.276543 
14.522122 
15.292107 
14.661002 
12.880632 
13.024050 
12.849598 
14.668462 
14.145324 
12.264094 
17.059808 
12.584922 
13.432421 
17.146382 
14.146791 
16.411182 
15.351557 
12.502268 
13.007341 
15.677650 
13.362733 
13.906984 
15.379219 
16.978845 
13.815750 
13.521192 
18.924714 
11.858904 
13.840129 
11.553610 
13.623589 
11.662113 
14.577001 
16.196433 
14.956317 
14.866682 
12.297660 
13.688792 
13.719992 
15.267615 
13.751673 
12.753339 
13.911564 
12.060316 
14.444155 
12.124085 
18.836901 
14.389389 
15.045121 
14.959715 
14.958712 
11.840973 
16.125564 
13.580304 
13.729643 
15.804406 
19.217628 
19.084750 
