14.360344 
12.647598 
13.479733 
14.467549 
13.099250 
12.903902 
12.506565 
13.692305 
11.715338 
14.584978 
15.127526 
13.990643 
12.996415 
14.300966 
13.538421 
13.250279 
17.801089 
10.895899 
12.616230 
19.134258 
13.527415 
14.582239 
12.843649 
15.772235 
12.961114 
17.119998 
14.019401 
14.760566 
16.043669 
14.061896 
16.728507 
12.914254 
13.144079 
14.297488 
11.978482 
13.950166 
14.789436 
12.418963 
15.368480 
13.102063 
12.578372 
13.893344 
13.304901 
14.704150 
14.829746 
14.582367 
13.050706 
12.899089 
13.034940 
14.823481 
14.252861 
17.270367 
13.593353 
14.868329 
14.203973 
16.752329 
15.482760 
12.781921 
13.221721 
15.504958 
13.433576 
13.707598 
14.639497 
16.265149 
13.711203 
13.671889 
18.552710 
11.647130 
13.709736 
11.708143 
14.357130 
11.974744 
14.356192 
15.641740 
14.856301 
14.531871 
12.176991 
13.593577 
13.848034 
15.537101 
13.431314 
14.077110 
14.061019 
12.372011 
14.325633 
12.111295 
16.163052 
14.405627 
14.760805 
13.808173 
14.894929 
11.780765 
15.066836 
13.074237 
12.750130 
14.573811 
14.368880 
16.387768 
18.945738 
19.290140 
