14.052034 
12.728723 
13.201983 
14.498386 
12.958499 
12.887198 
12.362377 
13.631733 
9.809953 
14.946973 
14.824632 
13.170162 
13.536363 
13.015770 
15.151694 
10.832790 
12.153386 
16.716385 
13.276778 
13.499031 
12.603991 
15.600301 
12.866435 
16.842803 
14.117725 
14.384743 
15.669873 
16.530111 
13.029339 
12.711819 
14.436859 
11.795383 
14.680272 
14.435485 
11.877097 
15.166753 
12.936372 
12.307092 
13.298710 
12.865477 
12.390235 
14.983910 
14.638961 
13.279421 
12.885736 
13.794938 
14.354862 
14.517299 
17.097337 
11.929539 
14.642900 
13.953917 
16.554766 
16.377554 
11.648395 
12.999947 
15.170329 
13.507488 
13.346764 
14.093174 
16.082856 
12.872674 
18.138312 
11.276852 
13.142794 
14.309027 
13.448088 
11.382557 
14.158449 
15.614761 
14.904118 
14.259466 
18.781100 
17.182489 
14.051165 
15.632172 
13.278524 
14.060511 
23.275352 
12.523777 
14.087810 
12.076000 
15.032570 
13.943390 
14.681341 
13.646170 
14.626363 
11.568766 
15.056376 
13.074889 
23.011116 
14.983803 
12.987435 
14.715784 
14.426234 
14.788331 
21.613876 
21.986513 
35.330913 
27.940696 
