13.808985 
12.850857 
13.159027 
14.590737 
12.170843 
12.982683 
12.440764 
13.755795 
10.137314 
15.170110 
14.815130 
13.282834 
13.623512 
13.026556 
14.472783 
10.916169 
12.174860 
16.156947 
13.410522 
13.462485 
12.805937 
15.427025 
12.172916 
17.008345 
13.782617 
14.246055 
15.401572 
16.147613 
13.067363 
12.667815 
14.601193 
11.826061 
18.945110 
16.809245 
11.726953 
14.601226 
13.018789 
12.376595 
13.161373 
12.676443 
12.465884 
15.219865 
14.818541 
13.501886 
12.969734 
12.293874 
15.028221 
18.710742 
17.405578 
12.214881 
14.611139 
13.799075 
14.506054 
11.848638 
13.190581 
27.124935 
13.598888 
13.407387 
14.228324 
15.518966 
12.664166 
15.128367 
11.164784 
12.935876 
14.361932 
15.187174 
11.315485 
33.170352 
14.987395 
14.265880 
16.173207 
14.557401 
14.136050 
15.783521 
13.094435 
14.243275 
16.573288 
12.585025 
13.640701 
11.625506 
14.858718 
13.901791 
14.751083 
13.767833 
15.305509 
11.806227 
15.174865 
13.189501 
12.022447 
14.282417 
12.861724 
14.497729 
13.312658 
13.690443 
16.885185 
17.252230 
23.478591 
16.261112 
39.365779 
40.332334 
