14.000179 
12.935841 
13.212645 
14.439348 
12.185471 
13.430956 
12.543891 
13.699166 
11.360477 
13.501152 
14.892569 
13.212937 
13.720996 
13.063286 
14.376296 
10.940881 
12.172133 
15.969671 
13.513074 
13.429628 
12.794328 
15.463902 
12.166963 
17.050347 
13.617350 
14.422051 
13.741022 
16.675556 
12.852230 
12.584801 
26.180011 
11.925955 
18.010903 
16.893091 
11.394678 
14.894848 
13.236967 
12.400890 
12.864912 
12.595831 
12.276140 
15.255163 
14.972913 
25.519466 
12.127330 
14.935865 
18.581380 
17.517665 
12.043305 
14.715905 
14.284161 
14.512650 
11.759696 
13.256833 
24.893198 
13.175964 
12.688859 
15.493268 
12.617466 
15.207147 
11.151850 
12.987284 
14.205529 
15.275169 
11.367201 
29.077084 
14.631823 
13.945821 
15.339477 
12.386375 
13.750897 
15.595123 
13.223666 
14.277265 
15.665951 
12.386347 
13.927026 
12.106082 
14.737895 
13.714967 
13.907258 
14.623262 
15.420928 
11.865517 
14.566843 
12.901888 
11.731231 
13.865463 
12.764596 
14.443642 
13.078419 
13.405899 
15.944292 
14.402145 
20.693181 
14.999769 
32.925055 
33.916254 
29.882191 
30.854251 
