13.223547 
13.155583 
14.195089 
14.657663 
14.672887 
13.508028 
12.556616 
29.386420 
11.939389 
13.720689 
14.931410 
13.013188 
12.477121 
13.347209 
13.695692 
10.823640 
12.457650 
14.633923 
20.354345 
11.196538 
14.302511 
15.892936 
11.955936 
13.938387 
13.145971 
13.675375 
14.236743 
14.701248 
12.942207 
12.254113 
18.105190 
12.412881 
15.987317 
14.571401 
13.542254 
16.684659 
13.379222 
12.871123 
13.117335 
11.029855 
17.942373 
14.669398 
14.879995 
17.772782 
15.037585 
18.934154 
14.395308 
30.371630 
15.108433 
13.747916 
13.168830 
13.734204 
18.445483 
18.286744 
12.744451 
15.449669 
12.246960 
13.628745 
10.993071 
12.746492 
20.399508 
15.510427 
17.534417 
14.541388 
14.123015 
14.588482 
11.497470 
16.373889 
12.066365 
15.744453 
13.161281 
13.754100 
12.663316 
12.215474 
13.721384 
14.023146 
14.782249 
14.144998 
13.879703 
14.788521 
12.917427 
11.335014 
14.037705 
13.134720 
13.605200 
11.638071 
13.572751 
12.034352 
15.975398 
12.060416 
16.046116 
16.350409 
15.444177 
16.484015 
18.037755 
17.945626 
19.144028 
19.362366 
39.412729 
41.704551 
