12.758790 
13.194664 
14.547371 
14.438444 
14.288200 
13.592869 
12.656116 
25.315759 
11.950703 
13.764602 
15.565927 
13.097848 
12.519221 
13.440884 
11.857691 
10.726071 
12.548670 
12.414502 
19.553542 
11.256515 
14.709070 
15.699436 
11.741080 
13.339963 
13.191075 
13.762548 
14.144667 
31.892484 
13.211103 
12.612803 
17.497303 
12.587590 
15.845153 
14.253188 
13.584095 
14.496482 
13.547979 
12.919687 
12.952088 
11.082106 
17.516216 
14.591470 
14.380033 
16.099913 
15.212683 
18.861965 
14.048477 
25.669005 
14.813612 
13.185760 
13.000951 
13.870159 
17.126087 
17.528261 
12.616854 
15.570854 
12.457550 
13.755105 
11.452193 
12.982306 
19.638744 
15.519040 
31.426975 
14.437703 
13.948410 
14.395654 
11.544279 
16.538322 
15.671851 
13.185491 
14.174471 
12.583476 
12.031801 
13.488860 
13.917172 
14.748734 
13.695331 
12.994656 
14.776139 
12.914196 
11.325894 
13.975449 
13.016055 
14.097684 
13.291418 
11.840032 
15.571996 
11.816598 
14.090921 
16.514898 
14.452346 
15.356093 
16.902983 
16.813422 
17.470790 
17.702194 
30.773170 
32.980445 
41.363214 
41.077817 
