16.176052 
13.241108 
14.590308 
14.851914 
13.872286 
13.734481 
13.035619 
16.669273 
11.700177 
14.617197 
15.722020 
14.553273 
17.500735 
13.082424 
11.905364 
10.940283 
13.392618 
12.719290 
16.337001 
11.663608 
15.619515 
15.645195 
11.743604 
14.011494 
12.418972 
14.200172 
13.930760 
25.627045 
13.706407 
12.732631 
15.349615 
12.618757 
12.393728 
14.957106 
13.595096 
13.416643 
12.965503 
11.966803 
16.117596 
15.095295 
14.767171 
14.677770 
16.317477 
15.337024 
14.852969 
14.050474 
14.528811 
13.606223 
14.210438 
14.111101 
15.010114 
12.541985 
13.590114 
12.899563 
13.521969 
12.010002 
14.339802 
15.908728 
13.566702 
17.843444 
13.630567 
14.858643 
11.096466 
17.344611 
14.333890 
11.735343 
13.256865 
13.738396 
16.016067 
12.736535 
16.951052 
18.674921 
14.634146 
12.830588 
14.751413 
13.534865 
14.156564 
12.386365 
15.005207 
12.477681 
13.185133 
13.940302 
15.151423 
11.636843 
12.690315 
13.631879 
13.397916 
11.574267 
12.074386 
12.345400 
14.643980 
16.275930 
16.283105 
17.353851 
15.981890 
13.935116 
15.895644 
16.562475 
17.145728 
16.654537 
