15.873927 
13.254761 
14.764839 
14.820601 
13.791538 
13.755827 
13.079354 
16.354846 
11.716868 
14.647210 
15.819872 
14.581349 
12.599258 
13.325094 
11.987344 
10.978785 
13.403853 
12.704305 
16.339892 
11.658900 
15.646173 
15.690007 
11.753113 
13.729177 
12.394528 
14.336263 
13.907517 
24.584327 
13.686530 
12.751043 
15.296913 
12.660737 
12.394945 
14.967328 
13.634846 
13.436068 
12.970396 
11.970769 
16.164044 
15.097186 
14.785256 
14.612420 
15.302087 
14.539593 
13.787718 
14.726550 
13.586721 
14.073479 
14.200096 
14.988900 
12.530952 
13.644469 
12.931652 
13.523040 
11.961657 
14.393591 
16.042006 
13.559801 
17.498545 
13.617617 
14.935807 
11.104076 
17.352066 
14.333854 
11.728771 
13.395471 
13.777005 
15.519841 
12.737546 
16.969389 
13.820072 
14.633630 
12.843933 
14.744796 
13.535046 
14.137677 
12.373375 
15.004822 
12.467280 
13.182119 
14.001164 
15.386318 
11.630264 
12.660983 
13.622934 
13.394446 
11.600172 
19.361305 
18.823554 
14.351294 
15.696171 
15.700523 
16.739934 
15.554282 
14.041060 
15.131692 
15.904209 
13.149938 
24.005975 
21.431420 
