15.737019 
11.189227 
14.136803 
15.645748 
17.539404 
13.890374 
14.529934 
26.642313 
13.560656 
13.080746 
15.236678 
15.411786 
15.014331 
13.273807 
13.105971 
12.668253 
12.311928 
12.086774 
15.386840 
16.278749 
12.341411 
15.354691 
15.658224 
15.471424 
12.615320 
15.653169 
16.798460 
17.630316 
11.860223 
11.318144 
12.874537 
19.155161 
13.153592 
11.412309 
18.428602 
12.577563 
12.988144 
13.400711 
12.851358 
13.633862 
14.733689 
12.288905 
13.195691 
12.523570 
13.656414 
13.210481 
13.240019 
14.292314 
13.307466 
14.084914 
13.727490 
11.643233 
13.809641 
14.720635 
14.555134 
13.385942 
12.340773 
14.156878 
11.315158 
12.945253 
12.581523 
13.954729 
11.962551 
13.408355 
24.786799 
12.747637 
13.789196 
25.083234 
12.560991 
15.778731 
11.508854 
13.401799 
15.693468 
15.043120 
12.612353 
16.298414 
13.803189 
13.831320 
18.429911 
13.459731 
12.278299 
23.613082 
14.047655 
20.905988 
13.926200 
11.983790 
13.347940 
15.663475 
14.579922 
14.568477 
18.902210 
15.384926 
20.256949 
20.202835 
20.329433 
23.631559 
31.364183 
27.698516 
33.035829 
33.631156 
