13.219420 
13.722105 
14.664945 
13.912718 
14.077811 
13.526266 
16.585598 
11.756280 
14.687250 
15.124636 
14.759506 
12.065520 
11.237946 
11.793037 
10.796479 
13.473375 
12.609126 
16.119929 
11.692675 
15.740336 
15.903656 
11.867814 
13.825556 
12.315186 
14.329234 
13.862181 
23.372866 
13.561851 
12.636687 
15.174760 
14.960784 
12.359556 
15.031451 
11.369930 
13.489151 
12.973347 
12.019769 
15.839921 
14.964081 
14.510312 
14.456077 
15.373262 
14.447984 
13.743680 
15.061879 
13.651782 
14.409606 
14.852710 
12.487436 
13.585286 
12.773400 
13.574460 
11.894940 
14.342914 
15.655849 
13.609732 
17.187846 
13.544737 
15.096451 
11.117338 
17.009748 
14.344777 
11.760232 
13.499881 
13.817724 
14.858663 
12.680547 
16.935264 
36.655230 
14.523646 
12.811016 
14.699283 
13.528914 
13.866363 
12.322749 
14.984072 
12.423606 
13.137906 
14.102360 
38.869055 
11.492194 
12.567659 
13.444162 
13.224142 
11.066716 
15.976833 
16.184782 
14.046339 
15.273769 
15.245240 
15.930553 
14.995407 
14.262858 
14.218801 
15.146954 
12.971387 
19.186050 
16.743721 
56.470885 
50.956588 
