12.697687 
13.423888 
12.293128 
13.992165 
13.815815 
30.264080 
16.373799 
11.559366 
14.267516 
13.103741 
14.229725 
11.349908 
11.366557 
12.886583 
12.951301 
13.148533 
15.808445 
11.248477 
15.241647 
15.680969 
11.845725 
13.823791 
12.462783 
15.055400 
13.914441 
22.944644 
13.915010 
12.842474 
11.514625 
15.255860 
12.396476 
14.813830 
11.659689 
12.679754 
13.094168 
15.139764 
13.813719 
28.601556 
12.833030 
15.323357 
14.753911 
13.841300 
14.978509 
13.590626 
14.713267 
12.979202 
13.742770 
13.083046 
13.313681 
12.211986 
14.729023 
15.928173 
13.499163 
17.159747 
17.037900 
14.941059 
11.005238 
16.027283 
14.268841 
11.704369 
13.714078 
13.980591 
14.478444 
10.729964 
17.030823 
13.628084 
12.059488 
14.789568 
13.236354 
13.729943 
12.364907 
15.083441 
12.454362 
13.083099 
14.129350 
15.899898 
12.329698 
12.925950 
12.023666 
10.677446 
14.366428 
14.332671 
13.676237 
15.228676 
15.358974 
15.855760 
20.202689 
14.316003 
13.714709 
14.625938 
27.854185 
16.251122 
13.999229 
33.989681 
18.841243 
11.697926 
42.326665 
36.722341 
40.527070 
40.256519 
