12.745207 
12.696576 
12.262876 
14.188786 
13.752677 
25.310980 
14.064555 
30.629982 
14.327416 
12.838654 
14.273883 
11.132615 
12.926689 
12.596829 
13.063477 
13.061464 
16.073971 
11.298228 
15.484974 
15.237989 
12.391164 
13.891080 
12.085930 
15.047571 
13.925475 
22.865900 
13.885361 
12.724442 
11.584020 
14.995467 
12.126706 
14.809568 
11.493911 
12.675667 
13.141732 
15.239065 
13.843119 
23.639585 
12.756806 
15.671636 
14.659200 
12.743966 
15.101408 
13.714466 
14.730613 
12.993843 
13.545116 
12.883203 
13.493772 
12.121758 
14.601570 
15.567217 
13.514842 
17.259475 
17.056241 
14.991213 
16.192684 
14.341738 
11.795711 
13.624047 
13.934764 
14.566242 
10.759830 
17.027762 
13.707582 
12.118538 
14.682613 
13.326613 
13.535231 
12.369563 
34.523512 
12.357466 
12.985218 
14.227522 
15.914890 
12.285834 
12.933173 
12.062858 
11.106684 
11.662717 
12.574512 
13.144747 
15.175406 
15.385437 
15.799892 
19.714180 
14.365023 
13.742904 
14.662113 
25.015897 
13.397323 
30.797681 
18.061648 
11.830011 
36.889415 
31.667337 
30.806658 
30.634431 
42.866398 
45.318330 
