12.851058 
12.579230 
12.321580 
13.837718 
20.667077 
13.433579 
10.884403 
14.234119 
12.769700 
13.882080 
10.964025 
12.925577 
12.512574 
12.776401 
13.132317 
16.177932 
11.167527 
15.225697 
14.750689 
12.957915 
11.489039 
12.480241 
14.691488 
12.401089 
21.837990 
14.051275 
13.104960 
11.517134 
14.967514 
13.096050 
13.772862 
11.477876 
12.561593 
11.980464 
15.460193 
13.792524 
19.216370 
12.765216 
13.426658 
14.572358 
13.011973 
14.939929 
15.148103 
16.187304 
12.952606 
13.485825 
12.214654 
26.070869 
27.191558 
12.747807 
17.314744 
17.228721 
14.891972 
16.434837 
19.503462 
11.475850 
13.284517 
13.348505 
14.376734 
11.033238 
20.677120 
14.027289 
12.372095 
14.308938 
13.143147 
13.428368 
12.873906 
11.397941 
13.663492 
25.058062 
15.774264 
12.264790 
13.033612 
12.232955 
11.289862 
11.717094 
12.455592 
13.488828 
14.700760 
15.197483 
15.277396 
17.868436 
13.628716 
13.347972 
14.468731 
19.824106 
13.441217 
22.836438 
15.166426 
24.096502 
24.919981 
20.900534 
21.948369 
21.766374 
19.190447 
16.932756 
29.941000 
29.235922 
32.385418 
32.207976 
