12.856026 
12.609845 
12.321271 
13.812763 
19.326440 
13.574223 
10.399405 
14.148186 
12.764637 
13.644038 
11.000140 
13.005307 
12.539755 
12.610051 
13.151871 
16.159155 
11.103666 
15.164767 
14.868373 
13.129700 
11.590354 
12.585909 
88.426124 
12.176375 
21.662816 
14.071373 
13.178362 
11.475169 
14.974025 
13.221082 
13.272327 
11.433039 
12.495817 
11.577837 
15.491340 
13.763063 
17.962651 
12.747770 
13.612839 
14.622019 
13.086164 
14.897789 
15.338400 
16.389130 
12.718014 
13.451643 
12.238681 
23.586022 
25.059051 
12.899100 
17.344948 
17.267758 
14.791374 
16.500610 
13.920995 
11.688907 
101.092823 
14.316270 
11.119082 
15.269792 
14.167392 
12.486292 
14.321009 
13.078996 
13.428848 
12.719603 
11.509513 
13.844252 
22.419999 
15.853372 
12.232469 
13.045823 
12.304960 
11.305885 
11.720132 
12.541514 
13.622623 
14.655353 
15.186220 
15.004289 
17.523586 
13.355935 
13.217894 
14.433900 
19.035794 
13.480592 
21.476200 
14.745614 
21.212339 
23.065480 
19.309860 
19.485330 
19.283967 
13.420367 
25.498183 
24.792001 
27.006352 
26.774686 
167.005469 
169.505248 
