12.174067 
13.034216 
12.184943 
40.858942 
18.404346 
14.589936 
10.681297 
13.656904 
34.620395 
13.669327 
17.965592 
12.677474 
13.062450 
12.784001 
19.585555 
16.049076 
11.246622 
15.342348 
13.184540 
11.150432 
12.264587 
14.429382 
11.866665 
21.015794 
13.720716 
12.928411 
11.721964 
14.989553 
12.774474 
13.698578 
12.760358 
11.260533 
14.922476 
14.126793 
17.366800 
12.973202 
12.865769 
14.748075 
12.484123 
14.655698 
14.150923 
17.542602 
12.019732 
43.366103 
12.041926 
20.756259 
22.179250 
13.594057 
17.189596 
14.311088 
14.038251 
13.560632 
14.151180 
12.204225 
12.788856 
14.204606 
12.492678 
11.855772 
13.373310 
13.902402 
13.169681 
12.478131 
11.189465 
13.650473 
20.756937 
15.521220 
12.461208 
12.134896 
12.891710 
11.539676 
11.569035 
11.692553 
12.901668 
14.081870 
14.777264 
36.065893 
16.602330 
13.018735 
12.949019 
14.257505 
17.600406 
13.038351 
18.514957 
13.452829 
19.961310 
18.963976 
15.936155 
17.617548 
17.399850 
13.566707 
20.161267 
19.443226 
24.090853 
23.535197 
56.722171 
59.420430 
55.641569 
53.503496 
19.087836 
21.193471 
