12.791945 
12.966061 
12.739050 
18.478385 
16.608233 
14.696407 
11.021837 
13.917737 
18.058960 
14.519960 
14.301631 
12.859274 
12.703228 
13.203451 
16.716931 
14.514891 
13.768495 
15.574356 
12.976180 
11.304772 
12.776789 
15.129853 
12.302869 
20.881213 
13.538836 
13.418909 
13.592381 
12.938219 
12.965057 
13.991138 
11.980575 
11.523294 
14.665423 
11.171226 
16.606993 
11.273300 
13.186235 
15.693276 
12.361507 
14.662730 
14.831502 
17.902381 
12.306793 
19.677576 
12.477260 
17.821244 
19.869651 
14.426298 
17.517182 
12.342650 
14.213698 
14.125585 
14.635743 
12.544683 
14.186290 
13.882607 
12.838746 
12.416908 
13.722148 
14.180125 
13.463730 
12.758478 
11.398232 
13.906936 
16.064062 
15.583657 
11.410933 
13.066112 
16.164335 
11.671996 
12.966257 
14.028607 
14.627683 
19.841264 
15.847960 
13.164393 
12.948760 
14.065938 
16.102056 
17.892083 
15.924709 
13.012951 
15.592161 
15.450830 
13.178518 
11.682916 
14.660986 
13.942768 
14.158607 
13.347360 
15.336543 
14.576818 
16.779341 
18.678396 
18.494321 
14.741213 
12.606770 
14.772764 
14.524664 
18.736193 
