12.956265 
13.023526 
12.878409 
13.374360 
15.050629 
14.716351 
11.201845 
14.221820 
13.078345 
14.598605 
11.510503 
13.174463 
12.580217 
13.038771 
13.605166 
14.351690 
13.795126 
15.859587 
13.055992 
10.891155 
13.162044 
14.492386 
13.158771 
21.754591 
13.760379 
13.971850 
13.788792 
13.103299 
12.910022 
14.018424 
11.663079 
11.726597 
14.732568 
11.269917 
15.723375 
10.788699 
13.196781 
14.643097 
12.496301 
14.812259 
15.056972 
17.761126 
12.536622 
15.260358 
12.836816 
17.121416 
20.045449 
14.697778 
17.739022 
12.529861 
14.452080 
14.206808 
14.676442 
12.548532 
36.304775 
14.093116 
13.074221 
12.706835 
14.101772 
17.668217 
13.600981 
12.839321 
11.271361 
13.807224 
15.433851 
15.302983 
11.521532 
13.333134 
15.539224 
22.903233 
12.895974 
13.916629 
14.655138 
16.800443 
15.269339 
13.280163 
13.097828 
14.203616 
15.016618 
15.290937 
12.797720 
15.045676 
14.356419 
11.953242 
11.356756 
13.997945 
14.150404 
13.831029 
13.183885 
14.468038 
13.711376 
37.242427 
13.183245 
13.745917 
25.917389 
16.501131 
52.710872 
55.894482 
31.079403 
34.631484 
