13.024671 
13.345196 
12.865541 
13.403159 
15.037906 
14.470511 
11.180136 
14.263819 
13.032816 
14.634984 
11.521856 
12.772959 
12.815039 
13.010577 
13.810520 
14.417789 
13.990907 
13.304213 
13.340943 
11.104404 
13.760059 
13.840855 
13.517656 
13.964849 
13.975183 
13.650275 
13.038315 
12.079338 
13.577046 
11.654718 
12.139074 
15.131737 
11.115183 
16.037782 
11.172072 
12.954355 
14.895776 
14.504420 
14.195425 
14.572946 
12.933047 
15.468097 
12.932964 
16.630846 
17.680034 
13.838732 
12.734412 
14.658374 
14.442234 
14.566215 
12.168325 
36.448367 
13.257612 
13.264904 
12.940574 
14.256775 
15.771478 
13.683215 
13.393811 
11.518822 
13.639317 
13.972264 
15.133549 
11.785292 
13.567916 
15.614820 
17.342665 
12.350263 
20.664415 
43.565997 
16.067163 
14.264775 
13.965248 
44.935700 
15.107913 
13.965448 
13.474308 
13.647853 
13.739971 
12.065950 
11.330052 
13.922798 
14.379722 
13.276538 
11.573992 
12.582865 
16.667836 
26.439788 
13.143499 
13.792472 
19.517143 
16.331784 
36.598298 
39.327192 
19.732080 
23.357992 
25.566430 
21.026996 
69.868406 
69.817359 
