13.107346 
13.594790 
12.806949 
13.559928 
15.293948 
14.609499 
11.302420 
14.405968 
13.312944 
14.835399 
11.795727 
12.985972 
13.133059 
13.000120 
13.160904 
14.549570 
14.051792 
13.302476 
13.653567 
11.282286 
14.216125 
15.384208 
16.996703 
13.735200 
13.225424 
13.652292 
13.337676 
12.601771 
13.868700 
11.780477 
11.709681 
14.753300 
11.207296 
16.215365 
11.015365 
13.086280 
12.684651 
14.533803 
14.318965 
14.660386 
12.825875 
15.423690 
13.477814 
14.309859 
17.993969 
12.691330 
14.425515 
14.393438 
14.671374 
24.381496 
13.183228 
13.335890 
12.922795 
14.312683 
19.696541 
13.679508 
13.254576 
11.802387 
13.924912 
13.896433 
14.787939 
11.711467 
13.494997 
15.025801 
15.940824 
12.534219 
17.676671 
25.076883 
13.086414 
13.934897 
13.678672 
24.494632 
15.522495 
13.755903 
13.276521 
24.033882 
13.696519 
11.847481 
11.546959 
14.101621 
14.304030 
12.795982 
11.865881 
12.683760 
16.523947 
18.214503 
13.397807 
14.260772 
17.259924 
15.432780 
21.908784 
17.897810 
17.084249 
20.068327 
18.211818 
17.780160 
31.406879 
31.440418 
30.333395 
29.256518 
