13.120384 
12.405887 
11.514139 
13.549368 
15.263355 
14.506924 
11.310394 
14.411429 
12.950891 
14.849243 
11.729114 
12.684063 
12.257383 
13.037520 
11.108411 
14.532257 
14.181655 
13.350964 
12.963053 
11.588067 
14.281116 
14.977852 
16.928154 
12.964913 
13.221459 
13.707076 
12.960169 
12.617996 
13.888769 
11.827907 
11.708461 
14.484345 
11.620028 
14.128731 
12.953297 
13.056814 
14.236169 
14.587303 
14.358399 
14.753012 
12.836820 
15.472888 
13.181431 
439.568891 
100.614235 
12.341195 
14.385775 
14.329157 
14.689002 
23.759823 
13.228941 
13.339685 
12.833888 
14.321813 
19.587222 
13.803328 
13.262275 
11.813387 
13.938940 
13.931759 
14.797646 
11.458528 
13.383214 
14.916356 
15.734862 
12.511915 
17.590533 
24.365739 
12.982657 
13.889411 
13.688645 
23.769927 
13.604006 
13.662059 
13.358061 
23.536511 
13.934609 
11.575281 
11.490032 
14.361625 
14.310263 
11.602349 
12.699902 
16.520117 
17.967084 
13.282775 
17.158738 
15.217709 
21.466574 
17.475367 
16.956033 
19.662119 
18.058717 
17.590155 
29.991444 
29.999528 
29.214663 
28.136584 
515.456878 
513.183448 
