12.659607 
13.045218 
11.929646 
13.695422 
15.415450 
14.384937 
13.351884 
13.547315 
13.326552 
12.829956 
16.523969 
12.667904 
15.169884 
11.533168 
14.421896 
14.181329 
13.712837 
13.134664 
11.752579 
12.925391 
15.051616 
15.929155 
13.476112 
21.643286 
14.109952 
13.043269 
13.000283 
11.901820 
12.098558 
14.803132 
11.692018 
14.475924 
13.705372 
13.249722 
14.599340 
15.095127 
14.554381 
14.942617 
13.167016 
16.102609 
13.875652 
21.336106 
16.110724 
12.453638 
14.666540 
14.047662 
17.914888 
12.257338 
14.087649 
12.737880 
12.858862 
14.091855 
16.998259 
14.229558 
13.490176 
11.816842 
13.934704 
14.018046 
14.762353 
11.623198 
13.384585 
14.199570 
13.238254 
12.722075 
16.411869 
17.796223 
13.388477 
14.212603 
14.027198 
17.220811 
13.792972 
13.888732 
13.587764 
15.502902 
14.079663 
11.759191 
15.961185 
14.273749 
12.400053 
13.330075 
12.849436 
16.774392 
15.448062 
13.390529 
13.562833 
14.390008 
16.032285 
12.785311 
14.486989 
14.825374 
15.864706 
15.282222 
17.035006 
16.964276 
16.486014 
12.689328 
20.733659 
23.046932 
16.058845 
15.333788 
