15.691819 
11.193232 
14.631649 
14.107618 
16.132007 
13.994828 
12.689571 
11.992394 
13.106463 
13.460477 
15.263296 
15.540468 
15.063828 
13.435080 
13.134910 
13.034793 
12.461502 
12.507960 
14.220812 
13.680054 
12.220322 
16.127868 
15.704936 
15.578345 
12.764089 
15.387443 
15.777098 
17.370120 
14.053554 
11.499842 
13.233438 
16.818869 
13.149132 
11.945256 
16.301972 
14.150802 
13.267611 
13.998411 
11.164525 
13.863528 
15.088606 
12.473309 
13.728670 
12.324904 
13.511611 
13.154056 
11.450142 
14.799002 
13.318450 
14.021819 
14.002070 
11.798169 
14.060628 
15.099464 
13.693065 
13.661436 
12.364040 
14.470179 
11.164785 
13.121304 
12.569200 
14.088648 
12.021934 
13.414603 
20.315514 
13.437514 
11.362312 
12.934153 
34.233517 
17.670676 
15.384331 
14.741016 
37.612581 
13.048276 
15.281331 
15.804755 
13.601206 
12.297532 
19.151250 
12.881769 
17.233310 
13.475967 
17.347300 
12.905075 
15.389511 
12.873378 
12.868841 
15.806308 
13.071876 
15.584079 
15.611709 
15.768998 
18.083987 
23.176108 
20.022884 
14.508469 
18.620932 
19.243169 
47.685620 
44.902577 
