27.084228 
12.539386 
12.014212 
13.598281 
15.099766 
11.530771 
13.987144 
13.746682 
13.294991 
12.747524 
15.885518 
12.303962 
15.001758 
11.879362 
13.535665 
13.386440 
14.112912 
23.634930 
15.346651 
15.518921 
13.701810 
19.561322 
14.264931 
13.051717 
13.291104 
11.563045 
11.833880 
14.954237 
11.087800 
14.307794 
13.955025 
11.868432 
15.489897 
12.486833 
12.321547 
13.228971 
14.288186 
14.983599 
19.586805 
16.502480 
12.537426 
14.996646 
14.035342 
14.953087 
12.443622 
11.792848 
12.936288 
13.020376 
14.276221 
13.648485 
16.222763 
13.088138 
12.089688 
12.651371 
21.696023 
11.733550 
13.512915 
14.089588 
12.468909 
13.344304 
15.212948 
15.552706 
13.242985 
14.057014 
13.663094 
15.420465 
12.241217 
13.954970 
13.949011 
21.910119 
12.284609 
14.542533 
13.709779 
12.659918 
14.572337 
13.174496 
15.420959 
14.104335 
13.398742 
23.642096 
28.396455 
14.068845 
12.776225 
13.617118 
14.689273 
14.094125 
16.140091 
13.990241 
12.856816 
12.360800 
16.177883 
18.138749 
13.971801 
13.216578 
22.979905 
23.074816 
28.664976 
28.651251 
35.886143 
35.890152 
