21.798185 
12.792952 
12.002680 
13.530378 
14.977359 
11.767331 
13.830186 
13.530260 
13.536757 
12.656001 
15.636950 
26.569372 
14.907600 
11.933775 
13.506442 
13.282456 
14.096114 
14.253651 
15.468056 
15.716189 
13.707026 
19.079760 
14.259905 
11.483642 
11.695385 
14.970581 
11.109002 
14.382046 
14.072762 
12.124039 
15.604229 
12.471424 
12.458944 
13.132605 
12.403685 
15.545276 
19.334775 
16.659323 
12.502131 
14.897112 
14.030254 
14.254888 
12.357873 
11.847064 
12.764236 
12.898671 
14.082763 
11.722508 
16.337105 
13.143103 
13.394523 
12.753355 
19.647971 
11.736062 
13.478841 
14.183079 
12.336378 
11.412161 
14.965790 
15.171807 
13.285598 
14.060534 
13.621903 
15.139131 
12.192524 
14.053202 
13.549172 
20.002957 
12.267561 
14.216171 
13.614281 
12.511640 
21.461789 
13.185549 
15.236953 
13.916615 
27.726778 
12.802657 
23.442154 
13.645644 
13.633782 
19.917283 
14.515487 
13.569421 
15.739053 
13.640415 
12.460753 
11.811921 
14.996265 
16.626007 
13.473038 
12.676118 
19.273782 
19.360627 
20.227188 
19.446232 
25.742291 
25.710272 
35.250384 
35.203353 
