12.418779 
11.812395 
11.575159 
13.358889 
14.815719 
11.617350 
13.740654 
13.362670 
12.777891 
12.567474 
11.988330 
21.429738 
14.922963 
13.798482 
27.030185 
13.228606 
13.443599 
14.355138 
13.839163 
15.886063 
11.869579 
14.202398 
11.670283 
12.067804 
14.365134 
11.076131 
14.001652 
11.038519 
12.001247 
12.459513 
12.217648 
13.429484 
12.530762 
13.789605 
14.785910 
15.986369 
12.566104 
27.777778 
14.421798 
12.387767 
24.696133 
12.582774 
23.275917 
13.801242 
22.924739 
16.448048 
13.415500 
12.696689 
18.426125 
11.265872 
13.052618 
12.350116 
11.379142 
14.936781 
15.036693 
13.852031 
14.034767 
13.978817 
15.137551 
10.899051 
13.631921 
13.411900 
17.910225 
13.202023 
25.526486 
22.525656 
20.236564 
13.172347 
15.123767 
14.365651 
22.424838 
27.657784 
14.228448 
13.892629 
13.850206 
19.000643 
14.672829 
13.831193 
15.678166 
13.624564 
12.353857 
11.693088 
13.137836 
12.732031 
12.548075 
16.963974 
17.119341 
18.739748 
17.841255 
14.051490 
25.301317 
25.223983 
28.377287 
27.455079 
34.677440 
34.558157 
35.877136 
36.513647 
29.684211 
32.194143 
