11.972677 
11.971770 
13.296477 
15.104959 
11.715602 
13.831133 
13.316721 
13.089995 
12.552847 
12.090473 
18.049471 
14.924389 
13.774469 
23.074635 
12.957942 
13.334124 
14.399906 
13.511734 
16.693188 
12.183977 
14.253302 
11.816654 
12.505093 
14.289571 
11.298003 
14.348896 
11.377167 
12.245282 
11.699537 
12.469855 
13.846310 
12.426475 
13.319931 
14.690672 
15.705529 
12.287642 
22.188367 
14.731534 
12.525068 
11.431654 
12.753173 
19.588990 
52.173033 
20.416404 
15.714768 
13.667230 
13.320569 
15.749372 
11.161540 
12.842269 
12.328282 
11.503166 
13.879006 
13.270889 
15.249343 
14.718331 
20.593577 
10.833521 
13.035717 
13.489173 
16.910313 
12.817938 
21.827348 
20.618708 
19.025220 
13.367881 
15.303272 
14.156682 
19.115428 
21.937318 
14.302848 
13.921755 
13.898507 
17.954420 
12.719118 
13.839360 
14.216613 
13.906646 
12.486613 
11.793170 
12.521208 
12.234579 
12.590773 
15.509777 
15.261828 
16.596273 
15.751007 
42.840363 
19.201988 
19.038432 
23.680529 
22.678649 
27.172614 
26.989331 
24.826800 
25.541712 
21.432108 
19.689173 
74.871465 
72.301325 
