12.030876 
11.969367 
13.292379 
15.112164 
11.751058 
13.839876 
13.304533 
13.106140 
12.467134 
12.078370 
17.237477 
14.907139 
13.767875 
13.459244 
13.002397 
13.323444 
14.482969 
13.544610 
16.783811 
41.748924 
14.185701 
11.536114 
12.613085 
14.411937 
11.013208 
14.341865 
11.355660 
12.287789 
11.705360 
12.566266 
13.938643 
12.443975 
13.312806 
14.706618 
15.777186 
48.112410 
20.846281 
14.839723 
12.572497 
11.455190 
12.756665 
18.825474 
36.204609 
19.210888 
15.652887 
13.766758 
13.404332 
15.419873 
12.832495 
12.374129 
11.547455 
13.876379 
13.304816 
15.325073 
14.802326 
19.907531 
10.808287 
13.120930 
13.511776 
16.612540 
12.816908 
11.575461 
19.606070 
18.576307 
13.416909 
15.318798 
14.189769 
18.291252 
20.350666 
14.354408 
13.949025 
13.929503 
17.603384 
12.749533 
13.883213 
14.216019 
13.924982 
12.529864 
11.814409 
12.499616 
12.213199 
12.567115 
14.937785 
14.677729 
15.797849 
14.959627 
31.489155 
17.639706 
17.485929 
21.441485 
20.442492 
14.002909 
21.823771 
22.529621 
19.990608 
18.262324 
47.494345 
44.978492 
69.896407 
72.126103 
