11.400270 
12.088391 
12.531197 
12.442930 
13.310917 
14.211448 
12.366707 
19.780385 
13.396974 
11.846317 
14.958217 
22.363619 
13.748829 
14.337207 
14.751186 
27.180858 
16.158106 
10.442381 
14.886040 
12.132028 
14.218020 
11.343205 
20.500115 
11.811239 
12.225170 
12.620409 
14.758691 
11.894533 
13.222601 
13.807347 
15.539720 
14.998790 
12.356783 
11.356054 
10.696627 
14.731248 
16.294793 
15.307986 
15.667279 
13.541865 
13.721014 
14.347871 
13.155067 
11.282547 
24.256315 
12.605423 
15.238065 
14.106133 
17.153688 
29.022175 
13.515062 
24.978690 
16.488328 
13.572026 
13.443486 
13.038259 
13.971291 
16.537260 
13.145636 
13.021456 
13.179911 
12.462194 
12.181487 
13.268828 
14.022247 
13.423905 
12.643009 
21.478751 
18.421977 
14.049573 
17.065324 
21.252383 
12.790692 
12.350845 
15.175162 
13.306381 
12.616360 
15.143285 
14.266515 
13.296361 
12.930983 
15.245245 
15.022280 
12.772571 
15.066887 
14.880789 
13.516222 
15.804049 
21.637719 
19.280456 
18.377112 
18.246285 
24.034976 
24.227491 
25.019981 
25.516778 
30.414983 
28.764385 
23.234303 
26.392498 
