11.625307 
12.497266 
12.150345 
13.319802 
14.108564 
12.342323 
18.852226 
13.743365 
12.171172 
14.520883 
20.789380 
13.644752 
14.512890 
12.340893 
26.353429 
16.120044 
69.495061 
12.229866 
12.107942 
13.216154 
12.481969 
17.566401 
11.955692 
12.100676 
12.726962 
14.654220 
13.899702 
13.295016 
13.839882 
16.013579 
14.999115 
12.466865 
11.480617 
10.611779 
14.718206 
16.158757 
15.171815 
15.085174 
13.877588 
13.797755 
14.273245 
12.922116 
11.658451 
23.215492 
12.517146 
15.199587 
14.063504 
16.828005 
27.890944 
13.542322 
23.873849 
16.322209 
11.811775 
13.486156 
12.680919 
13.935266 
16.605293 
13.166916 
12.971828 
12.963085 
12.076506 
12.127346 
13.221273 
13.928861 
13.321081 
12.598266 
20.300052 
18.362848 
14.422756 
14.960547 
20.895846 
12.715870 
14.111174 
15.255189 
13.153531 
12.544590 
14.933221 
14.113632 
11.170991 
12.837822 
15.317186 
14.223407 
12.392972 
15.010605 
14.996750 
62.630680 
21.188125 
17.079495 
18.221602 
18.089204 
22.426764 
22.743045 
22.539619 
23.103650 
28.385445 
26.689714 
22.536124 
25.622083 
115.977888 
113.590916 
