61.913280 
20.067217 
13.402426 
14.670970 
13.216025 
16.544727 
15.261824 
15.416319 
17.521603 
12.632015 
15.271621 
12.466808 
17.028332 
16.371970 
12.096551 
12.590895 
12.463201 
13.871596 
12.720270 
15.513203 
12.675186 
15.294450 
13.333337 
14.918299 
13.761347 
14.164157 
14.516346 
15.522327 
14.556859 
12.318247 
11.662384 
10.756557 
15.101716 
13.843616 
15.137157 
14.104036 
15.220951 
15.166102 
12.973628 
11.929658 
11.913170 
14.356436 
13.077942 
14.118893 
15.678962 
58.382941 
14.539779 
15.489667 
12.094404 
14.041660 
16.238042 
13.406705 
12.360460 
12.630654 
12.186540 
12.151971 
13.092759 
13.313201 
13.967787 
15.241803 
15.569621 
16.167105 
15.877074 
16.556472 
15.690969 
13.316272 
14.136274 
14.423466 
12.751733 
12.533741 
13.287366 
12.204202 
11.856703 
11.797976 
14.473337 
13.077524 
14.735564 
19.608816 
12.728501 
15.741750 
15.352254 
11.986321 
13.330041 
13.316778 
15.315854 
12.578245 
14.364601 
15.180427 
14.767723 
18.095278 
12.068811 
13.964201 
15.357244 
14.828367 
15.925504 
20.916653 
21.036207 
12.424091 
97.050063 
99.891364 
