12.077640 
16.210443 
13.385513 
14.961671 
13.318600 
16.399194 
190.359883 
15.029492 
17.786447 
12.656803 
15.294210 
12.455808 
14.975688 
16.389955 
11.996003 
12.593052 
12.463363 
13.873039 
12.737854 
15.573797 
12.672990 
15.108591 
13.168343 
14.939310 
13.585880 
13.620799 
14.508993 
15.529815 
14.561101 
12.316311 
11.665304 
10.948798 
15.020253 
13.859622 
15.156944 
14.099840 
14.958335 
14.418917 
12.973211 
11.922340 
11.708439 
11.950334 
12.599133 
14.117412 
15.684649 
62.777180 
14.553556 
15.508551 
11.826499 
15.121896 
16.243835 
13.476802 
12.556698 
12.591064 
12.186664 
12.169084 
13.191689 
13.322955 
13.766505 
15.200133 
15.552035 
15.731621 
15.630604 
105.374581 
15.686930 
14.042429 
14.130946 
15.519046 
12.990780 
12.676741 
13.288328 
12.208938 
11.930694 
11.801299 
14.703027 
13.080950 
14.692461 
457.048762 
13.006827 
15.682587 
15.206174 
12.037827 
12.918349 
12.725277 
13.541356 
14.750508 
15.140443 
14.995590 
15.521137 
12.054470 
13.903079 
15.068222 
14.741398 
15.843127 
13.841556 
12.349063 
143.167468 
140.523026 
620.647088 
623.897941 
