20.393089 
14.255510 
14.226414 
15.255104 
13.160208 
14.094366 
14.109327 
16.417996 
16.187235 
14.208488 
13.814211 
12.837638 
15.387058 
16.626008 
12.621520 
12.519531 
12.598131 
13.868514 
12.487236 
14.556507 
13.503494 
13.605230 
13.724572 
15.043463 
14.124538 
14.321186 
14.701205 
15.492083 
14.506107 
12.980260 
15.789504 
10.963702 
14.954461 
14.216909 
12.983946 
14.574832 
14.288197 
14.694640 
13.408225 
12.412665 
15.952301 
12.465648 
12.723478 
14.100933 
15.655699 
19.073982 
14.682352 
15.921829 
12.174187 
15.705962 
16.527669 
13.890090 
12.968783 
13.058655 
12.526281 
12.277925 
13.537874 
14.164221 
14.097415 
14.614907 
15.747176 
16.203830 
14.505797 
14.473701 
15.038986 
14.405103 
15.093638 
13.220163 
12.790990 
13.531377 
12.416935 
13.334867 
12.002255 
14.624038 
13.101125 
13.298359 
14.600475 
12.352911 
14.135547 
13.746111 
12.438212 
12.929054 
12.502611 
15.107707 
13.488345 
13.582444 
15.776862 
14.069393 
11.987592 
12.679160 
14.040578 
12.359028 
13.196181 
12.937963 
12.890697 
19.085768 
19.012093 
14.639164 
17.899895 
15.768730 
