18.696971 
14.518305 
15.390814 
13.472269 
13.390792 
14.476847 
13.779448 
16.122887 
14.245735 
13.720291 
12.962309 
15.834284 
16.671949 
12.902308 
12.377791 
12.593927 
13.680691 
12.277572 
14.263026 
13.443256 
13.609288 
13.321367 
14.978243 
14.175610 
14.178477 
14.651687 
15.125138 
14.565752 
13.033187 
15.322011 
11.060906 
14.659420 
14.290640 
12.890635 
14.686318 
14.111915 
14.612658 
13.642147 
12.541826 
15.558962 
12.536653 
12.849934 
14.054977 
15.647225 
19.790072 
14.702787 
16.003029 
12.195790 
13.109688 
16.407961 
14.108019 
13.034460 
13.162114 
12.633987 
12.286461 
13.606779 
14.253912 
14.105522 
14.679944 
15.402754 
15.921306 
14.174440 
14.137966 
15.512212 
14.526373 
33.124609 
13.648112 
13.068047 
13.573966 
12.468813 
13.367564 
33.166928 
13.072554 
13.104542 
14.064714 
12.076373 
13.784662 
12.933606 
12.097993 
14.558176 
11.815849 
13.280334 
13.609674 
13.629217 
14.986282 
13.574852 
11.831041 
12.666816 
14.006896 
12.086740 
12.818952 
15.147730 
12.996474 
16.613233 
16.522068 
12.654958 
17.139182 
15.044164 
47.981695 
48.125548 
