18.059216 
12.463860 
23.764709 
13.550379 
13.430175 
14.485492 
13.645790 
16.124784 
14.280799 
13.542847 
12.379990 
15.618014 
16.492488 
12.817880 
12.377135 
12.524105 
13.547275 
12.298073 
14.224782 
13.443073 
14.471826 
15.155785 
13.891736 
13.938969 
14.680807 
15.164356 
15.222520 
10.893980 
15.050251 
11.260080 
14.828538 
14.078896 
12.910657 
14.743634 
12.069785 
14.880020 
13.483880 
13.681755 
15.244615 
12.370681 
12.776968 
14.093992 
15.704168 
18.950404 
14.611639 
12.081808 
13.200127 
16.362559 
14.206547 
12.867074 
12.944908 
12.586441 
12.241038 
13.519637 
14.243171 
13.556222 
14.478377 
15.225717 
15.741795 
14.139423 
14.066271 
15.278173 
14.446758 
27.906802 
13.873973 
13.268599 
21.414597 
12.494495 
13.405216 
27.092824 
13.137767 
13.092594 
14.116722 
12.180199 
13.686925 
12.928029 
12.030657 
14.290705 
11.623594 
13.098654 
13.533033 
13.623371 
14.297942 
13.305327 
11.737355 
13.311796 
13.601484 
11.995942 
12.749143 
15.191527 
12.801897 
15.526357 
15.525599 
12.690580 
16.577068 
14.555621 
36.729461 
36.879640 
25.860296 
23.161050 
