15.848229 
12.467638 
19.948769 
13.379843 
14.766058 
14.108532 
16.195195 
12.615989 
14.541037 
15.464113 
13.256290 
12.287886 
14.974463 
13.400766 
12.389874 
14.269700 
13.613532 
13.717963 
12.895186 
13.422300 
14.575452 
15.638826 
14.490007 
13.866767 
12.666817 
13.479168 
12.694617 
13.004196 
17.164342 
12.524843 
14.592055 
13.370540 
13.086589 
13.955387 
11.542241 
12.139698 
12.543194 
16.607282 
14.507875 
14.601211 
12.130903 
14.684254 
14.399336 
13.449317 
11.915979 
11.919695 
13.088932 
12.814563 
13.217662 
14.777796 
18.910284 
15.273290 
15.128320 
15.743960 
16.274247 
13.065060 
13.548136 
17.597430 
11.988811 
12.723239 
15.284753 
14.108856 
13.368945 
16.384361 
13.020335 
13.406392 
14.537584 
13.214454 
13.044012 
13.077924 
13.742587 
11.354343 
11.601895 
13.825698 
30.348351 
13.132719 
11.593026 
14.430208 
13.986257 
11.491877 
13.845676 
25.148193 
11.919597 
12.880269 
12.724921 
31.398164 
12.945223 
16.345864 
16.608342 
14.781078 
15.198010 
17.419016 
14.631108 
16.760556 
16.608054 
21.794855 
24.672853 
30.878365 
40.890691 
40.664499 
