15.849474 
12.476265 
52.273725 
14.836280 
14.118318 
16.066172 
12.614156 
14.537919 
15.463456 
13.268136 
12.186423 
15.010510 
13.397482 
12.271775 
14.288290 
13.431779 
13.720059 
12.893127 
13.419242 
14.581179 
15.679838 
14.457257 
13.775334 
12.772219 
13.563881 
12.693124 
12.827787 
17.140633 
12.525980 
14.600326 
13.374721 
13.097513 
13.900023 
11.545332 
12.142491 
12.542634 
16.606206 
14.505381 
14.586163 
12.127795 
14.690269 
14.401102 
13.455998 
11.916296 
11.917806 
13.091173 
12.813921 
13.220738 
14.783447 
18.889212 
15.045973 
15.133253 
15.737548 
16.278651 
13.063458 
13.551738 
17.541831 
11.990034 
12.729244 
15.266046 
14.119098 
13.285476 
16.346357 
13.020752 
13.403878 
45.605281 
13.224229 
13.044693 
13.085429 
13.746875 
11.353646 
11.603835 
13.664665 
13.714215 
13.132346 
11.597189 
14.440281 
13.993430 
11.492085 
13.881921 
25.013439 
11.920129 
12.881761 
12.799783 
14.302986 
12.840451 
16.285200 
16.545155 
14.749393 
15.124436 
17.396263 
14.610174 
16.711784 
16.558928 
21.675172 
24.395581 
30.577290 
14.360718 
69.692259 
70.571075 
