16.108938 
11.579126 
13.358216 
15.296004 
14.015353 
12.121151 
13.012155 
14.074251 
15.469259 
15.176850 
15.976706 
13.216804 
13.679022 
12.950423 
12.512186 
13.350586 
13.814264 
13.353079 
12.212654 
15.899124 
15.464651 
15.145546 
12.774152 
15.702693 
16.159937 
14.268498 
13.564476 
11.365727 
13.073093 
17.664939 
13.976927 
18.077386 
14.917555 
14.215455 
13.270727 
14.428481 
14.177243 
14.302039 
11.011153 
14.258557 
10.933631 
13.004784 
11.591673 
14.619132 
13.693617 
11.619686 
14.301502 
12.035456 
14.558940 
15.324246 
13.244103 
14.173069 
12.715676 
14.873764 
11.466296 
13.629664 
12.993749 
12.108985 
13.786112 
18.180426 
27.065867 
11.392957 
13.244767 
14.693821 
15.232777 
15.244876 
17.695868 
18.510731 
12.206303 
14.462926 
14.160916 
13.709043 
12.636442 
16.954415 
12.685071 
15.510000 
13.218368 
14.883572 
18.652863 
15.665583 
12.316440 
12.254554 
14.406455 
11.993827 
13.082687 
12.957038 
13.251362 
15.178185 
18.683388 
26.174174 
15.091153 
14.098569 
14.606531 
14.723898 
15.229249 
11.223899 
29.181869 
31.746280 
18.098206 
20.508364 
