12.510671 
19.288873 
13.560264 
14.341070 
15.928034 
12.761968 
14.561285 
15.416369 
13.370009 
12.213997 
15.057840 
13.446940 
12.313632 
14.592445 
13.617470 
13.786175 
12.729246 
13.317381 
14.598826 
14.785872 
14.663474 
13.680801 
24.127287 
11.575855 
12.624214 
12.902068 
16.494897 
12.623400 
13.270538 
13.222575 
20.145378 
11.570093 
12.285303 
12.465382 
16.392452 
14.753498 
14.716089 
11.850363 
14.919972 
13.833553 
12.349643 
11.891983 
11.818117 
12.835760 
12.740161 
13.225778 
14.542645 
18.239787 
14.890271 
15.234821 
15.693751 
16.122473 
19.201370 
13.750773 
12.388797 
11.790236 
12.917909 
14.828981 
14.306906 
12.551262 
11.807006 
12.964819 
13.361435 
13.101249 
12.862419 
13.430428 
13.896787 
11.370096 
11.633987 
13.086591 
13.743116 
22.481890 
11.597397 
14.600046 
14.172544 
11.499340 
14.310556 
20.163801 
11.881815 
13.219736 
24.300041 
14.309024 
12.594477 
13.186844 
13.962429 
14.392457 
16.816353 
14.157502 
15.507953 
15.384089 
30.406711 
19.983847 
25.760553 
14.589012 
29.421409 
28.742510 
21.877177 
18.533294 
26.861766 
29.724658 
