11.783457 
18.986653 
13.503887 
13.751870 
15.760186 
13.317204 
12.206551 
15.893934 
13.383527 
12.161451 
15.215295 
13.421194 
12.218986 
14.577988 
13.183126 
13.873314 
13.378206 
11.596789 
14.696724 
14.564651 
14.623840 
13.608481 
21.824451 
13.539887 
12.755436 
15.647368 
12.172530 
15.467943 
18.507946 
12.123096 
12.392411 
12.648995 
16.433693 
13.833665 
14.203775 
10.706731 
15.153858 
12.832929 
11.975184 
21.791925 
11.699240 
12.877742 
24.416084 
14.625984 
16.952388 
14.527217 
12.736627 
14.064736 
15.447907 
17.524855 
13.721949 
12.148800 
12.310529 
13.615208 
14.675586 
14.301111 
12.456724 
11.278118 
12.966355 
13.417397 
12.967132 
12.960895 
13.482918 
13.717068 
11.129201 
12.924414 
13.513050 
19.867639 
11.819908 
13.556705 
13.445359 
11.551953 
14.491603 
18.900620 
12.481348 
13.002569 
20.648651 
14.046698 
12.543199 
12.749468 
24.281524 
13.869565 
16.180065 
13.601189 
13.394202 
13.768541 
26.199466 
17.075145 
22.383416 
14.303903 
22.659772 
22.106162 
18.783680 
15.761911 
22.212545 
24.718811 
27.806562 
27.765871 
27.873371 
35.830223 
