12.392105 
15.849508 
11.522096 
12.981977 
15.504502 
15.876516 
11.432090 
16.041976 
13.200076 
12.488555 
15.366478 
13.560923 
12.094773 
12.179717 
13.134689 
12.345042 
14.072060 
24.017979 
15.068176 
14.326785 
14.246931 
13.667212 
15.840681 
13.800293 
12.719007 
12.539638 
13.537934 
15.864787 
16.780485 
12.354901 
12.505178 
12.694144 
16.445826 
13.788716 
13.992134 
13.488775 
24.551941 
12.235369 
16.606278 
12.169182 
12.816526 
18.990591 
14.526520 
13.628592 
14.127647 
13.036778 
14.777822 
13.286488 
14.283035 
13.634568 
14.908610 
13.214737 
13.898508 
14.018351 
14.075077 
13.032717 
11.319412 
13.082503 
13.485554 
12.536835 
13.169015 
15.315996 
11.534663 
14.098886 
12.633520 
14.302075 
11.922536 
13.291369 
13.148292 
11.691430 
14.528300 
12.683438 
12.016399 
26.070416 
13.882926 
12.484427 
12.613443 
17.354760 
13.053878 
25.838947 
12.656807 
18.286479 
12.910755 
13.974303 
14.445722 
16.456430 
15.405936 
13.092138 
14.643902 
16.635558 
17.198175 
17.163375 
16.319380 
20.044625 
41.008984 
29.675827 
27.840028 
30.068303 
25.225439 
37.822987 
