12.375442 
15.743056 
13.450401 
13.030487 
13.690347 
15.911949 
11.475199 
16.073234 
13.345197 
11.216406 
15.368049 
13.807484 
14.097917 
12.571156 
13.480928 
12.343433 
14.136958 
19.190347 
15.808171 
14.595256 
14.064809 
15.138599 
14.970042 
13.901968 
12.456789 
13.479698 
15.907345 
16.711407 
12.572601 
12.763064 
12.595039 
16.330905 
13.683408 
13.622994 
13.428179 
20.202988 
12.322714 
15.357384 
12.296310 
12.627662 
17.752525 
14.655323 
13.422861 
13.911518 
13.228468 
15.239262 
13.310231 
13.529440 
13.709466 
15.041703 
13.278090 
13.926096 
13.917900 
14.034613 
11.492631 
11.419543 
13.295873 
13.652906 
13.082387 
13.473301 
15.254883 
11.578743 
13.787016 
12.519052 
13.295223 
12.167345 
13.311862 
13.231054 
11.859020 
14.855024 
12.839516 
11.935554 
18.463333 
26.026350 
12.858619 
16.031099 
12.880424 
19.471011 
12.576035 
17.073133 
12.796599 
33.817093 
13.559132 
15.000710 
14.226430 
12.191763 
13.054062 
14.742010 
14.921201 
14.909335 
14.232892 
17.226424 
18.865983 
20.734540 
18.553699 
20.524653 
21.890405 
18.714016 
37.090876 
39.633406 
