12.196546 
15.695021 
13.452323 
13.294667 
13.620130 
16.101524 
11.680022 
15.624878 
13.586877 
11.480026 
15.400608 
14.114003 
14.144539 
12.708352 
13.369532 
12.348757 
14.180858 
17.709104 
16.238506 
14.847352 
13.955976 
15.374291 
14.686665 
13.890778 
12.296633 
13.557029 
15.700603 
16.702010 
12.927002 
13.774442 
12.191464 
13.814290 
13.982354 
13.597961 
18.584532 
12.202637 
14.646486 
12.274616 
23.962678 
17.119046 
12.706311 
13.403960 
13.853898 
13.523625 
15.850789 
13.484066 
13.244408 
14.173912 
12.531795 
12.725559 
13.875667 
13.634339 
13.920066 
11.453909 
11.605320 
14.008133 
14.038286 
13.491213 
13.804349 
15.139742 
11.794857 
13.831561 
12.470774 
13.138909 
12.422278 
13.300791 
13.338807 
12.205140 
15.367202 
13.067758 
12.171029 
16.453324 
13.239577 
15.241290 
12.679598 
17.614831 
12.471132 
14.438328 
14.727688 
23.635467 
12.912135 
14.244195 
13.768925 
11.886058 
12.854642 
14.368141 
13.834755 
13.807931 
13.241299 
15.665448 
14.680640 
15.608369 
15.292335 
16.949156 
16.532441 
15.465258 
30.602850 
22.662700 
34.138239 
26.641594 
