12.995780 
13.908806 
15.308160 
14.017019 
12.149434 
12.922939 
14.057109 
15.300914 
15.221842 
16.046573 
13.183834 
13.724161 
12.911360 
12.344330 
13.405331 
13.663565 
13.345402 
12.199188 
15.936754 
15.170997 
15.134509 
12.732441 
15.695859 
15.634978 
14.287043 
13.583662 
11.364018 
13.081693 
17.864620 
12.584550 
17.244665 
14.785098 
14.179254 
13.258987 
14.468115 
14.125537 
14.327549 
11.029330 
14.161581 
11.693862 
13.022684 
11.541978 
14.598736 
13.638489 
11.636726 
14.030817 
11.945969 
14.501878 
15.180967 
13.214678 
14.126283 
12.779164 
14.876227 
15.039100 
11.461458 
12.998793 
11.993881 
13.731947 
17.979425 
25.459245 
11.393224 
13.023268 
14.766690 
15.064457 
15.137556 
17.764194 
18.319078 
12.181196 
14.469853 
13.159117 
12.596833 
16.700422 
12.645263 
15.268879 
18.450598 
14.518310 
18.334439 
14.964427 
12.211807 
12.008076 
14.382726 
12.104264 
20.050010 
12.042835 
13.038561 
14.920023 
18.252437 
24.473655 
15.139797 
13.783649 
14.378588 
14.441977 
14.925505 
11.205065 
26.308917 
28.897671 
16.557500 
18.726465 
20.690357 
23.308682 
