12.492605 
15.598143 
13.355609 
13.188950 
13.428243 
11.868672 
15.547310 
13.907830 
15.126560 
14.381830 
13.271609 
11.763374 
13.498083 
11.849905 
14.337475 
17.026219 
14.230972 
14.807006 
14.067682 
13.502554 
14.090170 
13.885562 
12.334599 
13.019645 
15.803609 
16.838386 
13.251188 
13.999517 
11.979127 
13.562521 
14.255285 
13.590403 
18.003416 
12.384641 
14.187234 
12.634493 
20.075343 
16.705897 
12.788125 
13.346501 
13.880450 
13.817287 
16.625703 
12.922041 
13.226739 
14.774322 
12.468120 
13.358186 
12.079414 
13.240902 
20.571508 
11.308430 
11.675136 
14.455000 
13.368222 
13.407187 
14.044875 
14.807855 
11.950395 
13.785500 
12.495204 
10.730357 
12.895291 
19.678659 
13.099016 
12.034058 
15.208002 
13.258414 
11.463743 
15.547544 
13.257745 
23.826682 
16.277313 
13.483305 
15.317990 
21.720393 
12.512757 
13.791098 
13.525775 
11.792841 
17.433079 
12.798486 
13.147245 
13.081630 
23.396203 
14.563882 
12.851232 
13.466663 
13.795609 
15.045432 
14.720599 
14.507937 
22.975086 
18.670695 
24.952466 
19.400730 
20.381259 
19.779488 
29.875797 
30.025350 
