11.772929 
15.581596 
13.356753 
13.385987 
13.394125 
11.909628 
15.645078 
14.037324 
15.190543 
14.255110 
13.286673 
11.808575 
13.321198 
14.483912 
16.129271 
14.260681 
14.425393 
14.006067 
13.590141 
13.919026 
14.085300 
12.031682 
12.983342 
16.691298 
13.324747 
13.996696 
12.012490 
13.611650 
14.495016 
13.410103 
15.051139 
12.573830 
25.681411 
12.822324 
19.709122 
16.687581 
12.760234 
13.082560 
13.756261 
14.280116 
14.016515 
12.988138 
13.232571 
14.840845 
12.374449 
12.329792 
11.026386 
13.301052 
20.351324 
11.336323 
14.059730 
14.495021 
13.389153 
13.304406 
14.055282 
14.863968 
12.440723 
13.736081 
12.410213 
10.955823 
12.931234 
18.419351 
12.790096 
12.048129 
15.171488 
13.229870 
11.595633 
15.442334 
13.051632 
22.623257 
16.230169 
13.283193 
15.085746 
21.125906 
12.484470 
13.783730 
13.216081 
11.750277 
14.581284 
13.003953 
13.102049 
13.027032 
22.205170 
14.472357 
12.778498 
13.315965 
14.147775 
13.733936 
14.507252 
14.420493 
21.776028 
17.747630 
23.822703 
18.688719 
19.662708 
30.621509 
27.582408 
27.669844 
29.551529 
28.980081 
