11.905314 
15.785928 
13.478611 
13.361546 
13.394472 
12.046586 
15.547550 
13.710169 
15.346051 
13.345940 
11.654236 
13.674655 
14.492715 
15.951737 
13.812210 
12.244299 
14.042573 
14.133868 
14.083572 
14.103092 
12.155493 
13.172823 
16.990116 
13.382510 
14.109456 
11.955898 
13.873800 
14.837411 
13.549830 
14.127845 
12.325439 
20.358317 
12.560427 
18.163317 
16.666043 
12.822192 
13.233483 
13.864092 
28.610783 
12.817175 
13.452031 
15.033396 
12.143406 
12.331026 
11.109442 
13.368531 
18.329595 
11.516406 
17.773892 
14.375095 
13.360307 
13.401849 
13.529057 
14.783027 
13.379350 
13.777161 
12.431818 
11.140129 
12.022577 
16.446001 
12.917670 
11.762597 
15.288058 
13.232461 
11.572724 
15.173418 
12.355242 
18.105808 
15.903178 
13.427250 
15.152435 
19.624224 
12.576121 
13.848552 
13.400128 
11.932549 
14.810934 
13.105035 
13.086357 
12.928231 
18.008573 
14.620876 
12.500792 
12.548415 
25.462685 
12.616812 
13.762121 
13.995878 
17.422613 
14.911132 
19.393074 
15.928930 
15.755704 
21.609894 
19.175418 
19.211715 
19.284405 
18.779460 
34.321400 
31.547840 
