12.530017 
15.501154 
13.293698 
13.398579 
11.224902 
12.179952 
15.288693 
13.735976 
15.143213 
13.983665 
11.838563 
13.568776 
13.537932 
16.173021 
13.801533 
11.889529 
14.270128 
14.173639 
13.579853 
48.598744 
12.160166 
11.957312 
16.900779 
13.323438 
14.045028 
11.793286 
13.885654 
14.871854 
12.583382 
13.489187 
12.069470 
16.412340 
14.747109 
17.511176 
16.356895 
12.659367 
13.516646 
11.723133 
23.762344 
12.793391 
13.378901 
15.026457 
11.433201 
12.567035 
11.349687 
13.251011 
17.534525 
11.975050 
57.889951 
14.428657 
13.260915 
12.862911 
13.357100 
15.934976 
13.715430 
14.392860 
11.148781 
11.939149 
15.690212 
12.802573 
11.699608 
14.925641 
13.573514 
11.421070 
14.151152 
11.898164 
16.624048 
15.885478 
12.154501 
12.545147 
18.086837 
11.844779 
12.698139 
13.392255 
11.906014 
14.744641 
12.965457 
12.767941 
12.638168 
16.430543 
14.245810 
14.844364 
11.177557 
69.984898 
14.374174 
15.819858 
13.878206 
17.817864 
14.979310 
13.705183 
54.473641 
16.615422 
16.576407 
12.890335 
25.190660 
22.585532 
80.201022 
77.928984 
113.399771 
102.940234 
