12.106973 
24.930231 
13.799339 
14.193873 
11.903945 
12.213938 
15.117988 
13.686826 
15.377693 
14.591490 
12.028876 
12.246446 
14.567671 
15.949213 
13.487816 
12.463688 
14.517851 
14.034493 
13.818881 
14.058848 
12.260373 
13.637095 
16.740346 
13.287761 
13.915116 
11.664023 
14.233291 
15.184960 
23.450935 
21.990035 
12.608214 
18.330496 
12.692273 
16.505574 
16.290016 
12.478482 
13.978273 
16.358476 
13.041149 
13.734319 
15.148684 
11.941578 
12.749067 
11.430261 
13.492276 
16.348968 
12.477107 
15.787504 
14.515552 
13.317679 
13.302870 
13.104570 
16.525875 
13.720417 
15.017958 
11.394750 
14.135380 
14.912630 
13.297299 
11.608237 
14.763543 
13.161540 
11.819843 
14.698196 
12.514602 
15.121765 
16.292048 
12.386526 
12.820241 
15.208342 
12.237634 
13.039534 
14.342251 
12.029173 
14.847877 
13.260692 
12.929016 
12.697729 
14.995318 
14.855326 
15.236634 
11.479250 
12.301215 
14.889655 
13.724498 
14.536611 
15.516114 
13.560864 
12.472030 
16.384135 
14.107332 
14.114185 
14.764836 
22.504666 
15.256689 
15.528273 
27.255661 
20.854320 
21.988858 
24.370578 
