12.010648 
22.999173 
13.958164 
14.089693 
12.052742 
12.173614 
15.136881 
13.606744 
15.525385 
14.692767 
12.047561 
12.139214 
14.477691 
15.945533 
13.521259 
12.519079 
14.397717 
14.049075 
11.984261 
14.075163 
12.303959 
13.553336 
16.739142 
13.250928 
13.918058 
11.730520 
14.307765 
15.147099 
21.938169 
20.500615 
12.363296 
17.833807 
12.528636 
16.537530 
16.269288 
12.480188 
13.952414 
15.955695 
13.037041 
13.629449 
15.137833 
11.685994 
12.629221 
11.337089 
13.523474 
16.046883 
12.588577 
15.705975 
14.587348 
13.449929 
13.090593 
16.644709 
13.720389 
14.907818 
11.369177 
14.121720 
14.613867 
35.490241 
11.709701 
15.264963 
13.100878 
11.796697 
12.176875 
11.622913 
14.722648 
16.372392 
12.378992 
12.693008 
15.155963 
14.101668 
11.888867 
36.645730 
14.782985 
13.242578 
12.890258 
12.662099 
15.143736 
14.090716 
15.471335 
11.595557 
12.156843 
15.146342 
13.694452 
14.451732 
15.521205 
13.584244 
12.088334 
15.554351 
13.773164 
13.411157 
14.219347 
20.823746 
14.408557 
14.670628 
24.700718 
18.697288 
19.002608 
21.244344 
53.976590 
54.315193 
