40.655455 
13.290977 
14.761353 
14.900714 
12.980147 
12.491184 
15.661957 
12.135937 
16.492543 
13.809530 
12.087530 
15.998081 
14.310280 
15.913144 
14.932658 
15.349724 
14.827183 
14.376343 
12.433252 
12.552054 
16.016973 
12.919259 
13.488730 
15.135580 
14.672699 
13.250224 
13.916433 
12.748207 
15.806842 
13.489424 
16.833000 
15.788106 
12.009815 
12.184678 
15.732093 
14.550514 
12.775311 
13.500832 
13.613155 
13.878212 
13.082071 
13.690434 
16.451121 
16.612676 
11.994314 
15.512694 
10.563790 
15.690025 
12.374159 
14.778741 
13.985439 
18.148182 
22.259762 
10.682112 
13.905468 
13.887578 
15.898024 
38.746304 
13.329287 
15.431800 
15.503845 
15.268122 
12.107016 
14.478712 
12.591681 
12.477574 
12.479705 
13.831794 
11.378602 
16.407706 
11.312062 
12.031936 
18.511658 
12.006339 
12.989218 
14.103865 
14.721112 
12.926080 
12.551857 
14.418700 
12.377827 
15.619123 
13.017965 
12.252904 
23.142484 
11.860326 
12.454509 
11.996635 
12.317310 
13.227543 
14.353756 
14.163347 
13.121073 
13.260876 
16.091169 
15.297306 
61.028083 
58.405357 
27.223744 
24.769797 
