26.844642 
13.683480 
14.204709 
14.734122 
12.289715 
13.688290 
15.754997 
12.209050 
16.444942 
13.339838 
12.439059 
15.778801 
14.751535 
16.123839 
14.906074 
15.361314 
14.888187 
14.076580 
12.536924 
12.682029 
15.684593 
14.469525 
15.529831 
14.582548 
13.289434 
14.131445 
13.081684 
15.355016 
13.735352 
16.670981 
13.289817 
11.656843 
12.482416 
15.669505 
12.500703 
13.485330 
13.748876 
13.487702 
13.702304 
14.869707 
13.982859 
16.248758 
13.530666 
11.440536 
15.677366 
10.961585 
12.386604 
14.874331 
14.376872 
17.588186 
17.496837 
10.601001 
14.662851 
13.734761 
14.944045 
26.601539 
13.590580 
15.177322 
13.423300 
13.325951 
11.875751 
14.833885 
12.601276 
12.704321 
11.678755 
13.369083 
13.081137 
15.676032 
12.397832 
12.238394 
15.023995 
12.032282 
12.866801 
13.961274 
14.981964 
12.873750 
12.418176 
14.189096 
12.156639 
27.795472 
12.933820 
12.070866 
20.978164 
12.015555 
12.492623 
11.944753 
12.097432 
12.878643 
13.895960 
13.652269 
12.641413 
14.440073 
26.715220 
13.866843 
34.979607 
32.401589 
22.373142 
20.432640 
31.072181 
32.249037 
