35.190563 
13.165155 
14.452169 
14.579157 
12.287923 
13.685803 
15.817333 
12.131405 
16.339428 
13.210583 
12.367574 
13.597530 
14.730980 
16.183169 
13.076357 
14.909632 
14.925367 
14.094928 
12.790733 
15.981474 
14.570935 
15.602448 
14.500879 
12.965830 
13.647350 
13.182148 
15.414273 
13.677763 
16.716911 
13.362952 
11.827058 
12.370605 
15.360117 
12.444599 
11.588524 
13.792006 
13.387187 
13.645483 
14.505823 
14.075552 
16.272946 
13.380288 
11.415348 
15.291183 
10.839234 
12.974652 
12.813033 
14.464927 
17.670986 
16.911443 
10.500428 
16.030351 
13.338252 
14.742469 
24.951631 
14.064624 
15.205014 
13.340094 
11.818806 
14.981245 
12.539307 
12.744491 
11.711261 
13.117367 
14.240237 
15.255439 
12.199494 
12.026475 
14.252955 
12.282187 
13.442507 
14.180861 
15.136979 
13.410743 
12.206906 
13.382393 
12.001353 
25.842199 
13.141210 
12.232578 
20.099931 
11.556870 
11.671082 
13.153983 
23.834797 
12.542060 
13.849645 
13.581377 
13.230455 
12.537807 
24.756901 
13.958410 
31.645203 
29.026765 
21.227080 
19.318796 
27.528488 
28.635188 
26.845688 
26.223524 
