17.975768 
12.960386 
12.797863 
15.261637 
11.547468 
13.913641 
15.959849 
12.479259 
16.623826 
12.908173 
13.316338 
14.933649 
21.989260 
13.424671 
14.731190 
14.988147 
14.106101 
12.237640 
15.850063 
14.604492 
15.449606 
15.052571 
12.630458 
11.465115 
15.346349 
33.735302 
16.877228 
13.414488 
11.827368 
12.943235 
15.417385 
12.573906 
14.536612 
16.927184 
13.335452 
13.620223 
13.892518 
12.174891 
16.507508 
19.336326 
11.842792 
14.729372 
11.037319 
12.821120 
12.753097 
14.072752 
15.030295 
14.946688 
11.105466 
13.442893 
15.450742 
15.009146 
14.039833 
14.714149 
12.847112 
11.784346 
14.956366 
13.392697 
12.720506 
11.736102 
15.772995 
11.615480 
13.558204 
12.122449 
12.576353 
12.806847 
12.178450 
13.222331 
14.126515 
15.258470 
13.267554 
12.081061 
14.182461 
12.409200 
16.928854 
12.979204 
12.143785 
18.225634 
33.781060 
11.414817 
12.893637 
18.984932 
12.354225 
14.075940 
13.742556 
13.748078 
16.957772 
14.123291 
14.444590 
14.416492 
17.789158 
15.917636 
14.659053 
17.425558 
17.673255 
17.137612 
18.846378 
18.601645 
47.625114 
46.933562 
