14.456116 
12.898939 
13.190770 
15.666865 
14.039832 
14.294198 
12.798635 
16.081278 
13.277845 
13.375775 
15.260530 
19.477665 
13.523465 
15.035549 
15.568360 
14.685646 
11.841530 
14.252604 
14.233534 
15.360723 
12.788563 
11.649081 
15.409003 
16.306554 
15.433308 
11.227382 
13.356582 
15.674119 
12.595136 
27.703577 
12.544795 
14.081703 
13.916730 
14.113327 
12.697038 
14.252238 
17.711719 
12.240725 
14.702803 
10.997499 
13.363493 
13.340337 
12.891555 
14.025644 
13.781291 
11.481352 
13.567446 
16.002865 
11.721480 
14.373101 
15.167033 
11.874179 
11.706450 
32.629367 
13.960260 
12.297680 
11.694934 
13.356996 
13.760515 
12.255505 
13.832372 
13.330138 
12.700413 
13.874338 
20.399761 
13.167846 
13.582587 
12.281260 
13.271265 
12.776460 
16.112164 
13.259405 
12.481425 
18.282857 
13.597966 
11.425558 
12.919065 
15.639779 
17.388483 
16.395478 
12.044292 
11.991018 
15.017904 
12.887065 
12.374843 
16.220171 
14.436598 
12.520375 
14.654699 
25.461441 
15.371791 
15.184493 
30.276971 
18.144008 
20.577241 
11.905862 
37.884776 
35.489451 
39.001752 
39.184666 
