15.144899 
12.390797 
11.278772 
19.176356 
13.754792 
16.015412 
14.319436 
13.713412 
26.010896 
13.738544 
15.268669 
18.798278 
13.394229 
14.798469 
16.118891 
26.019503 
12.299554 
14.473748 
14.283354 
13.685327 
12.899930 
15.024533 
15.683625 
13.661170 
15.151996 
11.245932 
14.073106 
16.146649 
13.381399 
12.475528 
12.518577 
13.043776 
13.008327 
14.302854 
15.287906 
13.936342 
11.377433 
13.216928 
12.901306 
12.821988 
14.208686 
12.840628 
22.766833 
15.633561 
11.374115 
13.964772 
13.125143 
11.704371 
12.144135 
21.330423 
19.277612 
12.212396 
12.039770 
12.638939 
13.474726 
11.336286 
12.899555 
13.128202 
12.889369 
14.425743 
18.258761 
13.252191 
13.122809 
12.792211 
12.591579 
12.078422 
15.989631 
13.352428 
12.850326 
16.451514 
15.409339 
10.705227 
12.991787 
15.514773 
15.274608 
16.301047 
11.699885 
12.057674 
14.580671 
12.845568 
12.169159 
14.066872 
12.771380 
12.011115 
13.987043 
17.448708 
26.160683 
14.191362 
16.507667 
15.836688 
18.376093 
16.463174 
15.161184 
17.632171 
18.345833 
18.251024 
31.554910 
34.317886 
31.011813 
33.549634 
