15.251124 
11.642330 
10.983257 
18.040419 
13.722016 
16.414127 
13.768964 
13.610172 
12.396474 
13.747172 
15.116184 
18.026158 
11.746165 
14.449494 
24.840371 
23.893266 
12.301148 
14.459632 
13.777791 
13.598850 
12.816473 
14.895101 
15.598851 
13.740433 
15.095565 
11.237215 
13.563820 
16.022153 
13.307633 
12.984045 
12.536569 
12.816643 
13.320922 
13.942325 
15.499258 
13.863917 
11.220590 
13.070163 
12.927863 
12.222995 
13.140650 
349.339571 
20.783436 
15.248453 
11.212936 
14.043415 
12.939951 
11.352474 
12.118462 
20.562035 
18.207498 
12.250129 
11.950372 
15.485562 
13.231529 
11.506359 
12.923321 
13.337913 
12.973281 
14.464498 
17.940367 
13.093910 
13.232120 
11.683294 
11.887749 
15.578421 
13.292909 
12.709544 
139.928155 
15.116862 
10.508502 
12.687913 
15.585650 
15.103194 
16.022804 
11.519565 
12.628961 
14.074434 
12.273374 
12.061257 
13.857804 
11.612436 
13.606184 
16.745541 
21.295725 
13.829613 
16.072800 
15.519194 
17.001102 
15.293883 
14.845661 
17.220818 
16.659797 
16.437086 
25.083525 
22.791605 
27.782965 
29.782988 
467.864890 
465.209826 
