14.577188 
11.768459 
11.050277 
17.048578 
15.420469 
16.385386 
13.632569 
13.668226 
12.444066 
13.869612 
15.838778 
18.046779 
11.902341 
14.629740 
23.952207 
22.659735 
12.371938 
14.475771 
13.691818 
13.420509 
12.908481 
15.149800 
18.608363 
14.514880 
15.126123 
11.053290 
13.377084 
11.573076 
13.161550 
12.654313 
12.840263 
13.696701 
13.925576 
15.461879 
13.395109 
12.482781 
12.618580 
12.990026 
12.239410 
13.219957 
12.805523 
19.978949 
15.161398 
11.289564 
14.197909 
12.933896 
11.457560 
13.071919 
16.435839 
17.285866 
13.164260 
11.844452 
15.619252 
13.302258 
11.505086 
43.791747 
13.400100 
12.889962 
14.468883 
17.468111 
12.942011 
13.274239 
11.755572 
13.571227 
15.474099 
13.007587 
12.568142 
14.530325 
16.022048 
10.685159 
13.074173 
13.194743 
14.405336 
15.903882 
11.543888 
12.757652 
14.194164 
12.410371 
12.263921 
39.451837 
11.652928 
13.860241 
14.887639 
20.260691 
13.370740 
14.949866 
15.630841 
18.018553 
12.678615 
15.157184 
18.121768 
15.920601 
15.652433 
23.268758 
20.996414 
25.808031 
27.841742 
13.069045 
62.699703 
63.084334 
