13.809033 
11.692246 
11.163596 
16.959881 
16.637350 
13.521662 
13.739714 
12.745876 
13.958705 
15.064005 
18.133202 
12.055235 
14.490490 
20.128003 
20.616147 
11.885234 
40.766883 
12.778894 
11.970525 
12.769176 
13.556564 
18.086939 
13.765050 
15.823680 
11.622745 
13.532760 
13.952795 
655.466621 
12.286474 
13.031935 
13.715777 
13.921008 
15.779076 
13.713154 
15.233877 
12.056613 
12.551888 
11.984297 
13.197190 
13.035183 
18.099077 
15.640516 
11.900644 
14.357416 
12.171790 
11.498798 
12.061063 
12.881514 
17.869954 
11.823371 
12.745529 
15.646920 
13.648736 
11.729546 
29.412387 
13.599641 
12.980846 
14.101561 
14.372890 
12.937727 
11.880356 
13.131474 
14.925330 
12.580981 
12.378035 
13.974165 
684.648141 
10.645298 
13.053735 
13.089659 
13.881944 
15.169685 
11.520587 
13.197035 
13.979401 
12.423270 
12.567265 
13.247949 
11.457856 
13.458951 
13.359702 
19.295183 
43.242420 
15.557523 
14.156882 
12.239821 
15.193749 
16.072587 
15.507804 
21.352303 
19.084304 
21.791386 
23.727244 
26.158474 
40.875245 
36.353915 
1317.383475 
1320.123680 
63.428745 
63.881608 
