13.292332 
13.100638 
12.421352 
11.356693 
14.729575 
13.166362 
14.147171 
13.348812 
13.230640 
12.857777 
32.440482 
12.717745 
13.694966 
11.087376 
13.489088 
12.867375 
14.920016 
15.363615 
15.516272 
12.854807 
15.020248 
14.833975 
15.006444 
14.883041 
11.576546 
12.582223 
17.591835 
12.239754 
16.194070 
14.776087 
14.347533 
13.329692 
14.893240 
14.397337 
13.952661 
11.417210 
12.802339 
11.374322 
13.614023 
14.922084 
13.599656 
12.110702 
12.274683 
13.681453 
14.648664 
12.878386 
19.086293 
13.067891 
15.360858 
15.488259 
11.984363 
13.458684 
12.061728 
13.756500 
14.272343 
31.372189 
11.758215 
14.406066 
14.317955 
14.890689 
16.683478 
17.575833 
11.666213 
13.813372 
13.077141 
14.142615 
14.277612 
14.108244 
14.626546 
16.163724 
17.642757 
12.572603 
18.598475 
11.278108 
11.949027 
13.960572 
17.556676 
17.167725 
12.654778 
14.376288 
16.269139 
17.286631 
16.567688 
18.693366 
13.194498 
13.119591 
13.539543 
11.545378 
14.668293 
15.643035 
14.730522 
17.086108 
17.191420 
19.313774 
18.072139 
21.077687 
17.247579 
19.380206 
42.579241 
44.663259 
