12.526852 
11.419040 
12.423849 
16.387419 
13.116399 
13.867031 
13.211562 
13.541325 
12.998383 
17.100306 
15.108780 
10.872670 
15.223519 
13.974201 
12.440942 
13.348664 
15.417720 
13.124809 
19.537761 
11.974908 
13.513493 
12.766885 
13.638632 
14.088724 
14.232119 
14.069822 
13.822475 
15.780796 
11.932280 
23.084325 
13.409335 
12.136431 
14.749183 
14.753418 
11.243897 
13.999759 
12.181050 
12.217483 
12.905811 
15.751357 
12.081005 
14.175445 
12.077981 
13.440879 
12.154253 
13.537418 
13.636514 
13.962274 
14.033378 
11.688535 
15.091684 
13.713436 
13.684736 
11.639255 
22.771636 
14.092242 
10.856302 
14.159412 
13.240639 
14.508613 
15.741448 
20.899104 
20.104458 
13.923564 
19.794265 
12.441680 
20.132593 
20.363317 
14.185451 
16.117080 
12.717789 
15.936940 
12.021516 
12.879319 
13.643594 
12.125795 
11.834762 
14.320093 
14.530272 
14.060681 
15.393120 
14.119690 
18.913434 
20.825434 
12.729583 
19.045156 
16.041312 
13.958545 
20.705785 
14.954356 
14.858835 
12.895285 
17.452559 
17.541487 
24.955792 
24.740004 
20.667693 
23.078582 
23.134988 
25.530223 
