13.614463 
11.716004 
15.576618 
15.620079 
12.693451 
15.849043 
11.944086 
14.025141 
13.552176 
16.527901 
13.945239 
11.781858 
15.743255 
15.029241 
13.280780 
15.133174 
14.434782 
16.243412 
13.153609 
14.158570 
14.141775 
14.015156 
12.787995 
13.027205 
14.397205 
14.519040 
12.792639 
16.530903 
11.857456 
14.082506 
13.019308 
11.895055 
14.909940 
13.375932 
13.220519 
13.337838 
14.538012 
12.824604 
14.361846 
11.548314 
13.194962 
13.078394 
13.976440 
14.700510 
14.948987 
12.237664 
14.266575 
12.735144 
14.251633 
11.714632 
16.101701 
13.581182 
11.728737 
14.946487 
13.686565 
14.875325 
16.996931 
14.420668 
15.498967 
16.312319 
15.628266 
12.992202 
16.851334 
14.499001 
13.093760 
15.308474 
13.102935 
17.448280 
12.454279 
13.644251 
14.100855 
13.068610 
12.142566 
14.381174 
12.937763 
12.572402 
13.884704 
13.923319 
13.705221 
13.108452 
15.513286 
16.746367 
17.455658 
11.350453 
15.886260 
12.234241 
14.224869 
13.431298 
12.788780 
12.990346 
13.925635 
14.235719 
12.620173 
14.489954 
13.685401 
15.364975 
18.299071 
14.024207 
15.959209 
18.534345 
