13.165671 
11.555113 
15.573877 
12.904868 
12.643700 
15.927091 
11.885914 
14.338636 
13.376706 
16.455278 
11.528569 
12.085872 
16.224918 
15.108492 
13.444315 
14.313022 
14.419221 
16.156705 
13.315313 
14.143170 
14.036733 
13.626808 
12.782575 
13.143006 
14.580174 
14.851074 
13.590432 
16.600270 
12.513255 
12.583288 
13.016619 
11.905777 
15.010701 
13.453111 
12.921602 
13.604069 
14.478275 
12.862068 
14.665446 
13.438644 
13.261800 
13.016234 
13.896643 
14.878721 
15.102245 
11.337695 
13.395558 
12.444305 
16.537018 
15.967765 
13.141572 
11.524559 
15.706839 
14.025867 
15.152421 
17.206350 
14.695158 
15.048172 
16.432525 
15.054954 
13.163783 
17.048588 
14.134571 
12.743564 
15.320952 
13.340018 
17.225504 
12.658323 
13.894933 
13.779186 
13.160451 
12.137080 
14.330032 
12.859712 
13.202277 
14.241055 
14.288742 
13.768735 
13.199925 
14.410432 
17.073345 
16.976294 
15.537776 
11.815528 
13.673565 
13.522361 
13.165017 
13.097508 
13.857403 
14.316864 
12.036015 
13.639095 
13.358909 
14.896830 
15.607781 
12.909018 
18.766270 
15.358573 
18.194937 
20.119209 
