11.722464 
11.779724 
15.568995 
12.822493 
12.625287 
15.834051 
14.023023 
12.349552 
208.925909 
11.414868 
12.161354 
16.112039 
14.851242 
14.276356 
14.431866 
16.021756 
13.264029 
14.170211 
14.133271 
13.618557 
12.838406 
13.128937 
14.558308 
14.971315 
13.836630 
16.464747 
12.486419 
12.096985 
13.032224 
11.925306 
15.070192 
12.763416 
12.872823 
13.500691 
14.502922 
12.866032 
14.617958 
13.360578 
13.304197 
13.138055 
13.891904 
13.931309 
14.579743 
11.553767 
13.167584 
12.437354 
16.506395 
15.958033 
13.133671 
13.550833 
13.449713 
14.175224 
14.918950 
16.898334 
14.587474 
15.119905 
16.392325 
15.010484 
13.201203 
17.021870 
14.115970 
12.728029 
15.302214 
13.031075 
115.299339 
12.639106 
13.926526 
13.755825 
13.151556 
12.124274 
14.247012 
12.786818 
13.016963 
14.007753 
14.275305 
13.762547 
13.192558 
14.402132 
16.798857 
16.846820 
15.405155 
11.640524 
13.176243 
13.066495 
13.009571 
12.848521 
13.820141 
14.171042 
12.035912 
13.575144 
13.289948 
14.826304 
15.522509 
12.922650 
18.477107 
15.262142 
17.814542 
19.660959 
300.516907 
298.161489 
