12.212615 
11.961088 
15.200399 
12.786091 
12.262124 
15.826007 
14.269125 
12.693643 
15.924295 
11.362203 
12.744133 
15.941477 
14.725496 
26.336221 
14.119836 
15.798842 
13.242780 
13.493331 
13.607147 
13.243357 
11.815596 
12.964153 
14.866228 
15.482329 
14.091457 
16.301141 
12.550849 
12.339918 
12.750541 
12.533922 
12.754057 
13.567685 
13.633274 
15.639403 
12.931566 
13.547012 
15.187761 
14.362897 
13.291037 
14.023627 
14.631268 
11.822906 
13.366117 
11.907806 
16.554553 
15.233773 
12.292313 
13.799750 
13.730434 
14.462109 
15.116216 
16.920848 
14.522983 
14.156469 
16.137094 
15.093193 
23.100858 
16.907959 
13.700594 
12.254975 
14.723480 
13.164744 
14.812447 
12.874160 
14.423823 
12.734654 
13.036927 
11.819686 
13.765863 
12.448223 
13.156035 
14.211991 
14.109394 
13.459574 
12.899795 
12.881734 
16.914548 
15.967958 
15.211706 
11.976967 
13.593177 
13.063443 
27.457429 
12.922355 
13.683419 
14.107397 
12.392363 
14.299055 
13.081753 
14.478374 
13.726036 
24.744675 
16.981122 
15.898001 
17.717268 
11.564136 
32.290994 
27.158317 
34.429272 
33.803559 
