12.133586 
12.237422 
15.152059 
12.974088 
12.160290 
15.746380 
14.232225 
12.588344 
15.939771 
12.315643 
13.136666 
15.680135 
14.690785 
14.194380 
15.737879 
13.739695 
13.497746 
14.069341 
13.123852 
22.168716 
13.319604 
15.081675 
15.776773 
14.102044 
16.244286 
18.066303 
12.188840 
12.712907 
12.632029 
12.807407 
13.512251 
13.680913 
15.795803 
13.042660 
15.479898 
12.439239 
14.008932 
14.616590 
11.714628 
13.196106 
11.677840 
14.347993 
14.469973 
12.089169 
13.777658 
13.650614 
14.444317 
15.076421 
16.821217 
14.433718 
24.050287 
16.013420 
14.941188 
22.180103 
14.903603 
13.556569 
12.135469 
14.625763 
13.108994 
14.950654 
12.863622 
14.476487 
12.560851 
13.316384 
11.800110 
13.798726 
12.438461 
12.636224 
13.525064 
12.991346 
12.954723 
14.169784 
12.853313 
16.676045 
15.944271 
15.176156 
11.816288 
13.482821 
13.059587 
12.422235 
12.735539 
13.600801 
14.056902 
12.218527 
14.077760 
13.007356 
14.407677 
13.818899 
23.348915 
16.991458 
15.798584 
17.562218 
11.725495 
29.672439 
24.553949 
21.732395 
19.440373 
17.360737 
28.201935 
27.123792 
