12.038568 
14.268105 
16.578658 
12.744741 
10.789797 
15.658168 
13.872227 
12.464511 
13.350955 
18.466530 
13.835706 
16.093503 
14.479963 
14.512739 
16.196277 
13.515618 
13.426867 
12.407598 
12.496878 
13.032962 
14.786231 
16.433643 
13.772249 
51.836023 
15.658211 
12.015811 
12.973552 
12.342773 
12.778573 
11.866122 
13.581758 
15.410207 
13.065597 
17.559080 
13.584527 
13.377931 
14.296356 
11.706664 
12.864771 
15.663060 
12.851154 
12.789711 
13.778273 
13.508742 
14.225645 
14.928453 
21.413198 
50.152387 
16.014355 
14.021062 
14.933910 
15.656271 
14.688170 
12.118223 
12.030198 
15.050882 
12.921298 
12.298699 
12.685315 
14.025989 
12.890771 
13.077981 
12.252255 
13.455491 
11.750693 
12.388050 
13.628815 
12.902391 
19.959189 
12.652264 
16.883044 
14.591079 
16.133519 
11.439712 
12.828069 
13.146154 
13.036773 
11.598261 
13.464288 
13.618238 
13.263033 
13.951700 
14.853626 
15.554240 
13.924880 
14.944535 
11.617771 
16.189133 
13.657304 
16.728828 
14.845103 
14.703885 
16.053166 
13.179490 
18.378716 
18.086662 
22.031557 
21.334080 
75.858173 
73.327485 
