14.988186 
16.384364 
12.587239 
10.652405 
15.975425 
14.245909 
11.670286 
13.282342 
14.587752 
16.225791 
14.909853 
14.097407 
16.282933 
13.552145 
13.524138 
12.405646 
13.077011 
20.888065 
14.754768 
15.719105 
13.128136 
17.374926 
23.137036 
12.059070 
11.906835 
13.054085 
10.394107 
13.628603 
12.429914 
11.690326 
14.611858 
12.081097 
14.008377 
14.564409 
12.409563 
12.407409 
20.285426 
13.541681 
13.029343 
12.655931 
13.132927 
14.228702 
15.079103 
18.933461 
22.357149 
15.942325 
22.695512 
14.726475 
15.010531 
11.981366 
12.057306 
14.714988 
13.153649 
13.944896 
12.698972 
14.016063 
13.480004 
12.411810 
11.847483 
13.469129 
11.644105 
12.764334 
12.905076 
12.825345 
17.586698 
12.739559 
17.142739 
14.027775 
16.034831 
10.954935 
13.906686 
13.543746 
13.206523 
11.504741 
13.446638 
13.224347 
13.095284 
13.789953 
14.272597 
14.641051 
12.526352 
13.736904 
11.329069 
14.314042 
12.728807 
15.165228 
21.504396 
13.689618 
15.049302 
12.356486 
13.740261 
17.707730 
17.380458 
16.274882 
22.131839 
24.817979 
23.983037 
24.539637 
24.651283 
25.789431 
