15.176493 
15.018654 
13.644210 
11.476774 
14.306474 
11.913185 
15.205461 
14.161108 
14.056683 
12.773801 
13.216568 
12.932596 
14.298514 
14.343126 
12.883668 
13.267352 
15.831311 
15.151316 
15.317184 
12.953121 
14.874193 
18.530542 
12.343877 
12.319642 
12.948052 
10.777043 
14.190222 
12.490416 
12.064934 
14.625914 
13.198457 
14.269922 
14.329164 
12.419473 
20.801592 
15.383531 
12.157622 
12.760207 
13.169999 
14.094181 
14.844442 
15.912870 
16.880070 
16.421656 
15.616010 
16.445607 
15.327982 
12.608825 
13.369131 
15.134971 
12.966315 
14.128937 
12.732037 
13.923098 
12.392734 
12.715595 
12.648141 
13.328745 
11.699598 
13.092135 
12.763020 
14.147870 
15.081084 
12.693333 
16.091219 
13.770302 
13.851476 
12.243574 
14.647113 
11.694745 
12.191437 
14.410476 
12.525046 
13.729824 
13.421327 
20.376254 
14.265654 
12.296507 
13.555561 
11.028756 
14.412284 
13.213008 
15.369808 
16.333029 
13.553776 
18.243857 
13.584754 
16.601980 
13.275393 
13.818726 
21.397594 
14.301849 
15.202936 
15.070436 
15.405188 
16.685093 
19.650483 
19.994596 
23.126535 
22.377710 
