12.874810 
12.995358 
11.122659 
14.718971 
13.267323 
14.123626 
13.384681 
13.029002 
12.807887 
25.100026 
12.695684 
13.571281 
44.086701 
12.119991 
12.044475 
14.868452 
15.014172 
15.436596 
12.764478 
56.135852 
14.987521 
15.118218 
14.420540 
11.568345 
12.570575 
17.810867 
12.485733 
15.337810 
12.582945 
14.595040 
13.087156 
14.190255 
14.268266 
13.798526 
11.397743 
12.838839 
11.423769 
13.654406 
15.294683 
13.499977 
12.059896 
12.287625 
13.722504 
14.427697 
12.426504 
18.424976 
13.208690 
15.415724 
13.246368 
13.989764 
13.540566 
11.962507 
13.740525 
13.988529 
25.201133 
11.949013 
14.294036 
13.773648 
14.514375 
16.414841 
17.253351 
11.562541 
13.418120 
13.049465 
13.973129 
44.660702 
12.348388 
14.152930 
14.325641 
16.843644 
11.473099 
16.842293 
12.188066 
14.474970 
16.512488 
16.368951 
12.837264 
15.743054 
16.638734 
16.670871 
12.365814 
12.691356 
13.029099 
12.078114 
43.971728 
14.991922 
14.905813 
14.576820 
14.951319 
17.064317 
15.383961 
17.916816 
15.772121 
17.861866 
29.392875 
31.397549 
69.180754 
68.680341 
81.264931 
78.888244 
