15.130226 
12.938085 
13.792620 
12.398540 
14.247620 
11.889394 
22.964790 
13.943957 
11.916292 
13.097949 
13.122968 
12.941179 
12.440426 
14.865513 
13.325642 
13.147570 
14.960122 
15.577461 
15.097618 
12.860267 
14.378626 
17.565984 
12.241632 
12.404729 
12.940819 
10.857483 
16.611676 
12.537421 
12.134975 
14.877090 
12.858401 
14.322928 
14.321906 
12.348804 
17.997234 
14.313638 
13.161535 
12.736604 
13.116114 
13.949215 
14.549486 
15.702507 
16.629565 
16.889798 
15.082096 
16.688307 
15.601883 
11.505141 
15.074852 
12.936466 
14.144363 
12.370750 
13.816352 
12.240364 
13.513639 
12.317505 
13.499008 
12.380727 
13.140215 
12.691303 
14.018577 
15.275687 
12.993727 
16.306431 
13.653272 
14.470254 
12.653685 
14.737768 
11.633614 
12.448849 
14.641520 
13.860305 
12.279179 
13.314233 
18.523378 
14.146807 
13.502051 
10.997999 
14.563403 
13.676986 
15.649174 
15.171960 
13.517895 
16.022821 
13.776332 
16.724570 
20.942288 
17.367573 
13.735273 
15.421382 
13.009269 
13.781902 
14.820228 
15.803831 
16.022812 
17.189644 
16.309430 
12.159298 
22.487877 
22.635705 
