12.170920 
12.995947 
26.023756 
12.433691 
13.598608 
12.108525 
20.448917 
12.789497 
12.106620 
12.681875 
12.473756 
12.350900 
12.225427 
12.943669 
14.505996 
15.693814 
25.055338 
12.388305 
14.645443 
12.825990 
11.200298 
12.306475 
15.936485 
16.130956 
11.137326 
13.515833 
15.117625 
13.309631 
13.728329 
13.882137 
12.649532 
17.454631 
13.040757 
12.086878 
12.819973 
13.121986 
13.876649 
15.512763 
16.607307 
13.603796 
14.575995 
15.993162 
15.488986 
11.186503 
14.888752 
12.493723 
11.408292 
14.603450 
12.177212 
13.759292 
13.116982 
14.850933 
11.779129 
13.401338 
13.460260 
13.800060 
12.895737 
13.135024 
16.029367 
26.278713 
12.902710 
12.866581 
24.057601 
13.903322 
13.451867 
13.608940 
11.950380 
12.422421 
16.526930 
12.686442 
12.541281 
11.352671 
13.132102 
12.294034 
15.866054 
14.641640 
13.720717 
14.529457 
15.514507 
16.244256 
18.326471 
16.180622 
24.161823 
14.977800 
14.918566 
24.862840 
14.324229 
14.992278 
13.341374 
15.642507 
14.717663 
12.134687 
18.367912 
18.577361 
31.119640 
31.385115 
29.702704 
30.955696 
30.995690 
31.535568 
