12.657015 
13.126532 
13.797049 
11.045842 
11.948166 
12.127291 
14.820824 
34.119771 
11.493016 
13.517757 
13.070994 
12.016074 
13.597495 
13.182602 
14.360234 
104.501845 
16.922894 
12.666330 
14.076966 
12.556234 
11.085204 
12.095341 
13.715594 
15.872295 
10.944972 
12.960198 
12.530744 
13.663261 
12.106267 
12.688352 
15.458130 
14.222996 
12.599229 
13.520033 
13.604049 
145.746747 
13.767856 
12.960917 
13.643844 
14.352649 
12.024108 
12.361659 
15.212822 
32.034677 
12.657903 
13.113942 
14.791152 
13.898885 
12.546448 
12.980430 
13.888991 
13.929141 
12.873298 
13.343686 
15.139076 
15.500671 
13.485316 
11.972538 
20.797948 
13.060753 
12.415239 
14.900504 
12.964185 
13.572131 
15.274857 
13.126254 
10.534706 
16.957026 
15.284868 
13.952332 
13.166201 
14.747665 
15.121068 
16.345580 
14.385178 
19.933494 
14.782666 
14.820395 
16.325504 
14.232230 
13.372934 
12.803259 
12.772849 
21.758427 
14.416619 
14.866021 
15.331209 
14.724431 
15.116315 
13.349562 
15.589372 
15.769432 
14.643541 
15.771048 
27.411444 
25.718842 
40.109141 
40.642287 
228.468752 
226.384127 
