12.979723 
13.049481 
11.352385 
14.524386 
13.017966 
13.999993 
13.510122 
13.014015 
12.893791 
24.399540 
13.625228 
36.618452 
12.095265 
12.076904 
12.984096 
15.082860 
15.439260 
31.181202 
14.370322 
48.319187 
15.111829 
14.559859 
11.587660 
12.780655 
17.393585 
12.221723 
15.320702 
12.621332 
14.590630 
13.113663 
14.259819 
14.463721 
14.212575 
11.457308 
12.871432 
10.907494 
13.688402 
15.346895 
13.576715 
12.127379 
12.482376 
13.669581 
14.349627 
12.314406 
18.788083 
11.969458 
14.818422 
13.180474 
13.996678 
13.568304 
12.113461 
13.299849 
13.534841 
24.099154 
11.935507 
13.420661 
13.773684 
14.617700 
14.494204 
11.080948 
13.195062 
13.263485 
13.332939 
13.923735 
12.449777 
14.202141 
14.275200 
16.778901 
11.408454 
16.588161 
12.283428 
14.679396 
16.223133 
16.663865 
12.890171 
29.101521 
16.235160 
16.476095 
12.317837 
13.604204 
13.190183 
12.040341 
13.665671 
27.902862 
14.781714 
14.451070 
14.774458 
16.940568 
15.069373 
17.567339 
16.837597 
38.709002 
27.825729 
29.762811 
34.838065 
36.050875 
63.906138 
65.922822 
45.549576 
44.731459 
