22.933430 
13.166186 
14.067889 
11.091314 
11.980380 
12.201624 
14.752774 
25.594340 
11.736645 
13.731154 
13.258686 
12.028430 
13.821677 
13.320522 
14.355798 
15.326069 
16.423202 
12.726255 
14.313347 
12.681617 
11.201119 
23.746581 
13.927080 
15.788845 
11.108308 
13.083109 
12.658010 
13.701139 
12.470165 
12.731824 
15.625805 
14.286979 
12.618827 
13.543261 
13.625511 
13.217881 
13.953255 
13.166047 
13.680206 
14.641144 
12.096967 
12.445733 
15.436333 
23.830938 
12.740392 
13.169350 
14.894256 
13.950401 
12.485515 
13.327302 
14.154310 
13.917109 
12.834109 
13.464542 
15.490855 
14.742497 
13.572562 
12.085525 
17.929705 
13.127531 
12.456658 
15.071842 
12.922238 
13.838764 
14.825309 
13.534278 
16.475803 
15.743217 
14.175448 
13.691979 
14.130558 
14.948340 
16.407553 
14.280177 
19.196315 
14.667382 
14.729199 
15.530126 
14.678461 
13.547884 
12.898045 
12.833352 
18.367765 
14.241940 
13.665567 
14.175015 
13.500105 
13.881377 
13.638583 
14.268552 
14.545509 
13.696599 
14.782888 
21.529592 
19.851530 
23.824597 
24.583937 
11.140210 
26.225433 
28.243359 
