18.070972 
13.476091 
14.192361 
11.247862 
11.983389 
12.308061 
14.850608 
16.323610 
11.754236 
13.966677 
13.531115 
12.749796 
13.999143 
13.571277 
14.770727 
13.747838 
16.079377 
14.000796 
14.421209 
12.808979 
11.176864 
18.061692 
14.870500 
15.549869 
12.709888 
12.928835 
12.532240 
13.898804 
12.837744 
13.054750 
15.779522 
14.518168 
12.695885 
13.682814 
13.442955 
12.606840 
14.222946 
13.515343 
13.894429 
14.280186 
12.243264 
12.441673 
15.480082 
12.873499 
13.750281 
13.955272 
12.425295 
13.427041 
14.407623 
14.161229 
12.959573 
13.476437 
15.424672 
14.322075 
14.001327 
18.481643 
15.849421 
13.473085 
15.351381 
12.942398 
14.015651 
13.875955 
14.232940 
15.646804 
15.671610 
14.203092 
13.803147 
13.157767 
14.995118 
16.663416 
14.628970 
19.087715 
14.966023 
14.888643 
15.250176 
14.868073 
20.109634 
13.141593 
13.000337 
15.841814 
14.372458 
13.313205 
13.787725 
12.944643 
13.347591 
13.727741 
12.873121 
12.973520 
12.435673 
13.173137 
17.220836 
15.664488 
14.721149 
14.161579 
12.381924 
15.517469 
17.175711 
15.027126 
19.378357 
18.825534 
