13.822244 
14.181008 
14.179813 
11.503196 
12.297275 
12.903329 
24.176955 
16.514149 
11.345054 
14.025881 
13.647221 
15.813322 
13.877849 
13.573074 
12.943684 
12.603272 
16.220161 
13.492080 
13.707062 
12.823857 
11.183782 
15.281671 
13.462741 
13.077038 
12.383310 
12.726086 
12.610135 
14.061992 
13.241108 
13.189069 
15.753122 
14.827287 
13.186171 
13.818267 
13.689799 
13.007079 
14.366947 
13.553201 
13.891796 
14.126547 
12.326339 
12.525089 
15.689260 
12.963137 
13.306367 
14.539356 
12.412046 
13.417592 
14.429301 
14.759908 
13.011288 
13.465865 
15.542860 
14.318222 
14.054841 
16.082574 
14.912001 
13.453765 
15.483919 
12.979781 
14.041950 
13.781615 
13.540342 
15.642202 
15.216494 
13.878979 
13.733790 
13.417848 
14.988618 
16.738816 
14.665666 
19.136823 
15.051708 
15.217613 
14.788933 
17.441270 
13.180957 
13.056434 
14.753477 
14.290233 
13.352623 
13.791416 
12.982971 
13.381038 
13.705647 
12.956020 
13.018846 
12.245398 
13.112709 
15.494840 
14.093665 
13.903970 
13.357997 
12.740604 
22.875328 
14.991590 
14.497768 
16.678988 
26.843727 
24.427360 
