15.943412 
14.252595 
13.661055 
12.245580 
12.917548 
17.337248 
16.167627 
11.209724 
12.927674 
15.623216 
13.022798 
14.171963 
12.793997 
12.563817 
16.037331 
13.152142 
13.388549 
12.516263 
11.431955 
23.057100 
13.941612 
13.057724 
12.335649 
12.782962 
13.132997 
13.195557 
12.928450 
13.093611 
15.063451 
14.317922 
14.073123 
33.370928 
13.762510 
36.693585 
13.818219 
14.133609 
12.935555 
13.921073 
12.965959 
15.978697 
14.518312 
13.207161 
14.574724 
13.136471 
13.005278 
14.211699 
14.335440 
12.538483 
13.398189 
15.286780 
14.709115 
12.948520 
14.956307 
14.261521 
13.505593 
14.178952 
13.791210 
14.364172 
14.076265 
13.187481 
15.375336 
14.772456 
13.498594 
13.310101 
11.133968 
14.556818 
16.072349 
14.422809 
18.357542 
14.700532 
14.806882 
14.437993 
12.403408 
12.433565 
14.157612 
14.690773 
13.025829 
13.597672 
12.885995 
13.472247 
13.250349 
12.846273 
12.901926 
15.202847 
12.498094 
14.656779 
22.539619 
13.371126 
12.935490 
12.801995 
16.508149 
15.360498 
13.725821 
13.050096 
15.216553 
15.641224 
50.656026 
48.060623 
28.037922 
26.056693 
