13.023936 
13.565949 
13.111973 
11.577174 
12.725021 
15.522540 
16.871821 
12.901531 
13.748457 
12.832078 
13.749359 
12.595865 
12.989657 
16.587035 
14.099863 
12.452728 
12.454006 
12.053685 
15.346887 
12.960581 
15.684118 
13.314269 
12.411707 
21.137173 
15.390769 
14.571434 
13.862224 
17.526095 
21.690991 
15.798217 
13.689385 
11.817950 
14.070956 
12.547098 
12.328275 
16.613252 
14.812532 
13.353066 
13.191475 
12.847544 
13.427982 
21.211031 
13.238846 
12.799697 
13.168107 
22.820184 
11.946104 
12.998682 
13.913021 
12.667527 
13.001233 
13.221989 
14.718917 
14.121798 
14.280143 
16.116905 
12.906801 
15.130533 
12.170406 
13.742589 
13.885959 
15.630169 
13.712228 
16.317673 
13.143466 
11.729051 
12.126774 
13.818718 
13.728741 
13.118065 
13.737066 
12.828047 
12.260731 
12.939638 
22.009700 
13.446645 
14.619313 
12.151602 
14.078153 
15.728288 
14.176444 
13.968978 
13.752129 
14.374565 
11.633551 
12.945858 
12.094851 
14.187567 
14.819658 
15.058377 
15.322745 
14.494002 
13.653377 
24.691578 
22.634872 
28.628417 
19.980628 
20.013336 
24.270508 
24.497222 
