12.741417 
13.448222 
13.114675 
11.931351 
12.750382 
15.463776 
16.953336 
12.733799 
13.892769 
12.886097 
13.824713 
11.887139 
11.523643 
16.364123 
13.966943 
19.286150 
12.457743 
13.170061 
15.044877 
12.821297 
16.410991 
14.525956 
18.421094 
15.460315 
14.579577 
13.900369 
17.324092 
19.882336 
15.680948 
13.658073 
11.928238 
14.098149 
11.045702 
12.126255 
16.682472 
15.056742 
14.299287 
13.007020 
12.807448 
13.450788 
19.144321 
12.816433 
12.620115 
13.230680 
20.245307 
11.902663 
12.905616 
13.836114 
12.670864 
13.237613 
13.532190 
14.941849 
14.219255 
14.226016 
16.545646 
12.743663 
15.300720 
11.606219 
13.984734 
13.879211 
15.651415 
13.267455 
13.213386 
11.719239 
12.122636 
13.793562 
13.729802 
13.001163 
20.092151 
12.938864 
12.317765 
12.935870 
19.396525 
13.255259 
14.595670 
12.388774 
14.030606 
15.441090 
14.026970 
13.525299 
13.652792 
12.583828 
11.548844 
12.784263 
11.959233 
14.084221 
14.701412 
14.953743 
14.852762 
14.153699 
13.804602 
21.923210 
17.625492 
23.228029 
16.540493 
16.546315 
19.217656 
19.376933 
21.035437 
23.280402 
