12.604955 
13.597050 
11.894732 
15.218205 
16.239100 
12.749244 
14.196231 
12.795325 
12.467945 
12.146298 
11.834056 
16.643820 
13.877307 
17.493631 
12.546548 
12.564069 
14.872419 
20.688913 
16.922120 
12.121554 
13.647582 
15.454345 
14.770185 
14.039730 
17.222274 
18.661211 
14.851103 
21.265572 
13.845648 
14.679366 
11.897456 
11.906866 
16.655623 
14.678849 
12.802525 
12.575547 
22.010060 
17.983462 
13.265961 
12.978747 
14.421710 
18.886554 
12.199158 
13.203797 
13.860706 
13.276911 
12.847477 
13.392437 
15.186452 
14.050219 
14.113186 
12.709377 
15.420347 
11.381030 
13.651363 
13.602098 
15.612447 
13.454950 
13.113798 
11.966410 
12.449369 
13.559408 
13.440739 
12.799717 
17.992748 
12.426947 
12.028627 
13.192637 
12.598553 
14.053810 
14.352903 
11.691029 
13.850083 
15.272834 
11.513823 
14.818986 
13.313223 
12.513322 
11.748214 
12.680043 
11.809468 
13.926145 
14.578700 
14.433938 
14.664943 
14.032973 
13.538952 
20.315900 
15.051273 
20.128650 
22.934833 
14.525321 
14.761078 
13.597192 
17.312859 
19.399808 
23.078973 
22.736149 
23.337061 
22.667064 
