12.595081 
13.255280 
12.627848 
14.312201 
15.701464 
15.423442 
14.074376 
13.039176 
12.719970 
11.983809 
12.102201 
14.129098 
14.290198 
16.196045 
12.617741 
12.629085 
14.377798 
16.806010 
14.667707 
22.451705 
12.779634 
15.400162 
15.064812 
14.284393 
17.017025 
17.575488 
14.402098 
17.981217 
14.520417 
15.147569 
16.215478 
14.187020 
13.021678 
12.683926 
17.546662 
16.234575 
12.926760 
13.181296 
14.591909 
14.768286 
12.547753 
13.417468 
14.252738 
13.668619 
13.812507 
12.936224 
14.237516 
14.376270 
28.784492 
12.635855 
15.315594 
15.813878 
13.065640 
13.654098 
15.932620 
13.175691 
12.003623 
12.223546 
12.824759 
13.415777 
13.501929 
16.809746 
12.915674 
12.408818 
13.369118 
12.257185 
14.294756 
15.236721 
13.893614 
15.115614 
11.994070 
15.180120 
13.271465 
13.886398 
11.890691 
12.251525 
10.751136 
13.161465 
14.265973 
13.866726 
14.184905 
13.752655 
14.538118 
17.744676 
13.195160 
15.999159 
17.173460 
13.163150 
13.735202 
12.666881 
14.680570 
14.436726 
15.563069 
15.478579 
16.329953 
15.657089 
17.302564 
17.138798 
26.164137 
26.185426 
