12.520623 
13.308246 
12.773432 
14.475515 
15.702401 
15.251913 
13.984599 
12.911362 
12.528898 
11.942404 
12.032382 
14.143644 
14.319125 
15.722428 
13.110739 
12.725983 
14.731654 
14.510894 
19.983777 
12.623408 
15.273883 
12.492847 
14.386575 
27.046053 
17.345866 
14.202030 
16.394062 
14.627672 
14.504691 
16.123276 
14.182412 
13.057700 
12.843309 
16.544756 
16.056345 
12.878295 
13.184518 
14.478781 
14.587617 
11.721366 
13.839254 
14.049493 
13.583625 
14.068806 
13.126409 
13.965470 
14.316054 
25.613886 
12.466527 
15.339367 
15.006278 
13.146931 
13.951295 
13.361250 
13.075389 
11.996167 
12.581741 
13.573751 
13.745735 
16.335829 
13.328858 
12.796584 
13.120212 
12.167516 
14.246701 
15.251548 
13.664731 
15.040792 
11.974015 
15.151333 
13.145544 
13.994502 
11.724201 
23.011929 
10.766805 
13.350969 
14.109333 
13.602654 
14.330015 
13.801128 
14.829490 
17.525453 
13.052020 
15.834384 
16.544408 
12.921922 
13.545071 
12.447341 
13.896986 
13.675919 
14.831400 
14.873427 
13.766642 
13.801642 
15.806482 
15.696663 
21.519409 
21.454191 
30.972162 
27.379355 
