13.134134 
13.141984 
11.346107 
12.259144 
13.001572 
14.294052 
13.671542 
13.141112 
13.016440 
11.090487 
14.023504 
23.769911 
11.666165 
12.183438 
13.093385 
15.593303 
24.613182 
25.847055 
14.458826 
15.048610 
14.526823 
11.715992 
12.838924 
17.314696 
11.423346 
23.978210 
12.876897 
12.259568 
13.280743 
14.446456 
14.635570 
14.361359 
11.533100 
13.029519 
12.090430 
13.731478 
15.466220 
13.706143 
12.228702 
12.723481 
13.755508 
13.486024 
11.527744 
18.700099 
12.195035 
14.815460 
13.011086 
14.319338 
13.575152 
12.275990 
13.472515 
13.259830 
11.902187 
13.056993 
13.857005 
14.768526 
12.269441 
12.331583 
12.526497 
13.489955 
13.519113 
13.882787 
12.631834 
14.458216 
23.791178 
11.632322 
16.326421 
12.639389 
14.922271 
15.633017 
16.674836 
12.893888 
24.098189 
15.369601 
15.986854 
23.874393 
13.731026 
13.168429 
12.264727 
12.082070 
22.692488 
14.371001 
24.749834 
14.104757 
16.230657 
14.322567 
16.633955 
16.882106 
31.254816 
12.984383 
26.002479 
26.485116 
33.344066 
30.814214 
31.613857 
30.787692 
30.814695 
30.621178 
25.206935 
27.977553 
