13.004980 
12.935606 
16.341276 
13.036212 
12.892046 
13.941583 
12.037363 
11.733789 
10.803729 
14.729509 
14.293664 
14.561568 
13.281557 
14.901947 
12.808680 
15.528161 
14.494594 
14.650844 
18.160421 
16.699441 
14.044400 
15.798376 
14.847340 
14.809201 
13.743154 
13.867301 
11.750228 
12.039123 
16.829201 
11.770778 
17.387183 
13.946792 
11.940162 
13.591793 
13.640076 
14.179252 
11.412366 
12.086765 
15.110645 
14.698777 
17.183150 
13.330750 
13.964970 
12.884373 
12.985957 
14.184762 
14.040601 
12.865628 
28.156383 
15.759694 
16.514725 
13.379725 
15.321415 
16.720241 
14.403075 
15.301734 
12.629638 
14.343150 
14.825358 
12.574116 
11.748564 
11.918067 
14.867694 
11.730646 
12.938023 
13.301249 
12.898045 
12.891883 
14.473990 
13.437497 
14.359584 
15.364455 
14.372375 
17.000826 
13.468629 
14.111615 
12.530402 
13.234705 
12.814809 
11.256676 
25.186481 
14.191247 
12.712679 
13.660917 
12.799117 
13.108032 
11.971419 
13.743710 
11.624425 
13.498985 
13.621545 
22.863645 
13.436378 
14.446880 
14.952780 
28.483583 
27.303702 
24.643554 
36.080302 
33.242450 
