12.167516 
12.644816 
16.014435 
13.732980 
11.348105 
14.083202 
12.102406 
11.718287 
18.295063 
13.516582 
14.886583 
13.200455 
14.597140 
12.641895 
15.034912 
47.172244 
14.315201 
18.073709 
14.827714 
15.847828 
14.788123 
14.884870 
13.504842 
11.121914 
11.867909 
12.094890 
16.605908 
10.962124 
14.621678 
14.003971 
11.455326 
13.997889 
14.185933 
14.488293 
11.284268 
12.145895 
15.227171 
14.812846 
17.365044 
12.528361 
13.405056 
13.008772 
13.014006 
14.327306 
13.256617 
13.025536 
16.012256 
16.098993 
13.327516 
22.097892 
16.854131 
14.662554 
15.400196 
12.383490 
13.918512 
12.752849 
11.883748 
11.880004 
12.241010 
14.993401 
11.828931 
12.967313 
12.918437 
12.727078 
12.875862 
27.929933 
13.265395 
13.699074 
12.808183 
13.823612 
15.956259 
13.653310 
14.142527 
12.539437 
12.749466 
12.701053 
14.953534 
15.699285 
14.205675 
12.121893 
13.805129 
12.881250 
13.200097 
12.272706 
13.756832 
11.597391 
13.574027 
13.695923 
16.766915 
13.024600 
13.842883 
14.494603 
14.240776 
37.126736 
18.669980 
35.639068 
60.533858 
63.455091 
41.606530 
35.651827 
