12.548851 
16.994736 
16.116516 
13.838187 
11.567474 
14.254665 
12.200674 
11.868107 
18.554823 
13.539071 
19.835556 
12.050193 
14.699358 
12.679651 
14.958682 
15.373318 
14.056303 
15.708778 
14.972949 
15.918414 
14.666266 
14.931378 
13.355079 
11.628901 
12.498922 
12.674787 
16.631446 
11.111824 
14.738777 
14.094771 
11.512223 
14.004014 
14.096133 
14.675809 
10.812985 
12.719967 
15.320768 
14.970473 
17.494763 
12.502821 
13.397009 
13.219440 
13.078248 
14.607967 
13.332183 
13.090534 
14.309513 
16.170516 
13.123291 
15.964128 
17.005435 
15.147576 
15.513451 
12.504096 
14.082907 
12.888666 
12.042002 
12.567192 
12.990849 
12.452037 
12.358064 
13.142689 
12.996957 
12.922897 
17.858936 
15.947187 
13.959715 
12.971398 
13.983498 
15.593842 
13.617508 
14.214510 
12.542554 
12.809498 
12.769600 
14.508956 
15.766135 
20.679509 
12.034606 
13.980148 
12.936632 
13.222619 
12.339832 
14.304291 
13.652043 
13.811936 
17.275135 
13.081864 
13.951765 
14.567217 
14.114929 
19.824146 
13.840432 
18.837428 
20.391079 
17.862274 
19.185153 
17.003820 
15.747678 
15.746504 
