21.716063 
16.190583 
13.788421 
11.564502 
14.620638 
11.956848 
11.763422 
18.703458 
13.498550 
19.590378 
11.938179 
14.804481 
12.701997 
14.814775 
15.225586 
14.169013 
16.162896 
15.176373 
15.442856 
14.522585 
14.297585 
13.303350 
11.631200 
12.527512 
12.119602 
16.746130 
10.996528 
14.699346 
14.235131 
11.480188 
12.960010 
13.081294 
13.661945 
10.820685 
12.698332 
15.465887 
15.308207 
17.868862 
12.416246 
13.313851 
13.697418 
13.119739 
13.882288 
13.358182 
12.563251 
13.911828 
16.210814 
12.662132 
15.314696 
17.171887 
13.340525 
15.318212 
12.364163 
14.196481 
13.007775 
12.096931 
12.640196 
12.386466 
13.325811 
13.285658 
13.134703 
12.028760 
17.012661 
24.537639 
14.055638 
12.980232 
14.021863 
15.633534 
13.741129 
14.278413 
12.646582 
12.805603 
12.775952 
14.780662 
15.713550 
19.888055 
11.898501 
14.641373 
13.238786 
13.412040 
12.495521 
12.774119 
13.717302 
13.990263 
17.742024 
13.138019 
14.026160 
14.409458 
13.640499 
19.213838 
13.245308 
17.785315 
18.792440 
16.670474 
17.551557 
15.900654 
14.907436 
14.831399 
28.578053 
24.363644 
