21.143825 
16.201906 
13.786759 
11.567666 
14.865289 
12.091213 
11.757806 
18.718841 
13.496423 
19.550824 
11.871022 
14.818347 
12.701029 
14.812455 
27.567646 
13.978519 
16.134540 
15.181854 
15.051497 
14.424805 
14.492053 
13.304017 
11.637359 
12.374077 
11.626249 
16.759453 
10.989922 
14.693294 
14.258755 
11.480308 
13.263383 
26.078620 
10.609359 
12.306123 
15.477437 
15.340177 
17.889983 
12.414226 
13.310224 
13.709290 
13.121015 
13.809832 
13.364178 
12.707352 
12.338797 
16.214445 
12.803680 
12.436044 
17.192859 
13.532467 
14.288976 
12.208545 
14.214907 
13.025029 
12.106153 
12.865388 
12.287587 
13.249661 
13.291440 
13.140230 
12.098400 
17.010005 
23.029469 
14.064829 
12.984174 
14.026026 
15.626745 
13.750264 
14.286177 
12.628834 
12.806087 
12.774793 
14.771626 
15.899731 
20.068198 
11.903283 
14.670640 
13.246353 
13.426515 
12.511837 
12.805398 
13.728177 
14.005249 
17.809345 
13.147884 
14.039665 
14.083805 
12.992069 
19.161262 
17.602168 
18.990072 
16.602783 
14.616802 
15.280260 
14.544981 
14.530398 
27.658037 
23.704917 
30.680523 
31.043213 
