12.932959 
13.041271 
11.216138 
12.409451 
13.083298 
13.872815 
13.447070 
16.890472 
12.750318 
11.379898 
13.914126 
78.088620 
11.425023 
12.260368 
13.089755 
14.841026 
23.590478 
13.176720 
73.579935 
15.074286 
14.358614 
11.635312 
12.851243 
17.547149 
11.736804 
21.879668 
13.019508 
12.458528 
11.847243 
14.951510 
12.723146 
14.219412 
11.400576 
13.120999 
12.578262 
13.457002 
15.926806 
13.507481 
11.907822 
13.113796 
13.867432 
12.518900 
13.975528 
18.699827 
12.367573 
14.931677 
13.221911 
14.339007 
13.450998 
12.136914 
13.626630 
13.534614 
12.088010 
12.966863 
14.579419 
12.227732 
12.150327 
12.212842 
13.508033 
13.606266 
13.909883 
12.510467 
14.294561 
21.626659 
11.529586 
15.560915 
12.540831 
14.725821 
15.428985 
16.416167 
12.884853 
23.431231 
15.635946 
15.044566 
11.759460 
13.737504 
13.131117 
12.443909 
12.292974 
21.951421 
13.275698 
20.083804 
13.697415 
15.789564 
13.260277 
22.173916 
16.492474 
29.943330 
13.788268 
24.547743 
25.084433 
12.107424 
30.173395 
29.641374 
23.594332 
19.497688 
21.826613 
24.542099 
128.216067 
130.953174 
