16.590025 
14.885084 
12.068520 
14.388008 
12.566501 
11.467044 
17.235337 
10.987906 
12.188594 
12.096720 
12.286965 
14.970083 
19.454131 
13.966201 
15.427007 
15.122973 
14.816057 
14.612150 
15.048024 
12.912501 
13.873277 
13.033367 
12.451304 
17.854108 
15.861259 
13.739443 
13.951553 
12.215577 
13.307146 
17.751564 
10.720918 
13.141798 
15.052052 
14.577087 
16.197939 
12.942791 
12.394716 
12.647126 
12.020402 
13.728335 
12.614857 
12.935814 
13.345612 
13.759568 
13.200896 
12.788549 
16.773958 
13.992440 
14.501083 
12.352577 
14.995265 
12.931418 
11.632711 
11.900625 
12.481029 
12.552608 
13.222124 
16.685976 
20.003367 
17.091446 
11.824043 
14.015126 
15.589938 
14.336489 
13.804926 
12.398879 
12.782715 
13.717469 
13.923793 
15.003072 
14.649364 
13.127567 
19.325889 
12.896689 
11.357854 
12.106563 
13.514088 
13.567400 
14.746677 
14.040157 
14.832197 
13.725250 
12.884610 
16.027354 
17.700416 
14.550417 
14.255095 
14.271614 
14.433396 
37.014734 
19.344329 
16.867688 
17.335325 
17.029526 
31.963740 
22.497264 
39.244344 
42.369179 
21.876278 
24.108039 
