26.820161 
15.360503 
12.163145 
14.301820 
12.601376 
11.701280 
16.860165 
11.303326 
12.648534 
12.055633 
12.115990 
13.826785 
17.774954 
14.452184 
14.730510 
14.633889 
14.649621 
14.817560 
15.451120 
17.017766 
14.410243 
13.656386 
13.735760 
17.866852 
13.374207 
13.721428 
13.997600 
12.858777 
14.038509 
15.884708 
11.184868 
13.062506 
15.109516 
14.619033 
16.194325 
13.710144 
12.649485 
13.198961 
11.962407 
13.593811 
12.542074 
13.200125 
12.934049 
13.827458 
13.125980 
12.290857 
16.664421 
14.516560 
14.165137 
12.557408 
15.042437 
12.901900 
12.299764 
13.015502 
11.571581 
11.998928 
12.289411 
18.096157 
16.739203 
11.984254 
13.718213 
15.376183 
14.095216 
13.792568 
12.483841 
12.896741 
13.417674 
13.913329 
14.839620 
14.744440 
13.215739 
15.701873 
12.897058 
11.303588 
12.353693 
13.489493 
13.590735 
14.688516 
23.353585 
14.157612 
12.556154 
15.587616 
15.861571 
14.264186 
13.946238 
13.906885 
12.383580 
21.094012 
16.151788 
13.706359 
13.894584 
13.556340 
17.853954 
16.659568 
17.008453 
18.178128 
15.252602 
17.279737 
27.529084 
25.144176 
