12.568833 
15.758220 
12.659379 
13.526268 
11.243947 
12.103450 
16.688512 
11.310941 
12.591821 
12.758431 
12.861706 
14.122961 
18.332574 
15.777054 
14.503703 
14.016319 
12.506786 
15.032073 
12.462874 
17.304687 
15.568427 
14.243304 
14.145494 
20.103322 
12.849267 
14.274520 
17.764477 
13.136834 
14.973948 
13.448808 
11.647778 
13.430511 
12.609955 
15.798519 
13.851447 
17.312010 
13.873755 
13.261108 
14.815814 
13.696235 
12.985449 
11.767895 
13.560098 
14.516802 
14.381555 
12.735128 
14.288568 
11.649414 
12.633190 
13.025297 
11.665400 
11.844117 
20.823534 
25.625680 
17.704767 
12.389767 
14.074820 
14.253713 
12.919959 
13.865782 
11.107239 
13.188583 
17.171801 
15.650632 
14.765008 
13.630782 
14.214147 
12.891456 
13.521888 
12.783576 
14.175051 
12.859890 
14.270627 
12.692237 
14.471010 
12.298649 
15.572530 
16.083620 
14.086708 
13.013217 
14.185129 
12.688041 
17.602421 
15.141136 
12.811031 
12.666971 
11.586184 
14.845448 
15.217475 
13.600492 
13.850171 
12.867887 
14.976071 
15.733573 
16.008406 
14.640573 
15.688516 
15.825941 
23.427749 
23.204650 
