12.667595 
15.828296 
12.947801 
13.832978 
11.274208 
12.391180 
16.111458 
11.311157 
12.385906 
12.474366 
12.892918 
14.080796 
18.295705 
15.817930 
14.164717 
13.763916 
12.557117 
15.112601 
12.448754 
17.166352 
13.265395 
13.557362 
13.918178 
19.443340 
12.728040 
14.391911 
18.252613 
13.132139 
13.369737 
11.749084 
13.749057 
13.219628 
14.325291 
13.821177 
16.842788 
12.841155 
13.336709 
14.841314 
13.764004 
13.032479 
11.787564 
13.601136 
14.215909 
14.390502 
12.707448 
13.541199 
10.960475 
12.446945 
13.076461 
11.508973 
11.679019 
19.179354 
24.323680 
17.396331 
12.488942 
14.020648 
14.130363 
12.601195 
13.930613 
11.198706 
13.249020 
16.857830 
15.753388 
14.849096 
13.786173 
13.177045 
14.764578 
21.922701 
14.463249 
13.498409 
14.364309 
12.212871 
14.457151 
12.322328 
15.755586 
16.166857 
14.299283 
13.073885 
14.150286 
12.663786 
14.781740 
15.066476 
12.902870 
12.580301 
22.294432 
14.311061 
14.973526 
14.343287 
13.150834 
13.559141 
12.836712 
15.586739 
15.813291 
14.605855 
14.843650 
14.966227 
20.561644 
20.324808 
27.340181 
28.070405 
