12.774153 
15.981934 
12.995857 
13.784878 
11.230916 
12.499171 
15.740177 
33.535612 
10.639695 
12.418137 
13.023094 
13.604478 
16.034872 
27.554058 
14.929432 
13.546529 
15.089565 
15.138117 
12.416845 
16.440636 
13.280105 
13.062411 
12.829367 
18.332522 
13.136397 
14.663050 
18.326441 
13.037703 
13.230996 
11.827818 
13.484674 
13.199694 
14.214506 
13.856587 
16.649882 
12.575844 
13.641121 
14.925804 
34.836400 
13.157179 
12.169957 
13.518466 
13.852871 
13.603513 
11.616849 
13.348917 
10.824183 
12.185337 
12.661038 
11.480992 
11.546767 
22.203276 
17.276934 
12.434232 
13.879024 
15.678974 
11.819628 
14.042366 
11.267179 
13.915620 
12.730395 
13.527447 
13.616764 
13.039278 
14.645926 
18.653698 
14.517771 
13.511155 
13.680990 
11.772033 
14.258656 
12.500353 
14.144035 
14.377887 
12.199660 
16.791038 
13.167231 
14.673307 
14.921138 
12.983136 
12.637600 
16.962456 
14.268504 
14.348807 
25.975434 
13.359722 
12.777338 
15.390768 
13.076757 
13.103227 
13.920298 
14.060789 
15.193521 
15.503447 
18.805340 
19.284324 
31.891675 
32.440819 
50.000055 
49.457503 
