13.185367 
14.977027 
12.376645 
30.682233 
12.096322 
13.548103 
19.819898 
10.698125 
11.908541 
12.967611 
13.064710 
16.787732 
23.760005 
14.645233 
12.531864 
15.022277 
33.669746 
12.088337 
16.092401 
12.912809 
13.278826 
27.790245 
12.994112 
14.214240 
18.114852 
12.385556 
14.688343 
11.918147 
13.575210 
12.831824 
14.417622 
12.733759 
14.643363 
12.906849 
13.707722 
13.783372 
22.846305 
13.565714 
12.749849 
14.152602 
29.104135 
13.677865 
11.398004 
12.639937 
10.102755 
13.217734 
10.986861 
10.843422 
22.058371 
16.196548 
11.766487 
13.328297 
14.346705 
14.497930 
14.195511 
11.180962 
14.545555 
13.715407 
12.773753 
13.539660 
13.042067 
14.304006 
19.174564 
14.951556 
13.610066 
13.650321 
12.098946 
13.512472 
13.154184 
14.514897 
14.661134 
11.542876 
16.244247 
13.214591 
14.661048 
14.972834 
13.160442 
16.391899 
14.068907 
14.157448 
21.322325 
13.380058 
12.575277 
14.069108 
13.903381 
13.690732 
11.895260 
13.684610 
14.165633 
14.611884 
19.301981 
20.122544 
23.599681 
24.235240 
24.332129 
24.353897 
35.566928 
35.428583 
40.945289 
43.100184 
