13.094769 
14.899981 
12.085622 
31.701795 
12.385889 
13.400303 
19.052872 
21.590067 
11.508525 
12.941544 
13.135961 
16.414859 
23.246314 
14.632800 
12.479065 
15.122071 
32.820947 
12.430473 
16.325576 
12.619318 
13.617106 
27.183361 
13.103976 
14.210084 
17.732975 
12.366729 
12.681639 
11.871309 
13.948089 
12.374465 
14.142663 
12.723223 
14.544956 
13.087363 
13.661971 
13.794309 
22.074077 
13.569450 
12.761913 
13.872373 
27.480758 
13.792641 
11.522308 
12.368861 
9.835868 
13.343713 
10.984019 
10.790104 
21.640304 
15.946382 
11.617936 
13.346442 
14.351997 
14.361421 
14.123616 
11.053547 
14.562997 
14.050272 
12.789028 
13.346293 
12.601691 
13.656864 
19.188189 
14.841795 
13.510220 
13.664045 
11.949214 
13.567539 
13.194654 
14.536527 
14.748679 
11.614121 
13.511972 
12.405188 
14.238281 
12.599182 
16.640565 
12.139625 
22.912287 
12.984451 
11.372204 
13.911365 
13.961785 
13.771149 
11.756441 
13.487698 
14.313966 
24.265358 
18.270373 
19.434520 
22.717938 
22.640771 
22.934724 
22.963461 
35.067885 
35.034511 
38.895804 
41.364899 
30.978458 
26.917172 
