13.183615 
14.937128 
12.165718 
30.665660 
12.493629 
13.194751 
18.114981 
19.699393 
11.553842 
12.639776 
13.606366 
13.128577 
23.077176 
14.707352 
12.384644 
30.901331 
12.801165 
16.446520 
12.761293 
13.940073 
23.874130 
13.177257 
14.003074 
17.796525 
12.412294 
12.792610 
11.828312 
14.276906 
12.247154 
13.367271 
21.355027 
14.559885 
13.190194 
12.756917 
14.069921 
18.858164 
13.879517 
12.776279 
14.760305 
23.303068 
22.168153 
11.918964 
10.311309 
10.221895 
13.003606 
10.981269 
10.634495 
21.710289 
16.027691 
11.690055 
13.487821 
12.934353 
13.180308 
13.463797 
10.592203 
11.509941 
14.482359 
12.984325 
13.075539 
12.468777 
13.446019 
17.140179 
12.520040 
13.045999 
13.270766 
13.144025 
20.167051 
14.477245 
13.303378 
18.798937 
13.649624 
12.728229 
14.582984 
12.668873 
15.036816 
12.178866 
23.179222 
13.381071 
11.491815 
13.605790 
11.470570 
13.091573 
14.264056 
22.891903 
14.923107 
16.793969 
22.625103 
22.684756 
21.447111 
21.360785 
27.568946 
27.756743 
36.127638 
38.504735 
28.050034 
24.148118 
23.503698 
21.575217 
23.666595 
24.552074 
