13.733562 
14.865020 
12.403230 
18.515491 
12.263221 
13.605875 
15.371111 
10.851714 
11.947722 
13.071529 
13.787224 
13.563612 
15.563377 
15.108717 
12.699373 
20.039842 
12.665785 
16.543633 
13.026135 
13.836313 
19.819381 
13.013117 
14.255664 
16.400490 
12.426916 
12.931315 
11.259740 
14.711579 
14.055014 
13.295229 
17.663699 
14.706161 
13.500687 
13.458825 
14.027245 
16.542870 
13.644196 
12.610942 
15.199454 
18.940989 
18.516437 
12.110621 
10.656526 
10.534665 
11.135319 
10.908367 
21.300567 
16.396166 
11.782765 
13.568837 
13.252265 
13.435680 
14.366941 
11.329858 
11.778813 
14.743248 
13.131832 
12.801055 
12.720268 
13.932079 
16.729686 
13.060262 
13.034271 
13.441406 
13.532461 
17.430747 
14.762870 
13.460138 
16.090965 
13.690875 
14.550096 
12.830178 
15.878850 
14.426421 
15.074515 
13.627407 
13.409054 
12.308642 
14.097621 
11.468511 
13.285443 
12.658189 
12.984645 
13.422038 
24.210024 
13.940455 
16.741898 
16.360600 
16.362680 
18.887661 
18.692055 
17.440193 
17.415388 
24.217681 
18.211939 
16.475982 
16.716878 
17.542401 
24.487854 
24.787743 
