13.917359 
14.800724 
12.430262 
16.481254 
12.265099 
13.837400 
14.293802 
11.234545 
12.057899 
13.272348 
13.660737 
13.332435 
15.854397 
15.269198 
12.813794 
18.703149 
12.973846 
16.785128 
13.028617 
30.275645 
13.364756 
14.585320 
16.625877 
12.398861 
13.122470 
11.166721 
15.934014 
13.981682 
13.205528 
16.271499 
15.266487 
13.857098 
14.060614 
15.635071 
13.479474 
12.018171 
15.326656 
16.290207 
13.698104 
11.840468 
10.803036 
10.654134 
11.189815 
11.017578 
17.352193 
16.513804 
11.805761 
13.607721 
13.636700 
14.113427 
14.592974 
11.449273 
11.781952 
20.583328 
15.194006 
30.674952 
12.846924 
14.067275 
16.248070 
13.215227 
12.979059 
11.672244 
13.773781 
14.242856 
13.319134 
14.639265 
13.066678 
15.005127 
12.414273 
15.071470 
13.282420 
14.468634 
13.812047 
14.086665 
12.540321 
13.750650 
11.875471 
13.847359 
15.624569 
12.436177 
12.278737 
19.698236 
13.072315 
15.668883 
14.497166 
14.493199 
15.274610 
17.083014 
14.532534 
14.554923 
18.545349 
22.506122 
15.817506 
13.179934 
18.042408 
18.622666 
22.374384 
21.649544 
42.637102 
42.517791 
