14.007105 
15.156671 
12.919355 
15.798059 
12.451304 
12.235029 
13.518726 
11.305200 
11.748846 
13.420126 
14.197199 
13.614184 
16.032424 
14.918275 
12.489228 
18.009868 
13.113042 
17.141619 
13.085832 
20.995903 
13.647091 
14.807912 
16.823525 
12.927131 
13.327283 
11.072703 
15.593932 
14.118020 
13.183434 
16.569435 
13.395729 
14.012185 
14.267305 
15.072496 
13.533756 
12.116746 
15.407268 
15.529499 
13.879790 
12.185679 
10.748208 
11.981226 
10.857529 
12.194386 
17.377521 
14.797250 
12.422101 
14.057551 
13.442791 
14.818558 
14.722506 
11.529488 
19.208977 
18.177204 
15.302895 
20.989943 
12.938255 
13.728997 
13.267789 
13.018582 
11.277447 
14.903359 
14.446230 
13.456512 
14.715870 
13.390599 
15.134456 
12.378699 
14.727752 
13.536292 
14.252862 
13.961108 
14.306617 
12.596788 
13.811471 
13.904748 
12.109866 
14.030618 
12.429379 
12.733814 
14.475909 
12.761740 
15.238187 
15.296722 
13.025596 
13.361503 
15.232540 
13.236396 
13.261318 
13.042674 
19.894618 
15.380207 
13.134598 
21.062567 
17.661359 
16.856279 
23.750319 
23.639775 
24.131737 
21.730272 
