13.821626 
14.596775 
12.847076 
12.983677 
12.353001 
12.421873 
13.227896 
12.415360 
11.937442 
13.317372 
15.117783 
13.937984 
16.047549 
15.874093 
12.652980 
14.437801 
12.308124 
14.978415 
13.103899 
15.525017 
13.630264 
14.838144 
15.610954 
11.949382 
12.813033 
11.227622 
15.162073 
17.345730 
15.980562 
14.012486 
13.980720 
14.612705 
14.839439 
13.692127 
12.096380 
15.459979 
16.626565 
13.492230 
10.854365 
12.265585 
11.284620 
12.597543 
17.282246 
14.870812 
12.043134 
13.847229 
13.793190 
15.132611 
14.370813 
11.453724 
15.250636 
15.846274 
16.306761 
19.615069 
14.428911 
12.803293 
19.329474 
11.602012 
15.042298 
14.735133 
13.427084 
15.559048 
12.172535 
14.774508 
12.280231 
14.726622 
14.201040 
14.204058 
13.954751 
14.361535 
12.767735 
14.379492 
14.256976 
12.313264 
13.771510 
12.144642 
13.542791 
15.297881 
12.720125 
15.149111 
15.108808 
12.680476 
13.061246 
11.934187 
13.264428 
17.166707 
12.390443 
12.779187 
17.777142 
13.398376 
12.384017 
14.027389 
17.700566 
16.720046 
14.597245 
15.100807 
17.974330 
14.810034 
20.157050 
19.178908 
