13.808513 
14.645213 
12.704322 
13.069821 
11.964084 
11.503798 
13.091277 
12.467825 
13.073379 
15.388122 
13.934981 
15.740301 
15.884175 
12.236181 
14.323275 
12.302542 
15.242792 
12.163032 
15.395157 
13.253801 
14.545132 
15.555776 
12.258373 
12.825035 
11.068174 
17.174965 
16.020305 
13.872304 
13.819862 
14.621625 
14.647633 
13.650569 
12.112158 
15.719355 
16.849927 
13.543924 
10.463513 
14.961403 
11.779234 
12.304631 
17.174162 
13.453235 
12.543197 
14.289283 
13.578505 
14.614585 
14.224521 
11.321734 
14.769678 
15.786415 
16.089545 
19.793570 
13.096366 
12.832545 
18.719558 
11.389087 
14.607419 
14.797891 
13.527086 
15.415381 
12.285528 
14.430094 
19.107764 
14.331525 
14.249654 
13.630261 
13.621734 
14.266451 
12.439817 
14.297052 
14.018314 
12.119298 
20.409931 
12.451681 
13.549778 
15.275532 
12.374033 
14.748049 
14.958958 
12.518612 
12.925169 
11.929328 
13.167874 
17.070636 
12.415671 
12.708701 
17.335644 
13.336125 
12.227636 
13.777512 
17.292191 
16.065022 
14.039747 
14.964527 
17.370483 
14.964861 
19.264540 
18.501261 
23.131301 
20.227522 
