13.813259 
14.649301 
12.708121 
31.954022 
11.967172 
11.507988 
13.094465 
13.074133 
14.837796 
13.985146 
15.656285 
12.730099 
12.270207 
32.718270 
12.534676 
13.737147 
12.166206 
15.382169 
13.253092 
14.547764 
15.795830 
12.261820 
12.989747 
10.961912 
17.331186 
16.023307 
13.874807 
13.822511 
14.665804 
14.652904 
13.630634 
12.109654 
15.728157 
16.801455 
13.542928 
10.469137 
14.967852 
11.744699 
12.339903 
17.170259 
13.457175 
12.545972 
13.832137 
13.580709 
14.619410 
14.271186 
11.311771 
13.274652 
15.834678 
16.090037 
19.768069 
13.106542 
12.880964 
18.718466 
11.390982 
14.614574 
14.795327 
13.525387 
15.418069 
11.644109 
14.425973 
19.016521 
14.325871 
14.237150 
13.631234 
13.622993 
14.267272 
12.443601 
14.300686 
14.020858 
12.124160 
20.262525 
11.932706 
13.554018 
15.278024 
12.371819 
14.745187 
14.963058 
12.521705 
12.923015 
12.284365 
17.069497 
12.415893 
12.709251 
14.452971 
13.334776 
12.227803 
13.761810 
17.258071 
14.468030 
13.123324 
14.987799 
17.316874 
14.969079 
19.233287 
18.427865 
22.966179 
20.064532 
43.465217 
43.257160 
