13.976488 
14.489690 
12.466339 
13.187756 
11.879886 
17.771808 
13.113977 
13.208889 
15.040487 
13.927291 
15.826311 
12.737382 
16.647440 
14.500748 
12.077850 
14.376362 
13.155989 
14.567800 
15.477840 
12.095992 
16.305204 
11.076094 
16.465353 
15.827680 
13.905487 
13.934818 
15.608641 
14.790513 
13.235660 
11.404773 
16.176178 
14.837978 
13.142475 
10.526006 
15.718545 
17.398754 
16.900603 
19.385274 
12.292327 
14.069761 
13.081210 
14.774279 
14.356723 
11.633821 
18.774667 
14.138715 
16.220459 
18.237333 
13.575856 
12.861138 
16.657245 
11.332584 
14.803118 
14.169793 
13.096866 
15.597657 
12.096960 
13.859442 
15.245394 
14.046542 
14.262603 
13.471709 
13.347624 
13.710834 
12.387995 
13.760682 
14.174363 
12.254965 
14.918780 
12.653936 
12.883600 
14.322957 
12.232847 
14.372657 
15.068773 
12.571897 
12.614038 
16.875021 
12.224212 
12.543512 
13.450963 
13.060444 
12.444003 
13.127493 
15.642047 
14.133556 
13.143845 
14.090015 
15.616253 
15.954131 
16.056929 
14.953317 
16.327306 
14.145266 
13.632071 
15.228617 
18.078838 
17.792695 
16.027850 
20.731117 
