13.533497 
12.216096 
12.971158 
13.093682 
17.668082 
12.428508 
14.221370 
14.942700 
13.900104 
15.627856 
13.184924 
16.360288 
14.492255 
10.096929 
14.129234 
11.275732 
14.336338 
15.293995 
11.793634 
15.830261 
10.980669 
15.955808 
15.096342 
37.815782 
14.021979 
15.632732 
15.070792 
13.279769 
11.406926 
15.071571 
14.664997 
13.125021 
10.862683 
16.200496 
16.668042 
16.864664 
18.501059 
12.049105 
13.892288 
14.932753 
12.958403 
12.444174 
35.246039 
14.060545 
16.087374 
17.121705 
13.293790 
13.440582 
14.502838 
30.506661 
12.900137 
14.140755 
13.084620 
15.596017 
12.061188 
13.714665 
15.181081 
13.702996 
14.151153 
14.288732 
12.672697 
12.009211 
13.922446 
13.769819 
11.768709 
14.460491 
12.709652 
12.897218 
14.231901 
13.085226 
12.557744 
14.088899 
11.771884 
12.545346 
16.740618 
42.540710 
13.371138 
13.018547 
12.329623 
12.893345 
15.117085 
14.095266 
13.189860 
13.829105 
15.247081 
15.802443 
14.358734 
13.416955 
15.440078 
13.518939 
12.931382 
14.362405 
16.960225 
16.577636 
14.788646 
19.435865 
59.988299 
62.665113 
43.000789 
42.707676 
