13.493392 
23.079068 
13.750764 
13.303236 
14.483036 
12.421068 
13.092357 
15.833998 
13.686113 
15.594469 
14.550280 
14.030569 
11.597501 
14.799822 
15.117290 
13.109811 
13.388576 
10.991385 
13.415240 
13.526780 
23.944279 
14.260944 
13.303502 
15.585465 
13.492013 
11.262198 
12.558650 
12.351983 
12.427649 
14.854771 
14.679005 
15.027682 
16.805509 
15.665103 
11.260018 
13.131095 
37.407715 
13.104422 
12.577391 
24.134415 
12.987244 
16.015491 
16.587771 
11.286042 
13.599148 
13.607186 
19.171991 
12.986028 
15.045278 
12.295304 
14.939795 
12.163977 
13.879439 
14.628631 
13.681157 
15.314419 
15.197176 
13.572580 
25.453422 
13.385798 
13.818813 
11.779352 
13.606839 
12.488407 
11.996393 
14.100503 
13.330761 
12.717034 
14.391572 
12.217186 
12.242533 
25.952011 
13.764002 
12.922273 
11.343803 
14.601991 
12.758830 
13.470658 
12.952376 
14.735252 
13.383460 
15.401501 
12.466911 
13.793238 
14.419271 
12.557619 
12.119216 
14.770380 
14.513956 
14.169335 
36.127052 
15.296496 
29.555739 
27.182548 
22.024799 
21.968784 
27.396492 
29.507016 
52.091878 
53.224705 
