13.578050 
18.953134 
13.893548 
13.364186 
14.395348 
12.646307 
12.889940 
15.818493 
21.070040 
15.268102 
14.922093 
14.246578 
11.575893 
14.782990 
15.141012 
13.308763 
12.942972 
11.089203 
13.529365 
14.008813 
21.013812 
14.072643 
13.415506 
14.907264 
13.713953 
11.294669 
12.919963 
12.340787 
12.513925 
15.087136 
15.220423 
14.562252 
17.332900 
15.121611 
11.190969 
13.082682 
13.081389 
12.532529 
16.279848 
12.864692 
16.998053 
16.673378 
11.285597 
13.514523 
13.712087 
15.421589 
16.274878 
15.071245 
21.052049 
14.493147 
12.375161 
13.935583 
14.282226 
13.626401 
15.129212 
15.344848 
13.635453 
20.277791 
12.847598 
12.539587 
15.265980 
13.147927 
11.802159 
14.004077 
13.313450 
12.671870 
14.223001 
12.267009 
12.554519 
20.867114 
14.179440 
12.948432 
11.308486 
14.723449 
12.886849 
13.485480 
13.412405 
14.839225 
13.455003 
15.497346 
12.548713 
13.915250 
13.924920 
20.206884 
11.604526 
14.077828 
14.052680 
13.464712 
11.755677 
14.622532 
20.738433 
18.382815 
15.836513 
14.458409 
18.186977 
20.127220 
20.167495 
17.997060 
25.386011 
21.066526 
