12.877401 
12.413797 
12.351683 
12.690324 
13.808074 
14.044257 
14.425993 
12.982782 
11.420274 
13.036177 
13.370139 
11.714030 
12.074989 
12.054044 
15.362103 
20.152281 
13.371081 
30.682128 
15.368124 
15.288332 
11.915928 
17.314390 
11.770744 
18.709655 
12.876960 
12.377864 
11.987032 
14.795434 
12.226040 
12.303232 
19.387776 
12.335910 
12.602683 
13.932293 
16.160115 
13.783555 
12.267650 
12.943046 
13.398332 
12.649436 
14.495681 
17.683655 
12.258838 
14.598538 
14.836501 
13.805000 
12.355514 
13.408710 
13.582854 
12.263251 
12.110817 
14.768467 
11.837160 
12.507817 
10.504667 
13.595003 
20.671113 
13.595160 
11.763494 
13.638610 
12.080771 
15.786632 
12.214588 
14.825168 
14.722211 
15.272118 
12.367457 
20.157379 
15.484693 
14.994130 
13.395437 
12.586182 
12.458849 
12.145242 
19.127773 
12.358538 
17.287959 
37.987784 
14.536928 
12.840459 
17.852273 
14.840255 
24.242645 
13.926918 
18.751557 
19.349418 
12.288336 
22.548206 
21.874718 
18.905360 
16.157489 
17.360637 
28.787577 
12.355337 
21.821369 
21.834108 
29.307862 
28.317740 
37.052653 
37.900333 
