13.591185 
16.527468 
13.965074 
13.183536 
14.312714 
12.592066 
14.002304 
15.818609 
17.091407 
15.137280 
15.176056 
14.386680 
11.488037 
14.541570 
14.903824 
13.114631 
12.907787 
11.291667 
13.167766 
15.381108 
18.743403 
13.889645 
23.220293 
14.840722 
14.203990 
11.510250 
12.824408 
12.104011 
12.669675 
15.302953 
16.068275 
13.989917 
18.085811 
14.552898 
10.925532 
12.828426 
12.938816 
12.443437 
16.212643 
14.638986 
11.634347 
13.373063 
13.357459 
12.909420 
14.143309 
15.690061 
17.936087 
12.575193 
14.024574 
14.188511 
13.638642 
13.615031 
15.425990 
13.742149 
25.242506 
13.215244 
12.953246 
13.440880 
12.262085 
13.656631 
13.229051 
12.632785 
13.510374 
11.875154 
13.062438 
14.251892 
18.643686 
13.788466 
21.790659 
14.755846 
13.159392 
12.330812 
14.426316 
14.671294 
13.057173 
15.541614 
19.847182 
13.906510 
13.929411 
16.979274 
11.456770 
13.522917 
13.254158 
12.882261 
11.422899 
13.936617 
14.642461 
16.235286 
12.264426 
13.331374 
13.402885 
14.829812 
15.587161 
13.805867 
18.585247 
14.637677 
22.267410 
24.524909 
22.462011 
25.022997 
