12.635766 
14.161532 
14.412110 
17.093779 
14.347041 
12.351363 
14.155921 
13.989678 
16.156220 
12.802996 
14.942849 
14.244111 
12.188621 
15.322034 
14.559897 
13.412503 
13.048852 
13.177405 
12.929506 
13.492568 
15.548451 
14.048782 
18.817654 
15.450172 
13.314446 
13.092975 
13.548964 
12.044192 
12.906510 
15.111896 
14.074143 
15.069826 
15.571648 
12.128160 
12.476986 
13.749950 
16.247957 
14.733447 
12.956750 
13.466993 
13.246239 
12.874372 
14.252973 
16.021786 
13.691175 
12.599777 
13.916082 
13.797215 
13.701202 
13.646549 
15.123114 
13.681052 
20.106254 
14.211907 
14.067751 
12.893863 
12.394548 
13.599554 
13.918914 
12.530564 
14.202570 
12.130991 
12.728267 
14.079177 
17.114290 
13.532499 
18.177430 
14.681135 
13.271544 
12.213422 
14.261801 
14.458975 
13.047415 
15.247308 
16.421588 
21.036155 
13.333501 
14.122092 
11.654467 
13.810698 
13.307869 
12.955722 
12.569172 
14.386320 
14.543143 
14.078614 
11.985088 
13.725086 
11.957832 
11.231673 
20.781025 
12.900430 
14.084278 
12.566682 
14.831400 
16.417021 
16.574272 
18.570041 
19.676189 
22.803303 
