12.622670 
13.970035 
14.162584 
17.311398 
13.709348 
12.416637 
14.595807 
13.520184 
16.041589 
42.650354 
15.251088 
14.383236 
11.765496 
15.615097 
11.898088 
13.338082 
48.183405 
12.617880 
13.044914 
13.452304 
15.443056 
12.146949 
16.801374 
15.394269 
13.118268 
13.561431 
12.528239 
12.198803 
12.998364 
14.948881 
14.083731 
15.009391 
15.333011 
12.115499 
12.289055 
16.219409 
14.616836 
13.366253 
14.155607 
12.868178 
13.343968 
13.569289 
14.309229 
14.002767 
12.971660 
13.872701 
13.584552 
13.397048 
13.888863 
14.841292 
13.760694 
18.622114 
14.230004 
14.111949 
13.295968 
12.541966 
13.774120 
13.550645 
12.309506 
14.341659 
12.714602 
16.647384 
16.927468 
13.800999 
14.377778 
14.918247 
13.598494 
12.204431 
20.410530 
14.561151 
13.204231 
15.454603 
14.829808 
14.678875 
13.388007 
13.688623 
14.043516 
13.203769 
12.850679 
12.256372 
14.325595 
14.496768 
13.789756 
12.149791 
14.059544 
11.670236 
10.986068 
14.220442 
12.757857 
19.881301 
12.197170 
13.451780 
13.041641 
14.125012 
15.920741 
16.442396 
18.787030 
19.205097 
71.863782 
69.497463 
