12.649049 
13.816210 
14.724346 
17.320565 
13.664196 
12.246668 
14.327436 
19.274189 
15.169014 
22.461249 
14.935825 
41.113337 
12.138972 
15.786897 
11.577791 
13.198748 
23.096193 
12.830150 
13.402124 
15.309793 
12.225876 
16.103660 
15.929088 
18.724913 
13.895172 
12.573550 
12.133162 
12.699464 
14.614113 
13.935303 
13.830815 
14.964212 
11.901224 
11.903896 
16.696101 
14.005756 
13.279901 
14.086709 
12.678851 
14.108359 
13.922397 
14.255580 
12.743748 
12.479157 
12.844101 
13.704895 
14.261891 
12.939562 
18.046579 
14.156058 
24.054268 
13.131232 
13.116790 
13.791565 
11.830745 
12.710523 
14.824143 
12.855645 
16.283529 
16.771007 
13.673521 
13.280823 
14.658993 
12.449791 
14.415556 
14.397668 
12.984455 
15.260542 
14.453335 
14.618223 
13.116820 
14.255365 
13.933336 
13.059146 
12.859040 
11.714495 
14.019627 
14.355541 
13.669860 
10.655770 
11.457481 
10.780199 
13.254834 
13.140404 
14.143052 
12.940200 
12.595302 
12.314751 
13.842330 
36.040915 
27.245431 
13.025025 
27.184629 
25.074499 
53.419599 
56.474821 
19.907560 
17.608792 
29.620737 
29.849126 
