12.655561 
13.823424 
14.762092 
17.354652 
12.247566 
14.343300 
13.303659 
15.184823 
21.563566 
14.933316 
35.954803 
64.822473 
15.811767 
11.287598 
13.200779 
22.610327 
12.684561 
13.410185 
15.342099 
12.504579 
16.134170 
15.959099 
12.880511 
13.895325 
12.405437 
12.155911 
12.708867 
14.588185 
13.936777 
13.622737 
14.955843 
11.894800 
11.706142 
16.705288 
14.026695 
13.250842 
54.886674 
12.411682 
14.128655 
13.920644 
14.261815 
12.747096 
12.379565 
12.506819 
13.681534 
14.217796 
12.976240 
18.039450 
14.177707 
23.584585 
13.123708 
13.123331 
13.812630 
11.910123 
12.622602 
14.856164 
12.907998 
16.297419 
16.777026 
13.681397 
13.304607 
14.667902 
12.453417 
14.418382 
14.365372 
12.923670 
15.289719 
14.424927 
14.597430 
13.013580 
14.085316 
13.807430 
13.069555 
12.862598 
11.709648 
14.029397 
14.372322 
13.681181 
10.663106 
11.446669 
10.789026 
13.272681 
13.153391 
14.150020 
12.810930 
12.604160 
12.326260 
13.821876 
34.293827 
26.791408 
13.031672 
26.296670 
24.170224 
46.494068 
49.517279 
13.498294 
28.711367 
28.925016 
100.044628 
100.915492 
