12.865087 
14.043640 
15.360779 
17.479744 
12.295744 
14.310705 
26.488197 
15.182156 
19.609494 
15.021257 
26.168402 
12.642388 
16.024661 
11.041514 
13.303361 
76.492716 
12.305281 
13.506271 
15.419999 
26.497897 
15.847889 
15.924100 
12.546173 
13.626590 
12.344242 
12.040472 
12.717381 
14.248183 
13.946991 
12.911763 
14.898388 
11.957137 
11.631703 
16.732086 
14.065915 
12.696967 
13.700660 
12.216706 
14.135538 
13.908975 
14.229016 
12.786740 
13.597130 
13.532249 
12.803368 
13.380574 
17.464096 
14.198735 
21.433132 
13.881548 
13.121960 
13.813492 
12.260631 
12.096284 
14.867535 
13.001387 
16.438692 
16.814909 
13.904506 
13.314560 
14.216410 
12.512536 
14.521197 
13.743999 
12.603640 
15.775276 
13.814083 
14.132666 
12.110857 
14.308328 
13.614475 
13.076683 
12.904227 
11.559229 
14.001879 
14.435975 
13.692448 
10.638164 
11.506377 
11.327162 
13.257842 
13.161647 
14.154035 
12.810069 
67.413106 
13.220020 
24.784248 
24.459147 
13.236239 
22.704885 
20.646555 
28.563618 
31.546913 
12.832481 
24.579931 
24.843949 
34.046386 
34.627995 
117.921828 
115.300254 
