13.554329 
12.056407 
15.310094 
17.442863 
18.150883 
14.148057 
18.221880 
15.059134 
13.576795 
15.123467 
18.564050 
13.052791 
16.431752 
13.459657 
14.328024 
15.359935 
12.479132 
13.851798 
15.180771 
17.071666 
15.912878 
15.989600 
12.967539 
13.879321 
12.712834 
12.376401 
13.109446 
13.835324 
13.234144 
14.432924 
12.401765 
12.190746 
16.707354 
14.022534 
21.500165 
13.784340 
12.029699 
14.119739 
13.860421 
14.498933 
12.970052 
13.805056 
13.902241 
12.358866 
15.166072 
15.109247 
14.002030 
16.225682 
14.168327 
13.301948 
14.087846 
12.512032 
12.306203 
14.627512 
12.839909 
16.501123 
14.088672 
13.286908 
14.801299 
12.650276 
14.604627 
14.092329 
13.336045 
16.135242 
13.590816 
13.558536 
12.307204 
14.577411 
12.233479 
12.874891 
12.777190 
13.222879 
13.381724 
19.053493 
13.567615 
10.613786 
19.623863 
13.154064 
13.254565 
14.381113 
13.025769 
12.593887 
12.407733 
19.227930 
17.031819 
13.420842 
12.908221 
12.615888 
15.211070 
17.017813 
13.340679 
15.224534 
15.423871 
16.572530 
17.153122 
12.111994 
20.148901 
18.287924 
19.630884 
21.866832 
