13.685358 
12.153924 
15.543088 
17.452354 
17.619078 
14.227244 
18.024479 
15.128348 
13.342007 
15.129457 
13.188710 
16.540999 
13.360771 
14.412486 
15.211937 
12.196070 
13.920486 
15.143146 
16.653705 
15.840687 
15.954085 
12.843877 
13.551776 
12.601445 
12.722452 
12.997807 
13.897791 
12.838346 
14.523991 
12.430321 
12.207237 
16.845498 
14.009715 
20.531859 
13.730610 
11.808173 
14.153996 
13.697639 
14.148331 
12.851951 
13.807183 
14.089788 
12.899586 
12.234886 
15.254205 
13.965450 
15.924066 
13.686738 
13.550424 
14.634904 
12.773235 
12.735782 
14.565969 
12.812750 
16.457258 
14.588899 
13.291320 
14.481739 
12.878112 
14.822895 
13.316270 
13.339807 
14.228134 
13.040355 
13.151355 
29.814818 
12.186395 
12.943029 
12.881305 
13.215474 
13.410346 
18.606753 
13.538012 
10.700807 
19.014429 
13.215944 
13.298179 
14.061036 
27.021180 
12.550211 
11.674622 
16.258928 
16.664590 
13.348644 
12.581865 
12.289289 
12.993044 
13.762041 
13.304977 
14.712863 
14.929141 
15.857208 
16.481580 
12.095239 
19.207557 
17.430245 
18.200478 
20.342705 
35.304189 
34.806779 
