12.437151 
14.848421 
14.484575 
16.205145 
24.798593 
16.943363 
14.237583 
12.881718 
15.374792 
13.338672 
16.353800 
13.440733 
12.170331 
14.748670 
12.163232 
15.050934 
14.499985 
15.576222 
15.845226 
16.159781 
12.657271 
12.889033 
12.449943 
12.265122 
12.942236 
14.065465 
12.324668 
15.692866 
12.913014 
12.283321 
15.820297 
13.851889 
18.756317 
13.829382 
11.672725 
22.311324 
13.503416 
13.612836 
13.156586 
13.975713 
14.072095 
12.694173 
12.528932 
15.765785 
23.085729 
24.111455 
12.588547 
12.535239 
14.776925 
12.826671 
16.202343 
13.478499 
14.597900 
12.043100 
14.378545 
13.563415 
13.235994 
19.426658 
12.923486 
12.833347 
18.332135 
12.290984 
13.809360 
12.080227 
14.175235 
12.207177 
15.775981 
12.841884 
10.872019 
17.303130 
13.350570 
13.756749 
16.023653 
12.601421 
11.618101 
15.982850 
15.116146 
17.620080 
11.923250 
11.666547 
12.502187 
13.273253 
13.022461 
12.631888 
14.060887 
14.009556 
14.586526 
11.994048 
16.052144 
14.040233 
14.682806 
16.752023 
17.599981 
15.270005 
21.174243 
18.615571 
24.776345 
30.076377 
29.092763 
26.092374 
