18.452207 
14.119597 
16.392100 
21.230945 
16.408384 
14.754860 
12.718464 
15.585187 
19.249136 
16.575852 
13.269769 
12.801026 
14.481849 
12.006057 
15.754745 
13.618050 
15.010537 
15.343071 
16.107349 
12.471577 
12.551199 
12.665186 
12.182224 
13.377527 
14.387631 
12.284577 
15.734010 
13.306538 
12.360718 
16.184732 
11.723904 
15.240901 
13.924655 
11.605897 
19.226593 
12.935466 
13.487183 
13.150034 
14.211176 
14.274945 
13.435386 
13.162403 
13.512300 
18.861882 
20.657458 
12.671398 
12.666321 
14.108244 
12.590345 
13.718252 
14.472684 
12.280091 
14.557354 
13.463850 
13.149892 
18.019030 
12.439274 
12.702571 
17.365704 
12.128533 
14.119856 
12.303773 
14.608512 
12.525945 
14.792701 
17.697257 
11.110827 
15.945360 
13.702415 
13.848431 
15.059685 
11.962757 
13.894039 
15.705911 
15.583933 
16.338894 
11.692740 
11.467677 
12.351936 
13.049963 
12.900262 
12.527486 
13.942768 
13.190497 
13.708905 
11.661082 
13.283810 
13.992357 
13.933111 
13.926711 
16.145621 
13.815975 
18.656821 
16.182686 
17.772638 
23.024958 
21.926859 
19.000452 
20.868936 
18.001819 
