17.143782 
14.134006 
16.564176 
18.566818 
15.540017 
15.059244 
12.855164 
15.821000 
15.237356 
16.388226 
13.369792 
14.635858 
12.133961 
16.657053 
13.896003 
14.623651 
15.471777 
15.651706 
12.706354 
12.579348 
12.520221 
12.104995 
13.726491 
14.861742 
12.689310 
13.706420 
24.460011 
12.167213 
16.723027 
11.889022 
12.037198 
13.727564 
11.691335 
16.506741 
13.063251 
13.657731 
13.295802 
14.809580 
15.141781 
13.586085 
15.543605 
12.124694 
15.659051 
18.168507 
13.087272 
10.618645 
13.993024 
12.448939 
13.767497 
14.461747 
12.773624 
14.919634 
13.591500 
13.263393 
16.612010 
12.588257 
13.100827 
16.418739 
12.355015 
14.369797 
12.649597 
15.568795 
12.532118 
14.896317 
18.053734 
11.226782 
13.251392 
14.387352 
14.122894 
12.011583 
14.184188 
16.353817 
15.321196 
14.950286 
11.849954 
11.626751 
11.904285 
13.048712 
13.463336 
12.097826 
13.910924 
12.655886 
12.947331 
11.708739 
13.189854 
21.986759 
14.122381 
12.935934 
14.834449 
12.447810 
15.956719 
13.863348 
12.512142 
17.293475 
16.496869 
13.722526 
15.419468 
13.113889 
27.054038 
24.180541 
