16.062847 
14.136985 
15.801510 
18.553393 
15.540238 
15.223912 
12.856199 
15.220829 
16.392850 
13.371133 
14.636787 
12.134978 
16.668704 
13.901059 
14.624759 
15.472159 
15.652203 
12.708085 
12.578805 
12.551919 
12.102821 
13.953299 
13.631733 
12.694131 
13.593075 
24.877775 
12.167876 
16.194659 
11.891898 
12.077735 
13.728498 
11.692461 
16.510348 
13.064040 
13.792759 
11.873843 
14.817159 
15.154777 
13.591397 
15.546408 
12.127551 
15.805255 
18.154145 
13.089199 
10.621477 
13.995819 
12.451682 
13.768086 
14.459359 
12.930216 
12.670509 
13.591536 
13.263672 
16.600507 
12.589395 
13.143823 
16.410720 
12.357030 
13.959057 
14.819292 
15.768559 
28.362678 
14.897682 
18.055569 
11.258912 
13.411080 
14.113407 
12.011551 
14.186076 
16.354790 
15.434091 
17.157996 
11.851170 
11.627663 
11.903764 
13.047769 
13.465375 
12.190219 
30.499750 
12.656142 
12.946284 
11.708674 
12.762389 
21.225639 
14.141936 
12.949151 
14.825489 
12.437539 
14.792595 
11.899367 
12.483347 
17.256454 
16.464778 
13.801786 
15.393190 
13.089084 
25.678070 
22.465632 
38.610272 
38.935700 
