20.312323 
13.881606 
15.980804 
18.490154 
15.519705 
15.241415 
12.816352 
14.975917 
16.423645 
13.317676 
14.782048 
12.077965 
16.059122 
13.647922 
14.576357 
15.530720 
12.640585 
13.015498 
12.412322 
12.016399 
14.213404 
13.434608 
12.777752 
15.939196 
13.707351 
12.135742 
16.947111 
11.846436 
11.916151 
13.648746 
11.612412 
16.049066 
13.378975 
14.373376 
12.049925 
14.930159 
15.556300 
13.598432 
15.478528 
12.107101 
15.054904 
18.080912 
13.162929 
10.660400 
13.895811 
12.428833 
13.700771 
14.174888 
13.676456 
13.451110 
13.452714 
13.206781 
15.997347 
12.480193 
12.996860 
16.023502 
12.396555 
14.264888 
14.960072 
15.420003 
13.135896 
14.042038 
17.745599 
11.346363 
14.500371 
13.900642 
19.341198 
14.075338 
16.212104 
15.183118 
18.652245 
19.899990 
11.569175 
11.761412 
12.881042 
13.492172 
11.973606 
13.920341 
12.596114 
12.880826 
12.032091 
12.594938 
17.964252 
14.050870 
12.652020 
14.245056 
12.090251 
15.629695 
12.870911 
11.969978 
16.808604 
15.557998 
12.913439 
15.069584 
12.854710 
16.849178 
20.471522 
13.310813 
24.500615 
22.666332 
