18.640726 
14.205846 
16.042740 
17.338357 
16.408002 
15.519704 
12.226831 
14.948033 
16.982612 
13.010884 
14.471205 
11.960681 
16.915404 
13.998400 
14.920773 
15.665387 
12.755672 
12.442394 
13.933005 
14.224477 
13.452118 
13.624618 
15.980107 
13.816195 
12.586653 
17.217469 
12.080821 
11.781899 
13.934855 
11.638458 
15.732922 
13.698072 
14.205143 
11.930202 
14.632120 
12.507454 
13.401599 
13.644942 
13.390773 
29.864414 
15.151947 
14.012021 
11.935735 
14.136627 
12.709043 
14.183118 
13.490185 
14.086551 
13.767003 
13.205929 
12.767104 
15.514931 
12.665091 
12.875697 
12.208569 
14.317295 
15.066080 
15.248354 
13.161271 
14.186887 
18.315858 
11.207635 
14.094161 
13.169916 
12.582280 
13.657054 
13.622824 
15.150480 
18.384064 
12.342389 
10.583584 
13.060363 
17.303065 
12.386033 
12.044282 
12.928493 
13.166223 
12.371360 
12.659509 
16.674923 
13.430185 
12.579067 
18.546174 
11.178784 
15.563058 
12.107819 
12.424111 
15.332190 
14.880219 
12.397776 
14.457752 
12.358732 
14.247627 
17.451593 
29.491995 
13.843681 
16.984210 
19.110128 
38.669027 
38.539916 
