15.378233 
14.285925 
16.690045 
17.140712 
16.655092 
15.444899 
12.230738 
25.395329 
13.005112 
14.422700 
11.819466 
17.197189 
14.123457 
15.298044 
16.301977 
12.738617 
13.110328 
13.671479 
14.317767 
11.947353 
13.602894 
17.078925 
14.056214 
12.754764 
16.502103 
12.134413 
12.399350 
14.376840 
11.670243 
15.586392 
13.718453 
14.218128 
12.059420 
14.597913 
12.355707 
13.378844 
13.518792 
12.922990 
24.128520 
14.834382 
14.107280 
12.004868 
14.309029 
24.196129 
14.182688 
13.273681 
13.601618 
13.384106 
12.860112 
12.588105 
15.355169 
12.356488 
12.573030 
12.113816 
12.781498 
14.485827 
14.416894 
14.290035 
18.388399 
11.032541 
14.001802 
13.085600 
12.547039 
12.558711 
12.994537 
13.940516 
18.336891 
12.348440 
10.559017 
12.757910 
15.672385 
12.428945 
12.927744 
13.292644 
13.721982 
12.320446 
12.612898 
15.906948 
12.473942 
12.952926 
17.334877 
11.107484 
15.217994 
11.910480 
12.195919 
14.926508 
14.781157 
12.368970 
14.809191 
12.977747 
14.379484 
13.917345 
22.084698 
13.799398 
14.673105 
16.722619 
26.523024 
26.149839 
31.359125 
29.478050 
