14.541657 
19.056905 
16.539414 
17.153530 
17.295748 
15.804742 
12.337888 
18.530545 
13.139637 
14.388892 
11.816262 
16.405563 
13.765425 
15.932306 
16.687961 
12.641523 
13.346310 
13.673365 
14.084020 
12.088876 
13.679537 
17.228602 
14.215117 
13.108937 
16.695580 
12.010121 
12.507683 
14.781547 
11.799669 
15.658791 
13.623843 
14.084137 
11.907923 
22.524890 
12.400053 
14.829302 
13.069508 
12.320880 
19.851895 
14.957408 
14.188522 
11.939751 
14.157356 
13.266644 
14.128189 
13.405578 
13.689262 
13.570375 
12.578322 
12.611636 
15.790534 
12.340654 
12.730992 
12.166418 
12.943773 
14.680645 
15.104388 
13.719284 
18.055475 
11.126659 
13.817850 
13.033540 
12.475411 
12.491658 
12.543702 
14.346680 
18.336660 
12.350373 
10.603752 
12.866100 
13.588752 
12.514802 
13.296484 
13.729330 
14.352678 
12.244509 
12.217299 
15.280424 
12.680466 
11.371899 
15.760987 
11.480715 
15.295926 
11.745879 
12.256942 
15.027067 
14.691861 
12.591332 
14.088869 
13.649524 
13.474890 
18.121979 
13.725560 
19.868601 
18.287963 
17.865603 
16.988369 
20.687893 
22.680175 
22.997638 
