14.457004 
18.153683 
16.524161 
17.227568 
17.156334 
16.002446 
12.485821 
17.690255 
13.411054 
14.521682 
11.998864 
16.268855 
13.513961 
15.652781 
15.785335 
12.735526 
11.477193 
13.734042 
14.060726 
12.182243 
13.929487 
17.174200 
14.247705 
13.237464 
16.957075 
11.788262 
14.092817 
15.434740 
12.348503 
15.535131 
13.653658 
14.082584 
11.912916 
12.487134 
14.605046 
12.832760 
12.134037 
17.535209 
15.056787 
13.914728 
17.318488 
13.725010 
12.938788 
14.027895 
13.420639 
13.842603 
13.676298 
12.586519 
12.693845 
15.820185 
12.311548 
12.524189 
12.316450 
13.689605 
14.867870 
15.202050 
13.499793 
17.902776 
11.238043 
13.812789 
12.911671 
12.498065 
12.064089 
12.459790 
18.405175 
12.528508 
10.771773 
12.985482 
13.576638 
12.594943 
13.416317 
13.720396 
14.238605 
12.278105 
12.159656 
15.202838 
12.099464 
11.244116 
15.703072 
17.238857 
15.385953 
11.775401 
12.332010 
15.171803 
14.243009 
12.374699 
13.918254 
13.600998 
13.434106 
15.381618 
13.817180 
18.070306 
15.167265 
15.595081 
15.746720 
19.401299 
19.441981 
19.541572 
26.512279 
17.908553 
