14.219827 
16.979182 
16.588580 
17.389527 
13.978987 
16.436327 
12.607878 
13.650379 
14.744280 
12.323537 
16.784136 
13.511654 
15.154920 
15.793445 
12.856825 
11.617611 
13.789269 
14.114062 
12.111107 
14.388810 
17.106586 
14.241320 
12.960731 
16.998053 
11.790560 
14.481796 
15.008139 
12.658324 
15.755668 
13.754212 
14.102553 
11.944593 
12.647180 
14.698589 
12.819095 
12.913202 
16.363878 
15.120957 
13.029724 
14.753388 
14.053826 
13.806217 
14.142703 
13.240735 
13.885023 
13.656799 
13.199650 
12.930543 
15.622416 
13.046084 
12.702112 
12.554176 
13.514638 
14.807510 
14.991109 
13.487237 
17.981668 
11.357809 
13.834552 
12.787559 
12.614906 
16.778057 
18.411610 
12.728636 
10.978402 
14.137200 
18.467686 
13.084001 
13.884206 
12.475449 
17.181184 
12.378015 
12.204004 
15.279351 
12.160407 
11.147433 
15.903656 
14.924821 
15.430185 
11.838072 
12.398155 
15.244533 
14.408395 
12.852985 
13.637482 
13.662429 
13.490103 
14.139884 
13.932715 
14.687791 
13.180958 
13.576235 
13.386926 
14.025854 
13.784303 
13.673068 
18.636234 
13.150584 
15.691010 
15.651014 
