14.139272 
17.014378 
16.369353 
15.152742 
13.960723 
13.750379 
12.747563 
13.847849 
15.014123 
12.493338 
16.867206 
13.220614 
15.296846 
15.954241 
12.787092 
11.713646 
13.726102 
13.858490 
12.019099 
14.493565 
16.998475 
13.941393 
13.072082 
16.028452 
13.047840 
14.506330 
15.148396 
12.830453 
13.510355 
13.866500 
11.739044 
12.851675 
14.728875 
12.852391 
13.114996 
16.516890 
14.822474 
12.984891 
14.354861 
14.827340 
14.121976 
13.265117 
13.199255 
13.620871 
13.191925 
13.436719 
13.102866 
15.314965 
13.303669 
12.810548 
12.746368 
13.637619 
14.305899 
14.933242 
13.263786 
17.089355 
13.752066 
13.608715 
12.610903 
12.447050 
16.216298 
17.911542 
12.835369 
11.157830 
14.489513 
17.956121 
13.229103 
13.899349 
12.550847 
17.232498 
12.467357 
29.778522 
12.177877 
11.109706 
15.820546 
14.601365 
15.101581 
11.649890 
12.350095 
14.112743 
12.689315 
14.245132 
13.654551 
30.352918 
13.256735 
14.095575 
13.951884 
14.287137 
13.100681 
13.083544 
13.479169 
14.136092 
13.370574 
13.174205 
17.718389 
12.587407 
14.525849 
14.455416 
42.405276 
42.236507 
