13.752564 
17.021984 
16.013015 
15.115314 
13.816183 
13.729560 
12.699268 
13.864355 
15.032778 
12.572173 
17.019776 
13.285292 
15.266755 
15.929099 
13.010611 
11.711669 
13.633136 
13.563450 
12.043965 
14.346367 
16.862967 
14.240319 
13.057513 
15.957482 
13.032160 
14.442362 
15.162713 
12.960921 
13.916683 
12.026913 
12.489435 
12.809031 
14.721125 
12.916855 
13.492952 
16.510277 
14.919968 
12.872087 
13.872445 
14.812087 
14.102646 
13.328619 
13.150289 
25.708802 
13.734178 
13.155628 
28.112383 
13.750819 
12.843885 
12.764497 
13.676203 
14.451015 
14.885931 
13.567264 
17.032062 
13.732553 
14.368181 
12.589994 
15.448573 
15.244861 
12.890553 
11.164646 
14.990965 
17.249558 
13.358249 
13.882393 
12.488051 
17.174761 
12.507314 
16.979113 
12.145523 
11.000143 
13.508003 
13.965796 
12.237893 
12.319998 
14.002486 
12.705377 
14.231688 
13.609928 
18.068941 
13.478286 
14.076788 
13.968898 
14.565606 
13.079944 
13.052232 
13.514753 
14.131418 
13.621436 
13.369180 
17.089833 
12.019042 
13.082469 
12.992073 
17.879494 
17.714847 
13.366994 
33.551818 
32.451216 
