13.573227 
17.113186 
16.065187 
15.417950 
13.726612 
12.958087 
12.249535 
13.854376 
14.982964 
11.267820 
17.177744 
13.454731 
15.279946 
16.103995 
11.663804 
14.907924 
13.299183 
12.049337 
24.559471 
16.840812 
14.266591 
12.895831 
15.412483 
12.841827 
15.179925 
13.512967 
13.647561 
21.967794 
12.336054 
11.064164 
14.473515 
12.671774 
13.074146 
13.623953 
14.412729 
12.737566 
13.706476 
15.058207 
14.179404 
13.198873 
11.498814 
20.139748 
22.931794 
13.692091 
12.741606 
21.804999 
13.759938 
14.295466 
15.142627 
13.804977 
16.803330 
13.384525 
14.516084 
12.481851 
14.670662 
15.126072 
12.545829 
10.200222 
14.554967 
16.865582 
13.119203 
12.914119 
12.449927 
17.117682 
12.491810 
15.898014 
11.798622 
10.932215 
13.536191 
13.834474 
12.245701 
12.396851 
13.903842 
12.904595 
13.216255 
13.530045 
17.042340 
13.608489 
11.420035 
14.002950 
14.998886 
13.555660 
13.105148 
13.517466 
14.142930 
13.479398 
13.401125 
16.895483 
11.821776 
21.030515 
12.316727 
16.033598 
15.946904 
12.969833 
23.025156 
21.972452 
24.909975 
29.232403 
23.748629 
25.001058 
