13.365758 
16.871768 
25.236247 
13.143150 
12.950686 
13.038945 
12.642929 
12.209689 
11.911461 
16.955538 
13.220323 
14.614783 
15.885679 
11.707431 
14.460247 
13.122316 
12.099599 
20.726827 
16.798035 
14.456789 
13.767629 
15.513519 
12.600518 
14.854636 
14.058291 
20.663507 
12.265963 
12.923276 
12.511302 
14.300660 
12.559317 
13.047499 
13.518745 
14.400927 
12.435123 
13.555996 
14.836051 
13.896847 
12.495921 
11.460161 
19.087034 
21.862475 
14.045026 
12.887233 
21.090390 
13.870106 
14.441990 
15.151580 
13.642052 
16.113366 
13.649004 
15.001302 
11.296997 
14.757682 
13.469260 
10.155952 
14.603050 
16.946936 
12.466352 
12.889071 
11.368492 
16.313578 
13.144255 
15.418677 
11.783117 
10.871108 
13.828384 
14.349209 
12.671396 
12.104366 
14.151943 
12.759369 
13.203910 
13.231812 
16.638524 
13.637775 
11.457993 
12.839833 
15.099233 
13.582469 
13.075389 
13.239394 
13.874562 
13.622097 
13.695667 
17.043384 
12.088310 
20.748308 
12.336908 
15.511576 
15.355169 
13.110323 
20.894770 
29.178246 
22.022522 
21.423300 
23.000195 
24.001677 
24.883053 
27.431791 
