13.408392 
16.362203 
19.104155 
12.559436 
12.813608 
12.998351 
12.233768 
12.738321 
13.794050 
13.858876 
15.395907 
11.606005 
13.403088 
12.842874 
11.627680 
17.008302 
16.057660 
13.983529 
13.757212 
15.037637 
13.338304 
14.434530 
14.076460 
15.897671 
13.117440 
14.027748 
14.725118 
14.602880 
17.470554 
13.630585 
14.307202 
12.493529 
13.858921 
14.574210 
13.079817 
10.735095 
12.894568 
14.343124 
16.443076 
14.470170 
13.003327 
16.953120 
13.658227 
13.724455 
14.969094 
11.906388 
16.040804 
13.893804 
16.651139 
12.120817 
14.460673 
12.638190 
11.240234 
20.584182 
13.159559 
12.905179 
11.102136 
15.274192 
11.693286 
28.627664 
12.233194 
10.904585 
14.577353 
22.098924 
12.512208 
13.268833 
13.053565 
13.367292 
10.950984 
14.257617 
24.006244 
11.384516 
13.047910 
14.590208 
13.592579 
13.084417 
15.399701 
12.234409 
14.112197 
16.027969 
14.349576 
12.765681 
15.109684 
14.315437 
13.140807 
20.284251 
14.158847 
13.404768 
14.300889 
15.605254 
13.837455 
15.347708 
16.175239 
14.539800 
33.833393 
31.123837 
19.639815 
19.724097 
21.034085 
24.252645 
