13.502061 
16.199281 
19.081317 
12.311087 
12.814607 
12.698601 
12.278445 
12.802094 
13.783489 
13.823649 
15.584898 
11.653384 
13.730714 
12.846657 
11.641770 
16.871665 
16.037517 
13.977448 
13.772951 
13.970531 
13.244683 
14.444126 
14.119737 
15.788982 
13.163141 
14.108714 
14.682859 
14.523960 
16.917816 
13.602334 
11.906905 
12.469729 
13.816474 
14.772029 
55.897752 
10.671492 
12.607473 
17.743593 
15.759988 
14.475564 
13.017767 
16.924016 
13.513871 
13.886566 
14.916456 
11.878686 
15.987422 
13.617939 
16.656948 
12.041174 
14.440593 
12.671127 
11.259588 
19.834758 
13.168543 
12.905849 
11.073680 
15.254760 
11.722183 
26.835044 
12.196082 
10.881532 
14.435492 
15.138727 
12.800644 
12.455495 
13.035051 
13.237467 
10.962480 
14.380063 
22.758340 
11.297517 
13.082069 
14.128236 
13.553570 
12.963974 
64.909318 
13.885995 
15.514187 
14.135339 
12.704971 
14.901906 
14.357814 
13.563320 
13.992237 
13.235133 
14.052668 
15.251585 
13.711588 
15.248189 
21.278624 
14.023695 
30.799715 
28.113347 
18.587990 
18.682907 
18.866506 
22.106056 
99.714165 
96.991582 
