12.991991 
14.891009 
20.051874 
12.698127 
12.977427 
13.254804 
12.651674 
13.475535 
14.444372 
13.356736 
14.660473 
11.361409 
14.182340 
12.596820 
11.739835 
16.868910 
15.098910 
13.667215 
13.882851 
14.323532 
13.752552 
14.312042 
14.392963 
15.851983 
13.532642 
14.563261 
12.483568 
14.844481 
15.107964 
13.937682 
12.307102 
13.106504 
14.005203 
14.889272 
16.652518 
10.912649 
12.887760 
14.812881 
16.603404 
15.221386 
13.385842 
17.295612 
13.795487 
14.045719 
16.371218 
11.813248 
16.033716 
14.170294 
17.303050 
12.292270 
13.833651 
12.958397 
11.509179 
17.432270 
13.332886 
14.598324 
10.957170 
15.407470 
12.077922 
18.488557 
11.251298 
14.790824 
15.060988 
13.237353 
12.996464 
13.268169 
14.028610 
11.560242 
14.124784 
16.246535 
13.447515 
14.171706 
13.379413 
15.622225 
17.633758 
14.140382 
14.816574 
14.058549 
12.896550 
15.508838 
17.081752 
14.286694 
13.899700 
13.045866 
14.038314 
15.157618 
13.317205 
14.363333 
17.236085 
13.281394 
15.508764 
14.125346 
13.163210 
13.813782 
13.581723 
15.898171 
15.635687 
15.808057 
14.859379 
14.074206 
