12.575968 
15.222644 
14.619468 
11.333701 
14.575980 
11.362398 
11.960555 
41.295003 
15.141487 
12.811174 
12.045426 
15.300223 
13.121215 
13.940194 
16.243811 
14.047940 
13.589780 
13.317813 
15.837418 
13.692267 
22.119712 
12.837558 
16.282888 
12.304795 
14.476331 
14.797072 
14.507089 
11.786504 
12.931425 
12.992746 
14.905360 
14.560661 
18.850980 
15.145302 
14.470499 
15.612316 
12.728490 
26.310137 
13.608010 
12.994712 
14.702031 
12.602952 
12.708486 
16.605713 
13.340788 
16.403242 
12.857046 
12.983246 
16.152223 
12.599675 
13.239950 
13.260640 
12.618350 
14.425230 
11.781087 
14.106094 
14.650916 
12.925073 
13.288062 
33.646459 
11.513199 
12.857979 
13.785398 
13.433019 
12.725614 
12.480207 
13.725517 
15.864567 
13.541742 
13.966458 
13.295687 
12.264877 
13.959874 
16.790792 
14.284096 
13.289195 
12.647346 
17.213899 
14.896641 
16.039430 
12.756133 
12.389893 
13.981024 
12.347623 
24.840905 
12.592079 
14.881268 
12.524627 
13.061045 
14.210033 
12.997827 
14.925535 
14.971009 
13.341916 
21.217627 
16.856535 
50.639770 
53.345967 
32.862745 
32.431362 
