12.628063 
15.244854 
14.463945 
11.262731 
14.297961 
11.404773 
11.995587 
25.517196 
15.217056 
12.946645 
12.148137 
15.511403 
12.910859 
13.775941 
19.542976 
13.992005 
13.426540 
13.316852 
15.586956 
13.802534 
20.508157 
12.720812 
16.013975 
12.438327 
14.843453 
15.023214 
14.745132 
11.767734 
12.823118 
12.522009 
15.223457 
14.699433 
17.157409 
14.493464 
14.281446 
15.457149 
12.937172 
20.995367 
13.960110 
12.771132 
14.462500 
12.591128 
12.607192 
16.699306 
13.098795 
16.116674 
13.238875 
13.243278 
16.416105 
12.097656 
13.363118 
13.282836 
12.815302 
14.310825 
11.839024 
14.141461 
12.953708 
13.173354 
23.741558 
11.530862 
12.790622 
13.676913 
13.686150 
12.641605 
12.649248 
13.664463 
15.906547 
13.861129 
13.809901 
16.652810 
14.369361 
16.725853 
14.161945 
13.470755 
12.977490 
16.661225 
14.700348 
15.585550 
12.054105 
12.296737 
13.838856 
12.422879 
19.898937 
12.414170 
14.669414 
12.614126 
13.077911 
14.047019 
13.005652 
13.787589 
13.900242 
13.122250 
17.797435 
13.622692 
25.164215 
27.877122 
22.654627 
22.150324 
17.775007 
20.007458 
