12.586369 
15.198355 
14.415071 
11.325789 
14.359621 
12.162190 
12.097326 
22.103976 
15.203644 
12.907052 
12.024706 
12.852607 
13.632242 
18.691442 
13.890537 
13.317025 
13.592978 
27.320418 
26.222162 
19.912557 
12.655413 
16.033733 
12.396751 
14.708572 
14.900285 
14.676423 
14.202314 
12.837831 
12.593936 
15.347054 
14.711239 
17.107893 
13.461625 
14.029107 
13.376693 
12.738440 
18.718590 
12.493980 
12.612812 
14.317596 
12.501647 
12.532633 
16.811253 
16.182599 
13.260952 
13.600110 
15.893440 
12.203146 
13.262891 
13.291590 
15.163256 
14.259290 
11.770137 
14.259189 
10.997450 
12.749991 
21.869635 
11.520014 
12.746175 
13.612934 
13.439854 
12.760013 
12.615027 
13.634968 
15.884745 
13.747062 
13.860557 
15.839666 
13.997549 
16.663859 
13.162198 
13.392697 
12.780678 
16.006656 
14.572733 
15.962459 
12.232635 
12.261682 
13.801947 
12.206477 
17.949889 
12.719161 
14.795308 
12.617275 
13.050560 
13.950522 
12.893089 
13.814423 
12.086618 
13.156591 
16.765013 
12.598352 
19.962134 
22.440789 
18.722973 
18.257083 
16.292948 
18.519409 
30.796282 
30.639223 
