12.660687 
15.161695 
14.329982 
11.288721 
14.479680 
11.830057 
11.874443 
20.764060 
15.109099 
12.847457 
11.850641 
12.638082 
13.686378 
17.404878 
13.933818 
13.322935 
13.441867 
24.358805 
23.245362 
19.246738 
12.353672 
15.769537 
12.595376 
15.418327 
15.264185 
14.668146 
14.729786 
12.994368 
12.497912 
15.379318 
14.701931 
16.856296 
14.195175 
14.370465 
12.405852 
12.599506 
17.700660 
22.491945 
12.679595 
14.422167 
12.573012 
12.450019 
16.839018 
15.537957 
23.911989 
15.883454 
12.052327 
13.193293 
13.331566 
15.037550 
14.144812 
11.883522 
13.836759 
11.093713 
13.065285 
20.845497 
11.587661 
12.736948 
13.558542 
13.133372 
12.714823 
13.670821 
15.903412 
12.773774 
14.682559 
15.227596 
13.835405 
16.606194 
14.034195 
12.998321 
12.359582 
15.404723 
14.552036 
15.767736 
11.448793 
12.198219 
13.647750 
12.974379 
17.192051 
13.369601 
14.905578 
12.625325 
13.037689 
13.998803 
12.903788 
12.512441 
11.224252 
13.048663 
15.833917 
11.848345 
17.619284 
19.756391 
16.992734 
16.491934 
14.651209 
16.200312 
24.233157 
24.132064 
28.470518 
28.172487 
