12.966003 
14.565346 
13.139746 
11.714161 
14.320235 
12.483275 
12.505268 
16.748649 
15.511391 
17.936077 
12.456927 
13.818271 
17.623120 
14.545450 
11.831015 
14.137000 
19.258900 
13.815175 
17.650038 
11.714511 
14.398660 
12.926565 
12.278007 
14.406871 
14.264170 
15.713299 
13.506656 
13.062727 
14.502233 
14.299262 
14.514588 
13.745750 
13.976609 
13.114122 
18.030605 
16.413598 
17.918737 
11.733860 
15.300257 
12.585204 
11.876288 
14.787859 
19.082546 
14.811272 
12.770144 
13.175720 
13.623863 
15.827037 
14.141719 
11.944221 
12.946456 
11.893248 
13.500518 
15.325269 
11.883984 
12.955908 
13.876162 
13.464444 
12.748090 
13.954085 
16.077973 
10.676336 
16.442495 
13.832772 
16.493772 
14.328201 
19.310720 
12.308960 
15.851933 
17.938639 
19.223867 
12.395296 
13.230867 
12.629481 
14.420606 
13.974257 
13.192468 
12.602624 
12.898540 
13.862062 
12.896479 
13.409533 
11.954342 
13.257889 
13.948196 
12.003851 
17.731255 
13.674826 
14.076068 
13.664630 
14.210222 
14.117420 
16.036042 
17.792222 
18.556803 
18.146086 
16.626538 
16.948469 
22.041563 
20.092636 
