12.893073 
14.564044 
13.149538 
11.739904 
12.494620 
12.495164 
12.491060 
16.162181 
15.535394 
17.861669 
12.602435 
13.639228 
17.503076 
14.352796 
11.698721 
14.185304 
18.789993 
13.128096 
17.418947 
57.770507 
14.586623 
12.846806 
12.232162 
14.194306 
12.407508 
15.730135 
13.503127 
13.083044 
14.560300 
14.325704 
14.334619 
13.758442 
14.006360 
13.134576 
17.323166 
15.721442 
17.737675 
12.015872 
15.320224 
12.241474 
11.748412 
14.668170 
19.150271 
14.771419 
12.824778 
12.794775 
13.638195 
15.894460 
14.124338 
11.670249 
12.995245 
11.893090 
13.458111 
18.104376 
11.866417 
12.916880 
13.844697 
13.756625 
12.180671 
16.064853 
10.679878 
16.379673 
13.766651 
16.463302 
14.364453 
54.838782 
15.796203 
17.966355 
19.009650 
12.388542 
13.243635 
12.563078 
14.263887 
13.985152 
13.218919 
12.602904 
12.900473 
13.547261 
11.720369 
13.406870 
11.936109 
13.307262 
13.878382 
11.801539 
16.131711 
13.202986 
13.643803 
13.224704 
14.132034 
14.022438 
14.763285 
16.193891 
18.263233 
17.850893 
15.655437 
15.786688 
21.522266 
19.797642 
102.846703 
93.339882 
