12.262403 
14.873806 
48.124925 
13.355261 
13.560360 
14.682093 
17.616918 
14.942898 
12.525081 
16.913571 
15.994905 
11.511879 
15.884129 
14.642626 
11.017178 
14.837683 
12.038911 
17.333415 
14.578705 
14.218570 
12.380026 
15.365020 
15.262704 
13.481034 
12.676025 
13.149734 
13.265242 
13.909650 
12.913855 
15.788298 
13.245068 
15.013242 
15.126738 
13.239518 
12.083746 
10.387871 
15.106116 
16.949891 
14.080049 
13.274715 
14.230915 
15.534904 
12.772676 
12.138373 
12.991493 
11.409168 
12.895534 
13.196221 
48.944822 
12.361305 
13.027539 
13.842593 
14.372961 
10.434742 
16.264747 
13.040778 
12.483680 
13.981498 
12.031665 
15.686058 
17.466615 
16.566287 
15.656046 
12.786185 
12.414682 
13.624115 
12.670349 
12.540462 
13.135716 
12.003884 
12.761260 
11.496319 
15.145214 
12.184497 
13.613593 
11.820535 
11.280007 
13.920070 
24.121304 
12.844802 
12.919150 
14.043381 
13.322157 
13.158071 
13.164069 
15.909461 
22.887240 
15.696172 
17.886425 
17.506576 
15.446306 
14.702520 
17.078484 
25.098173 
22.535849 
17.849077 
15.669857 
16.946822 
71.288143 
74.497214 
