12.464990 
14.843298 
13.606467 
11.436578 
13.222180 
14.740747 
17.730167 
14.703095 
12.469623 
15.601743 
15.783862 
11.797267 
12.787380 
14.699723 
11.100800 
14.588381 
11.749686 
16.834263 
14.042650 
14.173510 
12.434587 
15.542344 
15.608651 
13.551643 
12.600306 
13.436539 
13.433580 
13.768916 
86.311698 
15.586749 
35.028951 
13.553862 
14.884820 
13.392606 
12.266217 
10.422304 
15.219032 
13.461149 
13.308774 
56.722165 
15.706419 
12.839386 
12.158677 
13.609333 
11.555263 
12.991419 
13.344560 
13.993588 
12.452786 
13.157228 
12.210127 
14.487341 
12.358482 
13.456935 
12.730785 
12.521717 
13.865938 
13.481430 
14.541322 
16.934571 
13.573975 
15.177808 
12.561501 
35.911181 
107.501288 
12.236630 
13.342914 
12.152044 
12.106458 
11.179729 
15.482377 
13.102817 
13.722897 
11.922397 
14.067679 
21.750886 
12.973361 
13.072764 
15.185620 
12.546958 
12.779962 
12.820047 
14.970049 
18.407363 
14.094980 
16.923569 
55.039952 
13.397414 
14.153409 
16.542341 
21.302383 
17.292336 
16.991212 
14.773076 
88.581735 
94.819477 
52.116333 
49.686255 
176.421505 
173.269733 
