12.796207 
13.007582 
12.206569 
13.152840 
15.599571 
13.022201 
11.925986 
11.611021 
14.014017 
13.238745 
10.637735 
12.814793 
18.682285 
13.559106 
18.802817 
26.081068 
11.951956 
11.018357 
15.952284 
15.399904 
13.048021 
12.957755 
13.428300 
11.804764 
13.880510 
14.477569 
14.256141 
12.864882 
13.088498 
15.556820 
14.126963 
11.834035 
12.938810 
13.467993 
13.015867 
14.641554 
16.174005 
17.066351 
16.261082 
13.069776 
12.982584 
18.238473 
14.227433 
11.989875 
13.076097 
15.405763 
12.949617 
13.101178 
10.965981 
16.001410 
16.906602 
10.648364 
12.684748 
19.392001 
12.069206 
11.738072 
14.182524 
13.057558 
12.829506 
18.193637 
15.822262 
15.255102 
13.013986 
12.312701 
12.837833 
13.307473 
14.319488 
11.642038 
13.892951 
13.701875 
17.292241 
14.710634 
13.289944 
25.079165 
12.433528 
13.437255 
16.585804 
14.588383 
12.618597 
13.659887 
13.502767 
12.176990 
13.597781 
13.788835 
17.435923 
15.136896 
14.840012 
15.414780 
15.748824 
16.094900 
17.830283 
14.167319 
16.460661 
14.113254 
18.210530 
15.902822 
17.806041 
18.826668 
31.944604 
28.964139 
