12.413097 
15.094668 
13.964715 
11.670307 
13.089699 
15.518761 
17.407328 
13.811296 
12.974060 
16.345608 
14.461356 
12.952454 
13.424002 
26.872944 
14.859989 
11.633558 
15.630751 
15.926636 
12.431094 
13.186206 
12.605851 
13.367226 
12.292194 
13.029030 
14.005265 
12.358178 
11.992830 
32.094012 
12.612902 
27.800795 
12.509883 
10.890551 
16.656303 
12.896251 
13.199398 
14.078550 
18.745954 
13.391962 
11.942064 
13.025091 
26.163894 
12.750021 
17.016573 
12.307070 
13.308861 
13.849003 
14.916462 
12.669394 
14.085115 
11.788599 
12.642387 
12.665891 
14.716811 
14.258634 
13.264473 
13.902146 
12.975604 
11.799401 
11.941081 
12.135301 
12.490774 
15.618071 
15.199901 
11.549678 
12.684235 
15.910693 
12.263413 
18.040083 
14.239247 
13.247978 
15.361811 
11.423885 
16.654476 
14.125404 
15.704808 
23.670974 
14.941473 
18.240657 
11.887548 
14.107251 
16.157381 
13.113534 
27.164199 
12.881984 
18.498048 
18.324572 
11.939257 
12.089148 
15.180577 
16.265824 
17.019263 
16.936159 
32.232291 
34.751859 
49.527465 
41.633758 
34.766269 
34.409234 
43.495183 
27.244898 
