12.225315 
15.022851 
13.788578 
13.229761 
12.230172 
15.387620 
17.047367 
13.814018 
13.201039 
17.201996 
14.586541 
12.494405 
13.783686 
20.787580 
15.365021 
11.520118 
15.302368 
15.328192 
11.620324 
14.056537 
13.339570 
13.411525 
12.291639 
13.482589 
15.076890 
11.648460 
12.853820 
14.375734 
12.901528 
13.587737 
13.723485 
10.933117 
16.970246 
11.763151 
13.388350 
14.025278 
16.590951 
13.559068 
12.263737 
13.174021 
23.769598 
12.935343 
15.294213 
12.232502 
13.727796 
12.454433 
14.624042 
13.003012 
13.698833 
12.464010 
12.554710 
13.239893 
13.872922 
15.040530 
13.347575 
13.523054 
12.117567 
12.294927 
12.010031 
13.203584 
14.990047 
15.825463 
12.297148 
12.629223 
15.123720 
11.604331 
17.931640 
14.510643 
13.410377 
28.658381 
10.995339 
15.851949 
13.881126 
15.359781 
18.514219 
14.650095 
16.446239 
12.300351 
22.286340 
15.421842 
13.090884 
21.945641 
12.436156 
15.534988 
15.240568 
11.916839 
12.597539 
13.809488 
15.130829 
16.054641 
15.938820 
23.362136 
20.955801 
32.805161 
23.816456 
23.258763 
20.642849 
18.178833 
44.115218 
40.780054 
