23.485962 
14.824899 
13.867936 
13.333549 
12.326908 
13.562640 
17.291599 
14.293160 
12.184203 
17.235439 
14.517362 
12.479075 
13.939534 
18.143973 
13.233429 
13.545801 
13.077004 
15.563050 
11.691291 
14.163995 
13.718411 
14.107753 
12.464531 
13.837168 
15.583334 
11.766656 
12.986746 
24.239114 
13.026346 
13.848633 
13.741643 
12.010955 
11.880603 
13.182168 
14.264640 
15.852950 
13.134898 
12.276232 
13.672174 
18.205202 
13.093825 
11.872657 
14.005768 
12.819261 
14.375150 
13.107024 
13.802936 
12.516500 
11.752429 
13.613535 
14.061804 
15.337385 
13.458978 
12.639576 
12.201389 
12.574891 
12.180969 
13.397335 
14.351825 
16.452831 
14.899397 
12.192937 
14.952543 
11.655292 
17.902394 
14.554128 
13.136172 
22.321013 
11.190879 
15.643701 
13.733396 
15.411678 
16.842422 
14.803765 
15.775205 
12.335684 
19.954257 
15.494438 
13.130639 
19.561800 
13.791293 
23.967987 
14.182487 
11.991993 
12.906401 
13.228078 
14.535755 
14.777351 
14.594307 
18.826969 
16.769262 
13.761100 
16.411772 
16.477066 
17.204921 
14.960382 
30.293042 
23.935710 
28.938319 
27.960156 
