18.059578 
15.127253 
13.953212 
13.823618 
12.495842 
13.393164 
17.572558 
14.724938 
18.515553 
17.278349 
14.719548 
12.576033 
13.769128 
23.154457 
13.203915 
13.230044 
13.049033 
16.131060 
11.890606 
14.374322 
13.748689 
14.305216 
12.652041 
13.014109 
15.407562 
11.844561 
13.110076 
20.007377 
13.174644 
14.431100 
13.863791 
12.372109 
12.191319 
13.162060 
14.661857 
14.882479 
13.227642 
12.410055 
16.795528 
13.110202 
12.210829 
15.419915 
13.364461 
14.838372 
13.489121 
14.034163 
12.549794 
11.974943 
12.777688 
14.330839 
12.977857 
13.142726 
12.825694 
12.411445 
14.742310 
12.440377 
13.630284 
13.603605 
14.439403 
11.901903 
14.175412 
17.709515 
14.501748 
13.200577 
19.062878 
11.315545 
15.230972 
13.005570 
15.318760 
15.730246 
15.225509 
15.442201 
12.432498 
18.827672 
15.462293 
13.021026 
18.915569 
13.631354 
19.118754 
14.034602 
12.037523 
11.422670 
12.412931 
13.562743 
13.473971 
13.231874 
15.962377 
14.597355 
13.734523 
14.059879 
13.924029 
15.482431 
13.211032 
21.171981 
16.269630 
18.962026 
18.232853 
11.746284 
19.475564 
22.044239 
