17.568946 
14.983771 
13.811507 
26.137049 
12.723457 
46.130687 
17.774403 
14.745441 
12.118129 
17.044276 
14.684604 
12.294587 
13.816239 
16.558924 
13.160661 
13.313065 
13.057051 
16.080801 
11.795405 
14.214988 
13.744516 
39.902814 
12.995043 
14.897080 
12.320714 
13.104988 
20.269350 
13.186714 
14.477341 
13.846032 
11.920199 
11.502411 
12.965961 
14.616415 
12.563328 
13.115206 
12.362561 
16.886958 
13.152846 
12.191810 
15.612906 
13.017155 
14.826320 
13.196012 
13.911388 
24.169861 
11.859684 
12.758312 
12.676385 
13.031079 
12.733308 
12.118683 
14.689419 
12.590024 
13.650446 
12.160439 
14.472166 
12.007074 
14.217598 
17.571745 
14.577195 
13.298146 
17.855403 
11.507947 
15.435436 
12.947496 
15.183529 
15.449954 
15.176603 
15.349386 
12.413123 
18.727654 
15.350719 
12.905919 
18.864176 
13.722944 
18.637941 
14.024849 
12.037025 
11.246680 
12.606612 
13.629395 
12.239668 
15.667731 
14.466640 
13.679275 
13.608395 
13.635761 
14.816047 
12.579770 
18.960947 
14.478460 
18.109511 
17.355639 
11.729297 
14.996905 
30.300953 
29.937910 
64.358727 
69.887091 
