16.480262 
15.826008 
13.638060 
18.976135 
13.226882 
67.584345 
17.298985 
15.030552 
12.258564 
16.739218 
14.612161 
12.427064 
14.984536 
14.130669 
13.425366 
12.891659 
15.525836 
16.502850 
11.916647 
14.236293 
13.496501 
81.772297 
14.007022 
14.672575 
13.322197 
15.369088 
15.423919 
12.774909 
14.156923 
13.355375 
12.648783 
11.579904 
13.025243 
14.513112 
13.198875 
13.510608 
12.206446 
13.739663 
13.781430 
18.035278 
11.338966 
15.603688 
13.174544 
14.011535 
18.284953 
12.834366 
13.134711 
12.742658 
12.871325 
13.504847 
12.243511 
15.180212 
17.261859 
13.583435 
12.203019 
12.854737 
13.800756 
16.469391 
17.475866 
15.153969 
12.169668 
13.382023 
12.310301 
13.748195 
12.387118 
14.922054 
14.682974 
15.281206 
15.421266 
11.691847 
16.128657 
15.127538 
12.731443 
13.524025 
17.347175 
14.334142 
12.231757 
11.478905 
14.844971 
11.795132 
11.365894 
12.935968 
14.263451 
12.384802 
14.536729 
11.976712 
13.988966 
14.068781 
12.139722 
15.770436 
15.126203 
11.324709 
15.444395 
17.815787 
17.301330 
13.620028 
20.506319 
17.655882 
125.550475 
128.273585 
