16.132417 
14.862501 
12.924240 
18.306967 
13.521931 
21.928850 
14.420597 
14.143134 
12.187762 
16.610154 
14.347681 
12.507653 
15.119389 
14.767348 
13.600735 
12.730083 
15.153326 
16.216158 
11.924724 
14.350637 
13.709106 
20.953849 
13.922418 
14.848552 
22.288999 
13.072963 
15.664865 
12.346156 
13.705608 
12.815053 
11.822523 
11.700328 
12.829100 
15.065267 
13.473509 
13.457841 
11.879639 
14.022883 
14.095812 
15.064906 
11.093535 
16.004725 
13.203866 
13.965290 
17.867678 
13.265852 
12.814542 
12.870832 
14.450425 
12.280928 
15.087298 
15.243031 
13.815468 
12.470079 
12.541345 
13.854083 
14.734863 
17.280261 
12.744171 
12.528730 
13.543688 
12.168992 
13.724222 
12.286474 
14.882867 
14.718330 
15.048923 
83.270337 
10.722772 
15.390854 
15.154045 
12.660639 
13.008112 
13.877743 
11.541769 
13.194076 
11.547160 
12.374949 
13.474377 
12.754797 
15.018713 
12.151846 
14.030480 
14.139868 
12.179953 
14.473008 
110.446515 
20.814312 
16.249279 
16.224909 
15.775425 
12.493668 
17.509716 
14.672877 
22.754787 
23.206460 
24.969838 
24.349463 
173.792188 
172.338587 
