14.642491 
14.885096 
13.096717 
17.899782 
13.546915 
20.936597 
14.424795 
14.205567 
12.168718 
16.400021 
14.025977 
12.482662 
15.223467 
14.911165 
13.598829 
12.688377 
15.091773 
12.936450 
11.944352 
14.561093 
13.770922 
20.074258 
13.940738 
14.889774 
21.375027 
13.169196 
15.712614 
12.395745 
13.737069 
12.849415 
11.841961 
11.703708 
12.462297 
15.235677 
13.518877 
13.412433 
12.038445 
14.082957 
14.177679 
14.318804 
10.924956 
16.038610 
13.079326 
13.612552 
17.627935 
13.309520 
12.781753 
12.816050 
14.309529 
12.280128 
15.061530 
14.892278 
13.889091 
12.551994 
12.525937 
37.372350 
16.826482 
12.886802 
12.654541 
13.391989 
12.197943 
13.811275 
12.237104 
14.775020 
14.663154 
13.886375 
85.040437 
10.665582 
15.294212 
15.034906 
12.496960 
12.937510 
13.960560 
11.557368 
13.305161 
11.591347 
12.356574 
13.388409 
12.785365 
36.459328 
12.148741 
13.961998 
14.140726 
12.120075 
60.457095 
19.818286 
16.284846 
15.542885 
15.112550 
12.595249 
16.704237 
13.936785 
20.820986 
21.305183 
22.972881 
22.375819 
124.318124 
126.771465 
50.748699 
51.134995 
