12.645343 
12.744209 
14.104551 
17.701217 
13.387107 
20.201251 
17.470051 
14.057372 
13.425980 
16.594933 
14.211690 
12.574542 
14.989109 
14.555211 
13.267695 
12.503668 
14.864457 
13.625121 
12.177263 
14.857021 
13.795661 
20.288693 
13.705803 
14.878980 
20.802830 
13.212148 
15.769116 
12.134349 
13.157682 
12.961486 
13.044902 
11.699071 
13.083955 
14.234123 
13.620771 
12.466483 
12.644268 
14.196857 
14.106644 
13.952721 
10.308886 
16.380389 
13.084749 
13.711924 
17.515172 
13.230428 
12.721735 
12.731615 
12.345180 
14.782894 
15.241986 
13.825462 
12.603639 
12.024429 
31.843572 
17.222980 
12.792732 
12.589245 
13.506769 
11.988105 
13.721147 
11.992919 
14.688993 
14.655450 
14.116243 
480.570558 
10.554740 
14.464968 
15.071478 
12.558756 
11.144397 
14.334348 
11.486948 
13.230027 
11.624754 
11.293629 
14.285153 
13.132804 
31.310870 
12.064637 
13.978483 
14.215996 
12.176115 
16.351993 
19.533781 
14.130968 
15.091741 
14.745579 
12.606473 
13.578916 
16.440302 
20.777180 
21.027032 
22.005827 
21.436080 
145.994643 
40.156075 
40.576862 
604.297585 
607.212729 
