12.950716 
13.522804 
13.776668 
15.666378 
13.338726 
16.485836 
16.333720 
12.891736 
15.619472 
13.273425 
13.109237 
11.870256 
16.346923 
13.732757 
13.262429 
12.823363 
15.050767 
15.990238 
24.357950 
15.451975 
14.265687 
15.226414 
13.688920 
15.612418 
14.125187 
12.834386 
16.269115 
11.503798 
13.427144 
13.623332 
24.428347 
14.805716 
11.196547 
13.890040 
12.522241 
14.650266 
14.748294 
10.929344 
12.469674 
16.842474 
13.284460 
20.225505 
16.849209 
13.752344 
13.463203 
12.287691 
14.295391 
13.390081 
15.172126 
16.030249 
13.602447 
14.950102 
13.825453 
12.958041 
11.490077 
16.132150 
12.232693 
19.665017 
14.833755 
13.170569 
14.022706 
12.261110 
12.430597 
13.810091 
12.156771 
12.558722 
11.955982 
12.434093 
13.507201 
13.919980 
18.519391 
12.173565 
14.319854 
14.429417 
12.037253 
14.629957 
12.146035 
11.888335 
11.691487 
16.705007 
14.373153 
11.957627 
14.153393 
12.772885 
12.640692 
11.976188 
15.196768 
14.695937 
13.535879 
13.797855 
15.078165 
13.282135 
21.887845 
14.360910 
25.441341 
20.683898 
17.022801 
20.680383 
31.041037 
31.626634 
