13.046314 
13.489213 
13.862531 
15.671042 
13.384197 
16.285783 
16.497118 
12.925985 
15.575880 
13.124735 
13.249097 
11.849304 
16.321300 
13.614995 
13.178667 
12.723496 
14.979809 
16.064088 
41.615250 
15.414239 
14.240990 
15.272985 
13.610860 
15.521678 
14.143033 
12.910679 
16.237192 
11.524069 
13.371850 
13.607071 
23.047254 
14.594421 
11.463826 
13.876342 
12.479246 
14.638962 
14.738610 
11.090886 
12.601904 
16.808872 
13.142574 
16.828736 
13.726653 
13.285776 
12.575434 
14.330079 
13.302973 
14.961321 
16.003004 
13.271379 
14.965598 
13.818008 
12.944515 
11.505453 
16.084036 
12.238098 
12.894709 
14.863556 
13.226646 
14.094491 
11.732868 
12.409339 
13.844032 
12.080663 
12.566495 
11.921438 
12.424541 
13.464080 
13.877063 
18.479326 
12.159028 
14.254914 
14.410809 
12.008329 
14.507925 
12.137439 
11.846102 
11.713319 
16.862773 
14.600326 
11.782940 
13.987131 
12.721967 
12.547489 
12.085683 
15.108370 
14.662706 
13.458074 
13.792877 
14.940250 
13.292333 
21.265229 
13.990646 
36.203358 
16.222375 
19.838739 
28.369539 
29.014838 
43.695097 
43.559150 
