12.862791 
13.605711 
13.924563 
15.605032 
13.385536 
15.984267 
16.649077 
12.921301 
15.522771 
12.817859 
13.491859 
11.858822 
16.207598 
13.515663 
13.082145 
12.727015 
15.050414 
13.361652 
35.203083 
14.819654 
14.103124 
15.155083 
13.495864 
15.404357 
14.286822 
13.262218 
16.134322 
11.457148 
13.240254 
13.312573 
19.795410 
14.701503 
11.562273 
13.752501 
12.566718 
14.477114 
14.610133 
11.138757 
12.709542 
16.646053 
17.068303 
13.624901 
22.656641 
12.735177 
14.381087 
13.287723 
14.060305 
16.007198 
14.767382 
14.914102 
13.741653 
12.843454 
11.527637 
15.782447 
12.515907 
12.823243 
14.840004 
14.044815 
10.991890 
12.423157 
14.552802 
12.113002 
12.634479 
11.864110 
12.323682 
13.566692 
13.734170 
18.332249 
12.060768 
14.069873 
14.248358 
11.893630 
14.427810 
12.116957 
11.810516 
11.745237 
16.893116 
14.694918 
11.485262 
13.587815 
12.292209 
11.940717 
12.440406 
15.065615 
12.136135 
12.928749 
13.737066 
14.609114 
12.852421 
18.811463 
12.742490 
17.389001 
14.370406 
17.107921 
21.500725 
22.910635 
42.252291 
35.144903 
25.332567 
38.921047 
