13.994585 
12.648002 
12.753635 
12.885653 
12.587010 
15.783415 
16.121516 
12.869167 
12.210106 
12.618147 
12.717436 
11.595330 
13.135874 
12.770061 
11.140616 
14.037108 
33.498141 
13.649714 
18.638096 
15.391834 
12.037173 
13.120784 
11.325611 
14.740601 
11.959274 
23.940182 
12.773503 
17.651490 
14.430528 
11.592937 
12.891911 
17.182352 
13.040527 
15.629062 
12.827171 
16.270877 
15.664933 
14.162076 
13.074017 
15.583877 
10.832124 
16.714919 
15.451763 
13.392740 
16.946872 
12.896492 
11.171834 
15.092680 
12.428948 
12.708521 
14.349119 
13.622248 
10.954012 
12.359769 
17.805384 
13.232440 
14.136346 
12.130072 
11.220878 
18.449280 
18.014855 
11.828246 
13.740573 
13.824177 
11.826544 
13.985928 
12.478363 
12.040999 
14.503713 
11.393060 
13.851853 
15.077873 
11.035033 
11.721189 
14.816828 
11.087313 
12.981852 
13.264331 
23.406536 
16.328880 
21.266900 
16.870719 
13.001088 
13.881995 
14.968860 
16.522460 
18.663950 
16.394275 
20.117260 
19.438748 
17.921758 
18.400729 
16.095857 
20.265251 
17.128377 
18.264005 
26.423222 
25.686038 
30.354815 
30.249975 
