14.620493 
13.848453 
14.666967 
12.761006 
16.858526 
13.228041 
12.636909 
12.370551 
14.574570 
14.413258 
11.298978 
12.938121 
18.829838 
13.620053 
15.159930 
13.211983 
13.248986 
14.140244 
16.158833 
13.631368 
13.432867 
14.341715 
12.520903 
12.833191 
13.796499 
13.376643 
14.483740 
16.064218 
14.840953 
10.817844 
13.172221 
12.745315 
13.600145 
15.487595 
15.120395 
14.388812 
14.466680 
13.905066 
18.960754 
15.756950 
13.952071 
13.042509 
13.657015 
13.634902 
11.851026 
12.872150 
16.061334 
12.153719 
12.752872 
16.050984 
13.728119 
12.931571 
14.120868 
14.477754 
13.976381 
21.241124 
14.550947 
14.297113 
12.366746 
14.161333 
14.680075 
12.260970 
13.648202 
12.795903 
14.165384 
16.042031 
15.012032 
15.647928 
12.567249 
13.558745 
13.935344 
14.200904 
13.884693 
13.771895 
13.831011 
13.492068 
12.424498 
13.971116 
15.662644 
14.981323 
13.620920 
12.277262 
12.994488 
13.833957 
11.666122 
14.133861 
15.785883 
12.881044 
14.540128 
12.653612 
14.083832 
14.515896 
13.253429 
15.670329 
13.552766 
13.581045 
17.652740 
15.190480 
14.133990 
17.597729 
