13.736371 
12.959145 
12.522273 
12.616646 
12.379235 
16.086224 
15.955790 
12.903019 
12.549283 
12.457168 
12.621890 
11.347484 
13.283672 
13.017931 
11.576427 
14.804467 
25.915977 
14.400735 
17.794126 
15.288149 
12.223327 
13.491438 
11.500228 
13.842083 
12.145218 
20.958738 
12.836750 
17.772712 
14.067837 
11.472272 
13.538932 
16.555357 
13.459413 
14.545620 
13.281227 
16.683782 
14.108666 
14.304906 
13.327872 
15.978454 
14.906969 
13.522189 
17.132471 
12.557736 
11.256220 
15.461062 
12.560112 
12.635757 
14.432981 
13.957428 
10.710310 
12.057211 
16.694836 
13.515901 
12.229888 
12.886425 
11.807568 
17.270521 
18.256421 
11.925249 
13.650459 
13.732913 
11.507060 
14.147210 
11.767635 
20.208014 
14.455672 
11.673910 
14.145037 
15.377407 
11.527473 
11.517551 
15.097500 
10.830597 
12.645050 
20.545638 
17.556282 
16.341166 
17.507798 
16.340863 
12.774510 
13.849607 
13.706811 
15.429518 
15.748874 
13.508626 
17.564609 
16.082205 
15.733444 
16.225180 
13.897485 
16.857889 
15.171574 
16.262940 
19.388292 
18.818253 
19.474858 
19.161149 
22.922485 
25.275337 
