15.329917 
12.326804 
12.795623 
47.224719 
12.616440 
13.391676 
16.355164 
12.367547 
12.951866 
12.511689 
12.926381 
11.590902 
12.300427 
13.418939 
12.018478 
14.806465 
15.594960 
13.397728 
15.938228 
12.608557 
12.263250 
13.400109 
13.835680 
14.909361 
11.930865 
18.227415 
11.038461 
15.576860 
14.272938 
11.796187 
12.428780 
12.420794 
12.492119 
11.034233 
13.037056 
14.140624 
13.797895 
13.668846 
12.402688 
15.894757 
14.776718 
13.599497 
16.606590 
12.688792 
11.295985 
19.202282 
12.420982 
12.530508 
14.505910 
14.278616 
10.787938 
18.224612 
15.592663 
16.606397 
13.820573 
12.793181 
10.967511 
19.757213 
11.955972 
13.615559 
55.493419 
13.901574 
12.244079 
12.914033 
14.766771 
12.163937 
11.778190 
16.132915 
11.020962 
12.894009 
17.052285 
18.479383 
16.212561 
14.541677 
15.890566 
21.189508 
13.449092 
20.132233 
12.769465 
23.221396 
12.049571 
15.240612 
17.847366 
12.716711 
14.782437 
14.163401 
14.413280 
13.806897 
17.599063 
15.366060 
15.929754 
16.685683 
17.980711 
20.241477 
24.756591 
24.718788 
19.680501 
19.542241 
80.442069 
77.888296 
