15.773417 
12.351855 
10.717653 
33.206572 
13.582112 
13.419335 
13.666231 
12.231034 
24.747567 
12.219115 
12.990349 
12.356212 
13.574328 
14.938531 
15.517506 
13.377695 
15.937116 
12.578916 
12.265631 
12.749909 
13.789830 
15.270699 
11.946510 
18.182006 
11.044588 
15.484343 
11.881150 
10.973369 
12.443038 
12.719252 
12.492127 
11.053353 
13.065624 
14.120570 
13.563796 
13.656156 
12.290665 
15.920520 
14.287700 
13.628980 
16.602136 
13.809643 
10.761694 
18.391844 
25.073023 
12.399105 
14.475294 
14.312846 
10.999630 
17.818978 
15.565844 
16.472466 
13.863918 
12.860829 
11.037442 
19.692889 
11.714923 
41.015624 
16.404800 
13.921501 
12.398694 
12.965521 
14.486245 
12.258493 
12.369052 
16.182474 
12.155638 
10.671849 
16.944362 
18.344149 
16.212299 
14.429580 
15.904789 
20.718567 
13.345321 
19.468567 
12.661377 
22.691345 
11.965976 
15.173664 
17.711461 
12.661858 
14.727872 
14.224977 
14.300040 
13.723484 
17.248870 
15.057546 
15.722896 
16.475988 
17.813948 
20.087046 
23.860165 
23.824920 
18.374601 
18.446544 
54.388162 
56.767249 
30.494407 
30.633121 
