13.822209 
12.460060 
11.100020 
18.707367 
14.118025 
13.745161 
14.132591 
12.901212 
18.929101 
18.041638 
14.864969 
12.713690 
13.931083 
15.504647 
15.113118 
13.556939 
16.033202 
12.187507 
12.487752 
13.409386 
14.478373 
15.796129 
11.643380 
17.721185 
15.905095 
12.162339 
10.999724 
12.274284 
13.130426 
12.660153 
11.079217 
13.385116 
14.230882 
14.153347 
13.496312 
12.364617 
14.219093 
14.347783 
12.007063 
15.364858 
14.485686 
11.087991 
17.066634 
18.335711 
12.310882 
11.451654 
15.130052 
15.649201 
11.205941 
13.972219 
13.563698 
11.237285 
17.246722 
18.462042 
21.105119 
16.584930 
14.348381 
12.982871 
14.241999 
14.954133 
12.305862 
12.731450 
13.476917 
12.227886 
11.176231 
12.706893 
13.286393 
16.092354 
13.612536 
16.284119 
16.381539 
18.402556 
17.208832 
12.656794 
18.768374 
12.236639 
15.449374 
15.762775 
12.704164 
14.889163 
14.496961 
13.305603 
12.770940 
12.698129 
12.464612 
12.962192 
14.474332 
16.708289 
16.330298 
16.258640 
14.285337 
14.210101 
19.568199 
21.739787 
17.877205 
18.096469 
17.905846 
24.293257 
20.360421 
22.466061 
