13.259138 
14.045432 
11.510386 
16.050779 
14.107416 
13.184955 
14.399006 
12.766704 
17.493798 
16.215303 
14.507697 
12.517148 
14.603814 
16.149813 
14.579789 
13.685583 
16.261616 
12.253489 
12.561222 
13.627937 
14.668039 
16.002459 
11.723619 
17.783333 
16.066513 
18.373555 
11.584313 
12.094317 
12.485208 
12.945090 
13.692420 
11.526044 
14.335944 
14.448517 
13.567205 
12.426279 
14.155032 
12.825663 
11.958664 
15.372533 
15.586339 
11.038223 
15.910634 
16.905632 
12.770950 
15.719580 
15.822046 
11.023859 
13.987779 
13.377996 
13.059515 
16.391158 
15.783481 
18.462148 
16.647171 
14.543594 
13.017100 
14.019088 
13.577399 
11.894412 
13.499502 
13.176519 
13.175352 
11.790165 
12.484343 
12.992807 
16.098214 
13.726045 
20.787844 
15.157361 
16.520103 
15.973289 
12.521363 
17.050282 
14.374105 
15.810662 
14.997397 
12.817988 
15.361999 
13.480568 
12.905717 
12.547530 
12.256428 
12.906571 
13.420832 
15.323100 
14.011618 
14.009956 
12.480728 
12.422031 
14.234581 
15.470629 
15.085757 
14.823577 
14.348361 
17.729109 
15.183041 
17.601491 
19.356758 
18.821381 
