14.484875 
14.310206 
15.135536 
13.077978 
15.884241 
13.120606 
12.642485 
11.965923 
14.739584 
14.353046 
10.956400 
13.406602 
15.922069 
13.737530 
15.107465 
13.614649 
13.398272 
14.064615 
15.817378 
13.264728 
53.779648 
14.323437 
12.275326 
13.015881 
13.805179 
13.385095 
15.043531 
16.137785 
11.169201 
13.829017 
13.017915 
14.254312 
15.677092 
15.311170 
14.457095 
14.262346 
13.956410 
16.837399 
41.023995 
13.982856 
12.685016 
13.604012 
13.701277 
11.913548 
12.660645 
13.769330 
12.129939 
12.652918 
16.085989 
13.592131 
12.925902 
14.043635 
14.364936 
13.691520 
17.449332 
14.045327 
14.028650 
13.826105 
14.344297 
12.207306 
13.482693 
12.911556 
14.689942 
13.890037 
13.128783 
14.964376 
12.832344 
13.132934 
12.273107 
13.821958 
13.635988 
13.535171 
13.653442 
13.556900 
12.945870 
13.543323 
15.456496 
14.741182 
13.462000 
12.190069 
14.731550 
13.978680 
13.675461 
14.695580 
15.536133 
12.896068 
14.573807 
12.850706 
13.944055 
14.496267 
14.760749 
14.532761 
13.038231 
12.592602 
14.566948 
13.783002 
13.373352 
16.262332 
68.570698 
70.876582 
