13.377256 
14.240490 
25.571520 
14.228983 
14.333779 
13.265077 
14.467777 
12.137470 
17.071549 
18.843374 
14.866334 
12.598351 
14.806100 
16.213948 
14.454198 
13.401062 
13.293925 
12.689420 
12.072642 
13.306291 
13.615556 
15.679351 
10.592653 
17.249433 
15.952328 
17.406505 
11.828945 
12.269577 
12.588948 
12.854386 
13.881535 
11.612617 
14.128316 
14.165942 
12.400119 
12.678319 
12.026035 
12.800599 
11.579228 
13.377809 
10.961470 
14.629637 
16.445679 
12.794269 
15.722238 
44.147131 
11.250816 
14.135904 
13.442590 
13.138769 
13.209608 
15.813534 
15.681725 
16.519210 
14.302400 
12.462131 
12.294200 
13.765692 
12.363309 
13.689920 
13.513721 
13.202313 
11.858790 
11.855928 
13.236225 
16.024311 
13.572453 
19.543869 
41.583297 
15.876442 
15.687109 
12.425084 
16.875803 
14.302580 
15.724712 
14.041721 
12.813159 
13.238742 
12.733294 
12.550166 
12.316390 
14.320220 
13.924487 
13.875265 
12.122601 
11.828950 
27.363369 
13.480833 
14.352050 
14.148162 
13.498456 
16.567014 
14.667934 
16.972837 
16.983531 
16.506099 
59.533938 
65.638427 
34.076609 
33.749989 
