12.976923 
14.267674 
19.967512 
13.477761 
13.738879 
13.404133 
14.241113 
12.222756 
67.041492 
18.687787 
14.482217 
12.770041 
15.065862 
16.183230 
12.375003 
13.165203 
12.806668 
12.073049 
12.764006 
11.816355 
15.229636 
10.824416 
17.262108 
15.495604 
17.088438 
11.850156 
12.076450 
12.880417 
13.890011 
11.656350 
14.119510 
13.471522 
12.407209 
12.795418 
12.328634 
13.218007 
12.158386 
13.650975 
10.655723 
14.074372 
16.406749 
12.898287 
14.957346 
34.617703 
11.837350 
13.844305 
13.539794 
53.877542 
13.471032 
15.579313 
15.269900 
16.307828 
14.501714 
11.853313 
12.631079 
13.681838 
12.569168 
13.605985 
13.782207 
13.081837 
11.680271 
12.201702 
12.615513 
15.959666 
13.490143 
19.415139 
31.809241 
15.699407 
14.980610 
12.120686 
17.003647 
14.755515 
15.609899 
14.000644 
12.628443 
13.227281 
12.743817 
12.493336 
11.156750 
14.426485 
13.968746 
13.887960 
11.013210 
12.266592 
21.391770 
12.828273 
14.034676 
14.036188 
13.307940 
16.063465 
14.304273 
16.742485 
16.480868 
16.036549 
40.446314 
46.453623 
23.175718 
23.101399 
98.450437 
95.614769 
