13.052102 
15.232140 
15.551337 
13.571074 
14.024095 
13.508703 
14.176520 
12.288993 
20.623668 
14.529674 
12.594795 
16.426051 
12.495900 
13.320948 
12.849493 
12.134445 
12.890041 
11.900299 
15.718228 
10.811976 
17.145149 
15.701535 
15.877812 
11.893948 
12.610904 
12.805869 
13.952638 
11.602074 
15.043708 
13.548185 
12.492579 
12.973358 
12.374917 
13.691989 
12.189662 
13.585547 
10.744097 
14.218624 
14.218938 
12.874232 
15.207766 
45.572019 
11.883643 
14.282483 
13.425080 
19.422150 
13.218192 
13.989551 
14.360325 
14.172819 
11.970247 
12.677563 
13.722839 
12.687289 
13.540750 
13.769186 
13.141996 
11.739317 
12.156828 
12.728148 
14.378684 
17.304620 
46.103365 
15.599861 
15.049246 
12.161762 
16.942181 
15.051658 
15.648870 
13.853454 
12.762807 
17.239837 
12.561318 
12.637698 
11.273876 
13.834270 
13.686647 
13.649866 
11.127159 
12.405572 
20.847436 
12.619112 
15.164901 
14.398801 
17.574213 
14.578701 
14.059173 
13.706946 
13.466141 
12.957415 
14.189998 
14.249215 
20.151911 
17.682130 
18.396125 
15.588416 
19.667692 
18.909540 
61.309947 
67.069927 
