13.044208 
15.559016 
15.492204 
13.536048 
14.179858 
13.452973 
14.273697 
12.334036 
19.454195 
14.493094 
12.554793 
16.520529 
12.276440 
22.102930 
12.904001 
12.554524 
12.932555 
11.905046 
15.615048 
10.848625 
17.321431 
15.822027 
12.925376 
11.959462 
12.530193 
12.791037 
13.935020 
11.569681 
14.934217 
13.611235 
12.766492 
13.053299 
12.373259 
12.890883 
12.224766 
13.669061 
10.797097 
14.243013 
14.226361 
12.894826 
14.932551 
11.909636 
14.317247 
13.416235 
18.549243 
13.193345 
13.854958 
14.186163 
14.081007 
11.967158 
12.710904 
13.795179 
12.726887 
13.643428 
13.755485 
13.239893 
11.838719 
12.175082 
12.670314 
14.505431 
14.533455 
18.662257 
15.721965 
15.067713 
12.234991 
17.004716 
14.193685 
15.855006 
13.787687 
13.098127 
16.750902 
12.544105 
12.528949 
11.195242 
13.781849 
13.965483 
30.890616 
11.133050 
12.401598 
19.094172 
12.421576 
15.201763 
14.295581 
15.659329 
14.176182 
13.958041 
13.569246 
13.199342 
13.641462 
13.848462 
17.961698 
15.708605 
25.753096 
14.480085 
16.671345 
16.626527 
37.870817 
38.667872 
23.958500 
40.039184 
