13.143559 
16.538231 
12.264704 
13.080275 
13.631001 
13.199660 
14.513314 
12.314869 
18.339195 
14.693514 
12.313064 
14.957141 
12.223557 
18.502654 
13.021283 
12.150254 
12.780303 
11.916830 
15.398188 
10.825696 
17.133041 
15.850058 
20.503522 
12.200956 
12.349811 
12.501221 
14.228085 
11.819292 
14.536984 
13.548665 
12.557468 
13.286398 
12.443479 
13.020294 
12.197596 
13.533250 
10.681124 
14.181058 
13.151553 
15.117763 
11.888530 
14.332984 
13.867825 
18.342623 
12.983810 
35.189521 
14.068682 
13.532624 
11.813543 
12.674704 
13.995601 
12.762022 
13.880955 
13.571632 
19.832107 
12.072850 
12.743643 
15.613225 
14.359161 
17.519671 
15.705646 
15.004866 
12.179715 
16.689783 
14.108361 
15.693820 
13.484842 
13.482345 
15.257276 
12.444403 
12.586750 
11.315665 
13.530989 
13.671550 
20.126545 
11.069950 
12.406903 
15.204656 
12.473893 
14.617988 
13.214761 
15.474130 
12.826394 
33.550644 
13.279574 
12.411114 
15.962382 
14.240203 
20.758584 
12.348576 
15.161792 
16.155097 
20.505514 
21.367089 
17.493159 
26.665247 
22.806248 
22.844306 
48.338346 
47.501708 
