13.539104 
14.277814 
15.157329 
13.054189 
15.865203 
12.903065 
12.970910 
11.875318 
14.844965 
14.498644 
11.070564 
13.425346 
15.894595 
13.952774 
15.082142 
13.589804 
13.406122 
14.064358 
12.484655 
38.286172 
16.053960 
14.289815 
12.400871 
13.004402 
13.787062 
13.434224 
15.040733 
16.122230 
11.116045 
13.841434 
13.024808 
23.211390 
15.311871 
14.460385 
13.391736 
13.952520 
16.735948 
38.016258 
14.043234 
12.820593 
13.659060 
13.695860 
21.833336 
12.650077 
13.752637 
11.931784 
12.505015 
16.046676 
12.353836 
12.768926 
13.998118 
14.359174 
13.803668 
17.469930 
14.045448 
14.021617 
13.631457 
12.995849 
12.137396 
13.265187 
12.909691 
14.699778 
13.866778 
13.125746 
14.920046 
13.143425 
13.142519 
12.288080 
13.293328 
13.178497 
13.511425 
13.621034 
12.947741 
13.481458 
15.490592 
12.016699 
13.032787 
12.119434 
14.696505 
13.987152 
13.668019 
14.730340 
15.378389 
12.872085 
14.593786 
12.898664 
13.963584 
14.490978 
14.673590 
14.472514 
13.014590 
12.573835 
14.434726 
13.670908 
13.266486 
16.136878 
55.164665 
52.621913 
25.208009 
28.481803 
