11.050622 
13.522084 
13.161192 
12.846651 
13.621103 
22.029302 
15.111675 
12.356793 
14.875864 
14.769869 
11.902544 
14.349458 
12.356911 
13.166342 
19.138879 
11.733642 
12.200497 
15.666874 
10.934633 
16.663356 
13.576029 
17.541208 
12.447434 
12.556164 
12.517859 
14.166825 
11.249320 
14.779191 
22.818752 
13.164785 
19.597630 
12.804591 
13.443974 
10.635665 
12.824624 
14.790772 
12.166876 
14.694606 
13.306890 
16.083347 
12.703494 
21.987699 
14.216386 
13.468599 
11.472688 
12.630663 
12.765361 
13.332592 
19.684478 
19.457655 
12.588186 
15.548438 
13.702940 
16.920969 
15.728862 
14.654106 
13.729296 
15.382669 
13.483267 
14.565404 
13.581899 
13.841522 
26.014020 
11.984552 
12.918124 
11.897321 
13.377460 
12.827494 
17.016695 
16.144787 
14.402827 
12.425434 
14.335013 
13.802078 
14.677236 
13.051991 
21.522773 
13.030636 
12.459864 
13.621231 
13.368195 
15.139414 
11.920088 
13.901681 
15.154316 
15.749563 
16.489753 
20.253055 
15.986857 
16.971835 
23.263214 
22.486777 
14.209233 
16.267534 
18.521072 
18.716380 
26.656282 
29.274589 
21.020313 
21.135673 
