11.428167 
13.536766 
12.323374 
13.595911 
14.254217 
19.764981 
14.052315 
12.124352 
14.668587 
15.639633 
24.397817 
13.617820 
12.604620 
13.129518 
16.457428 
12.065884 
12.197529 
15.846899 
15.596625 
23.472162 
11.296539 
12.633026 
12.912769 
14.582581 
11.859102 
14.942649 
15.887157 
12.969589 
15.800387 
13.812384 
23.786288 
10.561354 
11.502989 
15.281845 
12.260525 
15.139477 
13.260387 
16.049312 
18.521339 
14.172303 
13.298403 
11.773226 
12.714719 
13.676981 
13.553388 
14.853220 
16.107921 
12.646123 
15.231799 
13.375024 
17.361078 
15.679263 
13.585383 
14.345321 
15.480299 
13.531605 
13.719055 
14.800470 
16.860890 
13.466860 
13.063930 
12.233671 
13.544665 
12.568638 
25.093330 
15.048912 
14.160376 
12.355687 
13.991723 
13.823493 
13.767665 
13.159841 
17.899136 
12.834654 
11.523126 
13.274275 
13.119509 
15.656981 
12.402726 
14.814255 
14.309351 
14.356149 
15.006902 
19.457267 
11.995527 
13.666366 
16.523844 
15.790954 
12.378092 
14.210175 
14.448929 
14.653639 
14.951911 
15.116609 
13.890589 
13.242418 
27.176319 
25.459734 
31.291664 
31.306905 
