13.410958 
14.444191 
12.482382 
13.615211 
14.422892 
18.762263 
14.231597 
12.321969 
14.788810 
13.918959 
16.512237 
13.626170 
13.319550 
13.555240 
15.496289 
12.818664 
13.005754 
15.528479 
15.997185 
16.232274 
11.720028 
12.610007 
13.621841 
12.863315 
13.313010 
15.479872 
16.850578 
22.086029 
15.478461 
14.181532 
16.990354 
10.780577 
11.355911 
15.339099 
12.947795 
14.601509 
12.823048 
15.943812 
16.907103 
14.017106 
13.316996 
11.926385 
13.254082 
13.591490 
14.321968 
15.673152 
13.414290 
15.030419 
14.083460 
13.995796 
14.565590 
12.618770 
13.458759 
12.794094 
14.014638 
13.281037 
16.822022 
13.182682 
13.134785 
12.209203 
14.038892 
13.893029 
17.188190 
14.521508 
14.052752 
12.164892 
14.013984 
14.351576 
15.536846 
13.650960 
16.814078 
13.440580 
11.490280 
13.324361 
13.255150 
15.067418 
14.785489 
14.849545 
14.412120 
13.142493 
15.424248 
16.020398 
19.558459 
13.352858 
13.889235 
13.277538 
11.166064 
12.845077 
12.484832 
12.707033 
12.338831 
11.518058 
14.058064 
14.668677 
16.319186 
16.308337 
16.058422 
16.402174 
24.227598 
23.155685 
