13.264257 
14.087309 
12.715367 
13.728251 
14.603715 
18.505787 
14.484485 
22.536976 
14.628818 
13.830010 
15.683743 
13.426539 
12.350208 
13.470211 
12.949127 
13.132265 
15.543761 
16.009155 
15.903317 
12.100493 
12.557201 
13.698465 
12.697047 
13.125443 
15.402888 
15.981219 
20.185067 
15.325347 
13.128961 
16.296525 
10.803319 
11.243845 
14.931569 
13.129689 
14.562643 
12.628727 
15.708772 
16.834048 
13.991888 
13.174055 
12.016211 
13.688345 
13.840784 
14.643383 
15.864181 
13.307890 
14.742890 
13.269587 
13.791099 
15.045351 
12.852741 
11.193437 
14.630855 
13.977198 
13.325382 
15.807930 
13.073386 
12.758340 
12.057017 
14.117605 
16.722076 
14.574957 
14.165273 
12.194735 
13.796667 
14.181302 
15.441877 
13.509322 
16.598661 
11.273001 
11.667257 
13.183952 
13.086948 
15.062346 
14.485170 
15.356899 
14.358033 
13.077306 
15.474248 
16.074700 
17.371127 
13.668583 
13.792029 
13.187000 
11.277449 
12.909035 
20.991462 
12.857467 
12.228082 
11.313644 
13.496082 
14.453539 
14.967550 
14.908228 
14.457102 
14.856790 
20.483643 
19.537831 
27.587861 
26.122470 
