13.589162 
13.849804 
13.227045 
13.923797 
14.930758 
16.060882 
15.288394 
15.600557 
15.446400 
13.902239 
13.123004 
13.195652 
12.314983 
13.321889 
11.325265 
15.512620 
15.803300 
15.411073 
12.966243 
12.068932 
11.431565 
12.813984 
13.030753 
13.584385 
14.987310 
17.775842 
14.873041 
13.495137 
14.711824 
18.109174 
11.087619 
15.189785 
14.370200 
12.313416 
15.274709 
16.834838 
13.963820 
12.261008 
14.978963 
14.645708 
14.060387 
13.352672 
13.939403 
12.095024 
12.345589 
12.210502 
14.915805 
18.932133 
10.944876 
14.973670 
15.594544 
13.146832 
15.676614 
41.648757 
12.954890 
12.333334 
12.577270 
15.328206 
16.566335 
14.293496 
12.230608 
13.223212 
13.565454 
20.697653 
13.544511 
15.573974 
12.065524 
12.459590 
12.443697 
13.460551 
16.268905 
13.741449 
13.574947 
15.127009 
16.742624 
15.193636 
21.652947 
12.886221 
12.918119 
11.318161 
13.324570 
16.233514 
12.787523 
12.723082 
10.367211 
12.984083 
13.579662 
12.095365 
13.780992 
35.510877 
15.720507 
15.166242 
18.119835 
16.531433 
22.141807 
20.086330 
19.794337 
20.091428 
58.798968 
56.187548 
