13.517265 
13.291947 
12.956854 
13.881311 
15.103115 
15.233593 
13.856889 
15.352148 
13.701129 
19.774499 
11.948990 
11.502285 
12.475127 
11.281562 
16.326628 
26.969115 
13.385966 
11.752181 
12.459382 
12.703439 
13.285709 
15.220476 
16.331487 
14.839272 
13.473161 
14.982346 
15.211810 
10.744532 
14.837083 
13.088268 
17.696021 
14.550578 
13.087024 
14.858051 
13.168002 
15.429205 
14.730070 
14.672442 
13.682433 
13.810068 
13.430667 
11.126633 
14.542530 
17.232737 
16.850596 
13.392606 
11.942415 
14.026222 
12.694389 
12.180553 
13.330089 
16.673790 
13.668391 
23.547769 
14.669954 
11.346131 
17.694639 
12.443485 
12.068072 
11.705785 
12.241919 
13.168382 
16.262529 
13.797948 
14.719531 
14.063441 
16.143370 
13.998026 
18.257696 
10.707769 
13.229934 
11.559856 
13.208869 
20.473511 
13.523247 
12.912504 
10.622773 
15.802098 
11.605986 
12.357172 
14.277398 
20.545240 
13.695926 
13.629705 
15.343315 
14.238595 
15.897611 
14.468840 
14.873848 
15.056729 
22.298875 
25.208323 
22.955325 
19.611534 
21.129423 
19.931314 
15.340467 
15.126841 
30.167860 
29.825894 
