13.698487 
13.310406 
14.067269 
15.656440 
14.913767 
12.982475 
15.632038 
11.509483 
12.648302 
11.359093 
12.522473 
11.233457 
13.123058 
19.802009 
12.977127 
12.047037 
10.479350 
14.178747 
12.236294 
13.504604 
26.203811 
15.560477 
12.659783 
15.467237 
13.851750 
13.008783 
11.900044 
12.941935 
12.737591 
15.208331 
13.665737 
16.773081 
13.775774 
15.219142 
14.149688 
14.330600 
13.256150 
13.446937 
11.688726 
15.514426 
14.426287 
16.035789 
14.858020 
11.660678 
11.742673 
12.350101 
21.066971 
16.904271 
13.906815 
16.002251 
14.688104 
11.996507 
12.400299 
12.688386 
11.901899 
12.597351 
18.631585 
14.039566 
14.659263 
13.873991 
15.709226 
22.525466 
15.438211 
11.005927 
13.098122 
11.901248 
13.143066 
16.931584 
42.022719 
13.098914 
11.638661 
14.892295 
11.286893 
13.429170 
12.732148 
15.589266 
14.795849 
49.889366 
12.151320 
12.360841 
13.040625 
13.121869 
15.368109 
14.782102 
15.369883 
21.406819 
16.015930 
22.927154 
11.895301 
14.005502 
16.348781 
15.744902 
27.571896 
24.909209 
21.681644 
20.382845 
23.632716 
24.508604 
69.575906 
72.535199 
