13.991503 
14.037090 
14.951087 
13.141797 
15.842444 
13.169140 
12.988928 
18.022290 
14.889813 
14.483229 
11.103394 
13.300932 
15.554742 
14.268712 
12.983936 
13.653974 
13.211936 
13.240744 
12.730442 
13.347933 
16.058793 
14.300406 
12.485367 
12.977722 
13.594643 
13.662636 
15.194950 
16.177670 
11.143625 
13.749024 
12.808917 
19.540553 
15.088734 
14.222942 
13.576451 
13.646580 
16.023012 
14.535868 
13.873005 
13.483776 
13.595101 
13.701980 
17.527585 
13.174154 
13.647020 
11.937408 
12.580107 
15.933148 
12.588371 
12.906438 
14.271187 
13.901533 
16.769787 
13.827621 
13.888188 
13.685132 
13.322188 
18.463649 
13.432708 
12.691672 
14.608588 
13.831886 
13.053258 
14.967377 
13.156324 
13.310226 
12.413893 
13.458999 
12.939574 
13.869368 
14.031951 
12.910669 
13.391501 
21.711301 
12.624653 
14.227460 
14.555192 
13.834010 
13.949976 
14.900429 
13.111644 
14.314389 
12.766232 
13.544016 
21.866822 
14.491508 
14.550045 
13.101893 
12.566597 
13.592347 
12.794459 
12.441318 
15.135053 
11.976877 
17.634603 
20.841073 
22.418021 
22.718433 
21.666521 
19.986419 
