12.012500 
12.701663 
13.871335 
11.984544 
18.469405 
12.555060 
14.235914 
12.047153 
13.541535 
14.615980 
17.641135 
12.057458 
12.531028 
13.852723 
13.574625 
15.062996 
11.877190 
15.945815 
13.178700 
12.474673 
11.397960 
16.192361 
11.105455 
12.376232 
15.728540 
13.423497 
23.510631 
11.144935 
14.257566 
21.329668 
13.225109 
13.509033 
14.303958 
14.706245 
16.234580 
12.542979 
15.401243 
12.424357 
12.795141 
13.410374 
11.974602 
13.044273 
12.323649 
11.853584 
13.785622 
14.853811 
15.158674 
13.639408 
14.655345 
13.209643 
14.007684 
15.957709 
16.102859 
10.933260 
24.471475 
12.803757 
13.338861 
19.248152 
14.682177 
14.238025 
13.236754 
16.102741 
12.865983 
17.537073 
14.193257 
15.797237 
14.330286 
17.667938 
14.008967 
14.354883 
14.992369 
13.288192 
12.155363 
13.861601 
13.816344 
12.584132 
17.900716 
12.201896 
16.189701 
16.839165 
13.904024 
17.429381 
12.907752 
15.425363 
17.004749 
17.054562 
14.859483 
15.283022 
18.124528 
20.788114 
12.115596 
17.735453 
17.535551 
25.730001 
25.817600 
20.195122 
19.721180 
19.705241 
21.076213 
19.132314 
