12.562270 
12.574810 
13.524083 
11.792051 
17.812361 
12.594563 
14.295765 
12.729280 
13.811666 
14.749925 
13.665553 
12.400307 
12.634461 
14.217869 
30.894482 
15.285306 
11.994041 
16.063371 
12.816606 
12.519583 
11.573497 
16.190144 
11.290232 
12.616547 
22.402535 
13.288249 
14.510882 
11.341607 
14.097658 
17.448862 
11.712447 
14.556830 
14.849929 
15.427140 
12.645948 
15.856517 
12.527838 
13.017927 
13.935118 
12.522797 
13.058892 
12.655240 
12.085296 
13.473108 
14.244464 
14.860544 
13.756331 
14.803370 
13.155883 
12.206207 
13.469242 
13.614020 
11.312706 
15.469656 
12.479453 
14.773355 
16.107375 
14.868518 
14.089646 
13.273390 
14.806941 
12.502483 
14.610247 
15.263752 
13.094148 
14.262837 
16.596736 
13.473604 
14.197099 
15.434234 
16.411164 
12.597346 
14.373243 
13.775082 
13.086271 
16.657668 
12.207182 
16.704987 
15.680730 
14.148266 
15.777461 
12.409691 
13.044610 
15.282413 
15.419461 
12.826395 
15.141750 
36.831227 
12.074817 
15.676458 
15.710523 
19.379314 
19.675444 
18.943220 
15.462787 
17.419324 
18.759284 
16.786650 
42.873815 
42.892427 
