12.662400 
12.678351 
13.763790 
11.738623 
17.429507 
12.601727 
14.310864 
12.673271 
14.456426 
15.341335 
13.038211 
12.729424 
12.585888 
14.843318 
22.130155 
15.129049 
11.979018 
15.910560 
12.576635 
12.483862 
12.380543 
16.019751 
11.605125 
13.226652 
16.671825 
13.338979 
25.709206 
11.412378 
14.248960 
16.585734 
11.703556 
14.494611 
15.031495 
15.180183 
12.749280 
16.436057 
12.781811 
13.355585 
14.214662 
12.916391 
13.360614 
12.823560 
12.271452 
14.423671 
15.249571 
14.839052 
13.233885 
13.054854 
12.937681 
13.258142 
15.156573 
12.334594 
15.801770 
11.756411 
14.596464 
16.827727 
15.672638 
13.212991 
13.266963 
13.935802 
12.666841 
14.031138 
15.093399 
12.686683 
13.684022 
14.627403 
12.698614 
13.659911 
15.824192 
16.863696 
11.974811 
13.894081 
13.730998 
13.617616 
15.307321 
12.050871 
14.098369 
16.309329 
12.955206 
14.678948 
12.180188 
12.717152 
13.930009 
13.122861 
12.308387 
14.448289 
22.489370 
12.011763 
14.454559 
14.656918 
25.972329 
17.556357 
14.262596 
16.578433 
16.447328 
14.330401 
24.096249 
23.874713 
32.997590 
32.808411 
