14.708668 
14.042188 
14.951816 
12.596842 
15.819164 
13.041902 
17.864828 
14.898584 
14.624922 
11.101543 
13.469839 
14.459512 
14.297106 
12.971006 
13.384503 
13.234378 
12.477421 
13.321289 
16.072891 
14.314495 
12.413494 
32.555462 
13.608186 
13.688268 
13.888149 
16.120808 
11.242957 
13.770436 
12.810255 
19.419714 
15.101982 
14.228836 
13.178442 
13.644495 
16.021154 
14.377063 
13.901813 
12.596709 
13.641845 
13.745850 
37.017402 
13.195363 
13.567644 
12.510959 
12.560664 
15.933247 
12.481500 
11.628772 
14.284312 
13.843863 
16.667853 
13.850009 
13.914487 
13.575678 
12.906113 
18.284011 
13.445913 
12.682865 
14.688452 
13.840876 
13.060616 
14.969656 
13.176645 
13.639925 
12.469283 
13.373011 
12.758011 
12.814026 
14.047739 
12.542974 
13.110560 
20.792332 
11.599783 
14.065613 
14.543306 
13.842869 
11.908835 
15.081025 
13.165353 
14.311891 
12.765637 
13.560704 
21.547040 
14.391619 
14.410710 
13.017892 
12.358261 
13.590081 
12.793760 
12.165752 
14.830964 
11.974048 
17.396936 
20.624281 
21.671810 
21.996924 
21.341726 
19.654708 
45.328539 
45.792423 
