11.504774 
12.959968 
14.010590 
12.285083 
17.232053 
13.402685 
12.683310 
13.206058 
12.574048 
17.208066 
13.198086 
17.614308 
15.327394 
12.007216 
16.126514 
12.754148 
12.586027 
16.604615 
11.788553 
15.982638 
16.543631 
13.452699 
18.055989 
11.962396 
14.273866 
15.180005 
11.680681 
14.625053 
15.288847 
14.582184 
13.357547 
14.223825 
12.594551 
15.383012 
13.342312 
22.034565 
13.595717 
12.396817 
13.785053 
13.910322 
14.434001 
12.575313 
13.139248 
14.152750 
12.993565 
15.234886 
13.389695 
15.169786 
11.685012 
14.760737 
16.906166 
13.915129 
13.158354 
13.624168 
14.251607 
12.606524 
20.529039 
15.292442 
12.102912 
13.546448 
11.976425 
13.857267 
14.779978 
16.644674 
11.708349 
13.840686 
14.433949 
12.608154 
14.422161 
12.341735 
12.925486 
15.321034 
13.153796 
14.817037 
12.416564 
13.816241 
12.752524 
12.996880 
13.539516 
13.460966 
17.962542 
12.172901 
12.875721 
18.289808 
17.419615 
16.823129 
12.434689 
14.397767 
14.722038 
12.733259 
15.827617 
15.641577 
18.289585 
17.976453 
16.676995 
18.255745 
18.227926 
16.529358 
22.898274 
24.731938 
