11.916153 
33.766025 
13.827000 
11.845709 
17.287395 
13.170184 
12.357822 
12.986542 
12.587811 
17.069899 
13.136671 
17.502023 
13.285161 
11.617695 
15.672214 
12.687884 
11.696823 
16.459971 
11.794090 
15.935723 
16.318227 
11.564488 
17.757161 
11.823050 
14.333627 
15.188494 
11.551381 
14.555053 
15.289833 
14.155056 
12.896053 
13.941054 
31.458774 
15.456178 
13.405920 
21.712439 
12.443397 
13.923678 
14.354640 
14.441943 
12.607923 
14.128270 
14.262658 
13.314723 
15.049486 
13.183287 
15.061469 
11.632209 
14.671142 
16.951780 
13.954893 
13.184647 
12.954382 
13.558294 
12.968201 
20.212157 
15.160220 
11.886064 
13.613697 
12.017432 
13.898279 
14.998271 
16.667604 
11.664304 
13.718459 
14.415488 
12.625574 
11.612483 
12.988230 
15.259719 
12.861248 
14.445983 
12.442035 
13.790064 
12.780401 
13.059828 
13.278013 
13.273674 
17.804513 
11.638220 
12.825195 
18.060604 
17.026350 
15.605326 
12.487184 
14.412006 
13.043724 
13.355680 
15.526279 
15.358791 
17.695694 
17.455100 
16.442585 
18.026555 
17.944203 
16.233269 
22.155129 
24.012266 
43.876159 
49.061325 
