11.972382 
12.677652 
31.190816 
11.624720 
17.225373 
13.177460 
12.919245 
12.857649 
12.600045 
16.855267 
13.154148 
17.308179 
13.277814 
10.190796 
15.293656 
12.651622 
12.169357 
16.232055 
11.823315 
15.780315 
16.106478 
17.178997 
11.765751 
14.373565 
11.581684 
14.315888 
15.157219 
14.226950 
12.958940 
13.691089 
29.528354 
15.588620 
13.361383 
20.947697 
12.443836 
13.965059 
12.773663 
14.120584 
12.594055 
13.903443 
14.135057 
13.325469 
14.840342 
12.961494 
14.867550 
11.445671 
14.493397 
16.968958 
14.001932 
13.188669 
12.922380 
13.424181 
15.210715 
18.579679 
15.009352 
11.702066 
13.710575 
12.108374 
13.948226 
15.064438 
16.585944 
18.805766 
13.561807 
14.475665 
12.608457 
11.501495 
12.961487 
15.086043 
12.755810 
14.188270 
12.464202 
13.710465 
12.899276 
13.075958 
13.136285 
13.141552 
17.520206 
11.353213 
12.667273 
17.611196 
16.388806 
14.925063 
11.541266 
20.942391 
11.989729 
12.890248 
15.063290 
14.926807 
16.749577 
16.570307 
15.965531 
17.576825 
17.535702 
15.781472 
20.233044 
22.535027 
40.562615 
41.331263 
22.885292 
21.624596 
