12.011206 
12.736249 
30.800500 
11.959050 
17.195147 
13.208877 
12.715015 
12.242831 
12.732524 
16.622305 
13.186186 
17.143088 
13.354016 
10.174846 
15.167739 
12.785737 
12.019999 
55.754151 
11.885512 
15.690931 
14.133233 
16.638757 
11.840310 
14.381302 
11.268957 
14.320000 
14.844187 
13.742935 
12.819194 
13.280814 
29.146447 
15.510612 
13.356069 
20.764657 
12.435712 
13.973026 
12.833570 
14.112547 
12.676059 
13.895944 
14.164305 
13.338537 
14.832170 
12.397047 
11.376933 
14.317028 
16.327822 
13.874173 
13.182063 
12.830298 
13.589116 
15.265218 
18.361090 
14.860774 
11.319741 
13.699012 
12.092203 
13.992754 
15.067800 
16.518964 
18.333380 
13.481990 
14.460256 
11.522564 
12.968801 
14.835959 
12.815316 
14.482735 
12.477880 
64.641122 
12.885435 
13.075240 
11.955182 
12.509841 
16.248688 
11.320057 
12.567301 
17.367703 
18.166114 
15.035964 
11.510211 
20.489842 
12.000128 
12.908864 
14.419771 
14.318267 
16.379832 
15.710152 
15.795595 
17.366441 
17.402902 
15.736041 
19.845447 
22.169717 
39.874512 
40.627478 
22.001813 
20.750719 
98.294396 
95.421601 
