12.369371 
18.829345 
13.410704 
12.253113 
17.323919 
13.436701 
12.065479 
12.405665 
12.925824 
15.088549 
13.448655 
15.647602 
13.705235 
10.197586 
15.316932 
12.998388 
11.957699 
15.218038 
12.117664 
15.352021 
14.697828 
15.162839 
11.982702 
14.720306 
11.028445 
13.629010 
12.935313 
13.679555 
12.906926 
13.449044 
14.313944 
16.099822 
13.635197 
19.441452 
12.613142 
14.759173 
16.974846 
15.009787 
13.994209 
14.700933 
13.653838 
15.171807 
12.445536 
12.493251 
12.549080 
16.329010 
13.767372 
22.012544 
13.000404 
13.965049 
12.594507 
14.545500 
11.381962 
13.019818 
14.034830 
15.293914 
16.489936 
16.260445 
14.019922 
28.789856 
11.761337 
15.702155 
14.409819 
13.086868 
14.777264 
14.073869 
13.919143 
13.273107 
21.942763 
12.221573 
12.718110 
15.619668 
11.187473 
12.305963 
15.888402 
17.070830 
15.155031 
12.218621 
17.359872 
11.848860 
12.933019 
12.694886 
12.710723 
14.129282 
13.105987 
13.883005 
15.563058 
15.217923 
13.054079 
18.418183 
16.583370 
19.507955 
19.335732 
17.451923 
17.323924 
22.352192 
27.966942 
27.776602 
26.998166 
26.859628 
