12.721669 
16.420852 
13.705912 
12.478353 
13.926626 
13.434887 
12.316472 
12.408674 
13.014421 
12.757019 
13.591517 
15.193257 
13.510392 
16.372027 
15.519028 
13.061374 
12.877767 
12.189504 
14.303020 
15.869189 
17.238584 
11.954472 
22.574000 
11.157761 
13.777856 
12.952692 
14.145242 
18.969135 
13.948215 
14.640070 
16.159946 
14.532246 
15.436637 
12.381884 
14.937091 
15.988195 
14.690767 
14.221554 
13.954737 
13.094783 
14.052166 
12.521737 
12.162402 
12.727020 
17.058925 
14.149599 
17.113717 
13.305862 
13.091378 
12.375951 
14.872346 
11.647331 
13.178147 
14.295001 
13.305308 
14.710326 
13.940087 
21.489348 
11.753827 
16.056933 
12.098354 
14.165678 
14.958995 
14.591273 
14.417751 
13.571428 
12.451587 
12.924912 
15.880996 
11.122768 
15.128588 
14.099252 
17.110720 
15.163306 
12.564982 
15.850035 
11.748205 
12.688648 
13.185168 
12.736396 
14.101291 
12.513360 
14.075293 
12.991431 
15.284537 
15.803338 
14.172617 
15.246367 
14.963290 
14.771383 
14.526782 
17.852110 
18.347407 
18.171078 
24.841475 
16.931786 
23.232379 
26.581351 
18.414383 
18.631614 
