14.937139 
13.884442 
12.645148 
15.603527 
13.055251 
16.915477 
14.701985 
14.715354 
11.102045 
13.541670 
14.559008 
14.180328 
12.882040 
13.414127 
14.254598 
12.339215 
13.252781 
16.031426 
14.013880 
12.253588 
29.380125 
13.522550 
13.782590 
14.111748 
15.935157 
11.409887 
13.724684 
12.815576 
19.058078 
15.360292 
14.283005 
13.141160 
22.274390 
16.188704 
14.266790 
13.914046 
13.012608 
13.699008 
13.727352 
33.116946 
13.136019 
13.592117 
12.753424 
12.016867 
15.516748 
12.652153 
11.694617 
13.559147 
13.857920 
16.615276 
13.944193 
13.933082 
13.291117 
12.660096 
17.352188 
12.988738 
12.785203 
14.512707 
13.839682 
21.420880 
15.076268 
13.043244 
13.564373 
12.491913 
12.970324 
12.212371 
12.972623 
13.786363 
12.670745 
13.103566 
14.645439 
12.041389 
14.463645 
13.849905 
11.948685 
15.102590 
13.201140 
14.085523 
12.571908 
13.797097 
14.049832 
14.318981 
14.450110 
12.895934 
12.291573 
13.572677 
12.807361 
12.087916 
14.737496 
11.870674 
16.755104 
19.921581 
15.653291 
14.669717 
19.943592 
18.150700 
38.538557 
39.001085 
24.037374 
25.805403 
