12.818056 
12.660963 
12.314393 
12.637017 
13.839583 
13.695266 
12.435906 
12.752675 
13.237482 
12.985161 
13.709962 
15.464120 
13.593675 
10.623635 
15.894988 
13.389700 
13.377272 
12.444741 
14.525135 
16.022311 
17.293255 
12.262299 
18.648859 
11.337019 
14.650360 
12.930293 
14.089929 
13.205697 
14.137412 
12.945665 
17.208582 
14.200282 
14.062652 
12.231146 
15.080807 
13.210403 
14.879015 
14.202251 
13.671980 
13.134310 
14.085411 
12.834362 
12.348115 
13.041786 
17.167088 
14.293182 
15.961615 
13.247656 
13.055012 
13.404238 
15.728425 
11.824827 
14.899169 
13.273671 
14.324926 
14.067176 
18.434943 
11.843631 
16.989299 
12.114153 
14.185565 
14.980251 
15.083930 
14.841777 
14.457851 
12.593266 
13.142952 
15.944238 
12.896996 
15.130822 
14.043698 
17.336956 
14.738216 
13.539053 
15.329864 
11.456376 
12.652015 
13.225177 
17.707905 
14.183052 
12.632675 
13.942706 
13.119546 
15.777669 
14.103863 
14.695511 
14.625904 
14.192374 
13.831530 
13.586947 
16.185144 
15.106160 
15.178271 
23.515554 
14.337705 
15.770046 
17.874254 
12.279036 
17.170519 
17.472318 
