13.427355 
12.089657 
12.026431 
12.356985 
15.131038 
15.507593 
13.403349 
13.486178 
13.466271 
15.609247 
20.005406 
13.505585 
15.806249 
13.795971 
12.242586 
13.151585 
13.568239 
15.945137 
15.768986 
17.617901 
16.071851 
13.466886 
14.588514 
11.431781 
13.721166 
18.762680 
14.221266 
13.667043 
13.947885 
13.113648 
13.289508 
11.302555 
15.254854 
12.859268 
13.401077 
12.644174 
11.851975 
13.850696 
13.035371 
12.598705 
13.356681 
17.527291 
14.847271 
13.521111 
13.687185 
11.203682 
15.833078 
11.964472 
15.968670 
13.229699 
13.861886 
14.651005 
14.301569 
12.643469 
16.452616 
13.798435 
17.712425 
14.540851 
14.705220 
14.077240 
13.512373 
13.561194 
13.625911 
16.045270 
12.268575 
12.922506 
17.956720 
14.896513 
13.569610 
14.522297 
13.201659 
11.112869 
12.980919 
14.831580 
14.467648 
13.370740 
13.974012 
14.497982 
14.333491 
13.313983 
13.342151 
13.404795 
13.745683 
13.178950 
13.058042 
14.932782 
13.989271 
12.742981 
15.762940 
13.650822 
12.751417 
13.299035 
14.107653 
13.244130 
16.660447 
16.200940 
23.769248 
17.895234 
24.299833 
18.959490 
