12.975182 
12.102221 
12.133472 
12.718747 
14.792079 
13.794856 
13.077006 
14.203877 
13.601381 
15.963203 
15.894933 
14.030609 
15.994384 
14.421130 
12.416482 
14.427609 
13.546055 
15.886273 
15.709643 
14.689675 
15.713293 
14.187277 
14.422175 
11.531044 
14.227222 
16.883148 
14.436180 
13.676982 
14.046349 
12.328489 
13.060644 
12.001879 
13.931084 
12.859435 
13.722977 
12.517843 
15.754054 
17.382723 
12.886779 
12.686479 
13.677531 
17.691138 
15.101309 
14.708894 
13.480434 
11.263419 
15.987853 
12.043437 
17.184262 
13.844832 
14.719818 
14.354276 
12.961552 
16.523545 
14.575862 
14.833724 
14.806960 
14.250294 
13.614033 
13.659661 
13.782504 
16.196026 
12.357055 
12.980365 
17.988296 
14.844841 
13.535673 
14.491211 
13.199257 
10.968267 
13.180774 
14.892334 
14.375311 
13.425504 
13.859820 
14.539140 
14.533057 
13.255493 
13.275929 
13.399247 
13.800781 
13.177876 
13.007110 
15.096542 
14.090121 
12.847512 
15.856899 
13.916566 
13.325544 
13.432097 
13.916056 
13.274071 
13.535532 
13.073346 
15.896810 
13.633311 
15.833129 
13.410953 
15.240833 
16.731298 
