20.754321 
12.260293 
12.462756 
12.656200 
15.078905 
11.280445 
13.672713 
13.815580 
16.151880 
17.024172 
11.968666 
16.308260 
13.382418 
12.596395 
13.683205 
13.049295 
13.398202 
13.948791 
15.383789 
13.794614 
12.162301 
13.698013 
16.063693 
14.419316 
13.893204 
14.177617 
12.294918 
13.284475 
12.108080 
26.115662 
13.493583 
13.595630 
12.415844 
14.498442 
16.076635 
12.628452 
13.872004 
16.850764 
15.125879 
13.924275 
13.712710 
15.896026 
11.505117 
16.722183 
16.781429 
13.280208 
14.567971 
13.106599 
15.647433 
13.735502 
16.036707 
14.983858 
14.685540 
12.620256 
14.351971 
13.159457 
14.210798 
13.262670 
12.847172 
13.439978 
12.150751 
14.095986 
13.797099 
10.683808 
13.617598 
15.258499 
15.013115 
11.338679 
13.896294 
14.511307 
14.663896 
13.913186 
13.550912 
13.746652 
14.192817 
11.692779 
13.328590 
15.507755 
14.332537 
13.034345 
15.410244 
13.437907 
12.850681 
12.903254 
13.866491 
13.072928 
12.357177 
16.065712 
14.559481 
25.629098 
14.082721 
12.148586 
20.143043 
13.899259 
25.156040 
20.658714 
17.224425 
15.861936 
32.418046 
32.575762 
