18.735636 
12.679770 
12.043507 
11.218884 
13.595087 
13.732449 
16.076163 
17.218080 
12.190498 
17.502883 
13.293515 
12.433261 
13.508182 
12.526822 
13.296628 
13.812810 
15.326410 
14.062035 
12.297065 
13.858853 
16.100848 
13.909026 
13.589765 
13.895197 
12.444050 
13.215327 
12.039065 
21.489565 
13.561382 
13.544986 
12.466048 
14.043683 
15.938678 
12.673680 
14.306735 
16.805183 
14.960653 
13.989229 
13.985844 
13.703750 
11.596488 
16.705761 
16.442949 
13.515362 
14.200656 
13.287270 
15.652600 
13.799202 
15.780505 
13.849335 
14.873134 
12.645812 
14.262955 
13.516636 
14.147426 
11.329150 
19.201649 
13.670770 
12.211204 
14.137178 
14.415190 
10.772016 
13.634283 
15.231459 
14.551136 
11.183932 
13.635551 
14.279736 
14.490681 
13.937164 
13.370392 
13.321928 
13.235340 
11.731604 
13.447514 
15.392496 
13.992400 
12.637190 
15.396133 
13.433564 
12.756175 
12.898244 
13.841842 
13.066002 
12.493092 
15.670515 
14.500351 
20.882812 
14.070031 
12.237889 
17.789033 
13.722437 
27.492256 
16.923742 
16.476444 
15.097689 
23.281594 
23.432017 
20.051907 
21.760872 
