18.488158 
11.601758 
11.200924 
13.647366 
13.724173 
16.073907 
16.968228 
12.508020 
17.213493 
13.432256 
12.421459 
13.060505 
12.450139 
13.260538 
13.751498 
15.187685 
14.112319 
12.348617 
13.891492 
16.215442 
13.716028 
13.424826 
13.754784 
12.288836 
12.681663 
11.982676 
21.059917 
13.703937 
13.550789 
12.055037 
13.886191 
15.958742 
12.699191 
14.340359 
16.818052 
14.923704 
38.336213 
12.129176 
13.781428 
11.476957 
16.768593 
16.539283 
13.561360 
14.626056 
12.989732 
15.535062 
13.824422 
15.209514 
14.604876 
15.052348 
12.657462 
14.224782 
13.532909 
14.170320 
12.022729 
18.887064 
12.255751 
11.757761 
13.800624 
13.241981 
10.246448 
13.646675 
15.250482 
14.500491 
11.184561 
13.442270 
14.123903 
14.437040 
13.095277 
12.546082 
13.286932 
12.001764 
11.725605 
13.389926 
15.435847 
14.048908 
12.777730 
15.406249 
13.414013 
12.733458 
12.855604 
13.849247 
13.082463 
12.573949 
15.844075 
45.195887 
13.888943 
12.150196 
17.327177 
13.645126 
26.683191 
16.389720 
16.704413 
15.531815 
22.667752 
22.703642 
19.608404 
21.234368 
56.119315 
56.489816 
