15.041399 
13.548393 
12.705518 
15.561980 
12.852579 
16.519220 
14.595628 
14.619365 
10.942546 
13.416117 
14.674762 
14.147365 
12.930080 
14.215333 
14.213010 
12.468766 
13.117370 
15.481782 
31.851770 
12.290770 
25.067089 
13.518999 
13.681731 
14.401157 
15.833463 
11.507227 
13.633706 
12.939032 
18.239941 
15.222940 
13.828598 
13.169389 
25.361033 
15.070878 
14.200925 
13.682862 
13.161677 
13.469745 
13.582685 
27.957576 
13.263574 
13.362716 
12.828639 
12.135983 
15.596968 
12.756294 
11.743837 
13.632551 
13.828857 
16.199352 
13.441018 
13.422795 
30.821649 
16.835387 
13.159165 
12.694742 
14.375429 
13.108459 
25.164491 
12.953085 
13.539980 
12.424289 
13.232174 
12.320146 
13.019389 
13.785896 
12.737305 
13.532354 
14.714818 
12.123796 
13.188287 
12.722979 
12.015267 
15.085437 
13.180030 
14.125866 
12.599071 
13.605860 
14.042778 
13.966060 
12.557685 
12.842144 
12.255275 
14.087231 
11.511793 
12.306282 
14.699321 
11.687434 
15.635841 
18.781886 
15.669562 
14.681389 
18.902802 
17.201478 
29.808749 
30.224625 
28.325084 
32.514051 
42.974609 
42.482847 
