16.305582 
10.647288 
13.373195 
13.870508 
13.710788 
16.068019 
17.821757 
13.085781 
16.977142 
12.826319 
12.459839 
13.096690 
12.912449 
13.879637 
14.773533 
14.712119 
12.792629 
13.340217 
14.391386 
12.373653 
13.534400 
13.745868 
12.148408 
12.754141 
11.492621 
17.171939 
14.211723 
13.572617 
12.013801 
14.239457 
13.763424 
12.783428 
14.697980 
16.899861 
14.703863 
20.770331 
13.057083 
13.761941 
10.985874 
16.686668 
15.150507 
14.014561 
14.732697 
13.565273 
15.333886 
13.694977 
12.871574 
14.815997 
15.581528 
12.562425 
13.593668 
14.467637 
12.357508 
15.843772 
12.544576 
11.967606 
13.872989 
13.895343 
10.826685 
13.839890 
25.964758 
11.981953 
11.573577 
13.250345 
13.891249 
14.357085 
13.260931 
12.709864 
13.437177 
12.088234 
11.552490 
22.259552 
15.831426 
14.200569 
13.033811 
28.180128 
13.316089 
12.394092 
12.821333 
13.710647 
13.084050 
22.439768 
22.681998 
13.816332 
12.572853 
14.537798 
12.910532 
19.275037 
12.253632 
14.422262 
15.692403 
15.556913 
14.482842 
15.951316 
20.432087 
20.848179 
29.091999 
31.825719 
23.372771 
23.351349 
