13.831023 
10.838066 
13.284762 
14.032053 
13.675951 
16.023242 
15.435429 
10.937773 
17.269788 
12.653387 
24.402164 
12.869711 
13.694920 
14.974138 
11.882784 
24.228228 
13.133591 
11.552956 
12.491426 
13.831790 
23.928901 
12.332593 
23.312453 
12.001964 
16.812763 
14.139266 
13.914209 
11.997645 
14.120820 
13.750681 
12.738318 
14.382002 
16.906910 
14.658582 
18.875081 
12.830795 
13.862129 
11.189449 
17.104493 
13.081221 
15.164654 
14.929282 
13.525537 
15.559041 
13.746556 
13.053050 
14.924490 
15.377439 
12.988098 
13.816180 
14.460527 
12.586085 
15.135290 
12.882846 
11.617630 
13.586953 
14.326468 
11.120935 
13.807115 
22.155624 
11.975840 
11.542286 
13.387023 
14.025586 
14.220106 
13.184747 
12.936666 
13.552465 
12.189147 
11.597128 
17.079257 
14.289340 
13.262292 
23.751688 
13.560928 
12.641363 
12.953822 
14.168437 
16.383610 
18.648984 
15.799948 
11.775430 
12.769649 
12.857746 
16.298674 
11.572416 
13.884088 
13.729256 
13.295032 
14.728220 
15.141840 
15.300907 
20.788539 
23.371657 
13.963558 
15.520121 
27.576024 
27.422065 
33.939691 
30.568800 
