12.002013 
11.070890 
14.016209 
13.831972 
13.073832 
15.821369 
13.599802 
14.805014 
15.039102 
12.839523 
15.806077 
12.528188 
13.729803 
12.308429 
14.387371 
15.341508 
12.486594 
11.465916 
13.290901 
13.152178 
18.012009 
14.277333 
18.795636 
14.306029 
14.065893 
12.339309 
12.342154 
13.842992 
12.888416 
16.147858 
14.057592 
17.793665 
12.833570 
13.628379 
12.094238 
13.955637 
12.921899 
13.027363 
39.069723 
14.602141 
12.205330 
14.373655 
13.261853 
13.471254 
12.544323 
12.045001 
14.027838 
11.444537 
13.842231 
33.868113 
26.659743 
15.772531 
14.023906 
12.872187 
18.104180 
12.433717 
11.407411 
12.921076 
14.609947 
13.838363 
27.235785 
13.580484 
11.717670 
14.381178 
13.117587 
11.929671 
21.035780 
15.727157 
11.442189 
12.234820 
14.002601 
16.090237 
15.493726 
12.320118 
13.877286 
12.094953 
13.072034 
23.885787 
19.398536 
12.502627 
12.695557 
13.117935 
14.562452 
25.452224 
15.421666 
17.522774 
16.778226 
17.405567 
14.753467 
14.266173 
17.367723 
18.894734 
19.884955 
12.191357 
29.639679 
29.694283 
35.461728 
34.875225 
51.127220 
53.428072 
