15.433360 
13.467093 
12.800431 
15.465842 
13.009869 
15.120824 
14.633652 
14.868042 
11.037607 
13.617700 
14.417326 
14.301588 
13.305901 
14.169782 
14.445177 
12.992033 
13.124904 
15.517931 
23.913761 
12.274965 
21.700140 
13.656996 
13.819583 
14.337210 
15.647117 
11.276290 
13.491446 
13.090672 
17.637622 
15.332571 
13.789557 
20.718058 
15.010743 
14.097944 
13.793027 
12.297860 
13.570177 
13.670146 
23.681299 
11.987218 
13.499740 
13.302694 
12.333948 
15.542719 
13.857044 
12.007490 
13.494493 
14.110668 
16.203785 
13.448074 
13.515870 
24.661930 
15.378284 
12.942523 
12.683584 
14.254830 
13.074976 
13.050134 
13.004231 
13.030189 
22.218560 
12.909795 
11.566949 
12.019750 
13.907084 
12.817957 
13.616782 
14.517248 
11.704066 
13.267720 
19.849446 
11.516193 
14.801333 
14.079933 
12.579903 
13.710133 
14.066838 
14.121768 
12.594170 
12.595441 
12.066214 
14.150855 
11.509294 
12.227985 
14.533133 
11.659530 
14.438699 
17.554854 
13.674911 
13.927329 
26.307319 
14.840290 
22.868776 
23.244326 
20.683275 
20.700466 
27.336215 
26.944822 
26.766069 
26.377016 
