12.005781 
11.049333 
14.287719 
14.009829 
13.227070 
15.993811 
31.408857 
14.587545 
14.858018 
13.423182 
15.831010 
12.466158 
12.249422 
14.268414 
14.786144 
12.657419 
11.330109 
13.285427 
14.678919 
13.965024 
13.445860 
14.241577 
14.211652 
12.211792 
12.332371 
20.339162 
12.865627 
16.077847 
13.859507 
17.622053 
13.170281 
13.313410 
12.100179 
13.920798 
12.788610 
14.090456 
13.753488 
14.607474 
12.111265 
14.474188 
12.573957 
13.145236 
12.624302 
12.018766 
13.916933 
11.267199 
13.506656 
28.298187 
24.475732 
15.711380 
14.451824 
12.854956 
17.970180 
12.321109 
11.268871 
12.155706 
14.034668 
14.300903 
27.079460 
11.813540 
11.718272 
14.339598 
13.332389 
11.501715 
20.431251 
15.853025 
11.422555 
12.347720 
13.945625 
16.074285 
15.571253 
12.395455 
13.871459 
12.056295 
13.127537 
22.595975 
18.948951 
12.423673 
19.737425 
12.705764 
14.293540 
23.869720 
15.093011 
15.299685 
12.931805 
16.490787 
13.990257 
13.733303 
16.882333 
18.055054 
18.910603 
11.956837 
27.096264 
27.057521 
31.041877 
30.617250 
40.230175 
37.845224 
21.992439 
20.068216 
