12.381452 
13.186792 
19.708266 
14.252906 
15.598486 
17.831431 
13.058418 
14.958063 
12.066339 
12.590268 
12.558740 
15.148849 
11.500642 
24.081987 
12.686180 
13.241067 
13.784579 
14.143105 
13.196239 
14.761288 
12.227214 
12.407417 
12.412542 
22.741984 
13.855118 
15.548040 
11.806216 
15.746702 
16.366644 
13.484627 
24.147552 
12.434890 
12.791684 
15.040147 
13.818653 
14.908523 
12.905030 
13.107458 
30.983349 
13.704180 
12.177044 
13.769922 
15.303047 
15.221714 
13.542880 
14.301272 
11.819330 
16.531401 
12.621987 
16.729703 
11.942053 
16.154045 
11.560693 
14.985600 
28.438775 
11.344722 
13.973639 
11.791789 
14.746013 
15.970373 
11.859797 
12.481954 
12.274474 
18.777977 
15.766096 
12.509730 
14.735073 
12.333386 
13.636120 
12.927855 
12.750981 
15.433501 
12.477759 
13.442476 
16.246201 
13.238951 
13.641155 
12.008932 
13.516693 
14.065249 
13.230329 
11.859423 
13.437139 
15.425002 
14.858552 
15.984575 
14.430106 
14.337305 
15.141392 
15.360473 
15.901694 
14.301727 
20.355172 
16.084516 
17.335114 
15.077059 
30.471609 
32.541003 
42.722945 
38.735144 
