12.359056 
13.365285 
18.817614 
14.785323 
13.503164 
17.417720 
12.755843 
14.986633 
12.079524 
12.994477 
12.432860 
15.302061 
11.674371 
21.486656 
12.625700 
13.376623 
13.598303 
13.928762 
12.881359 
14.755738 
12.882166 
12.240101 
12.653971 
22.083428 
14.007897 
13.319930 
11.483048 
15.536293 
15.958116 
13.605641 
20.920337 
12.449647 
12.844946 
15.150134 
13.726397 
14.836684 
13.094709 
13.271461 
25.463313 
13.866406 
12.313653 
13.609677 
14.958784 
15.291884 
13.498845 
14.221803 
15.216754 
12.810313 
16.144917 
11.649452 
15.536956 
11.311307 
14.819626 
23.398595 
11.361307 
13.964406 
11.859516 
14.441717 
15.854953 
11.694746 
50.838846 
12.280611 
18.333678 
15.668293 
12.387981 
14.920763 
12.363765 
13.618368 
12.876187 
12.821179 
14.876301 
12.304880 
58.677548 
13.071853 
13.369169 
11.959872 
13.569810 
14.132082 
12.926157 
11.592359 
13.350691 
14.863241 
14.307086 
15.219163 
13.702014 
13.599681 
14.380616 
14.695991 
15.189473 
13.530773 
18.075923 
14.470953 
16.692203 
14.466355 
24.583238 
26.272897 
32.058350 
28.167497 
86.289711 
89.275699 
