12.382088 
13.619676 
17.543185 
13.503466 
12.549436 
16.809609 
13.130946 
14.934332 
12.366181 
15.334309 
11.630918 
19.493510 
13.020176 
13.499449 
13.603586 
12.784571 
13.124099 
12.861924 
13.399892 
26.389081 
22.145289 
14.325407 
25.935083 
18.472781 
15.076614 
13.627795 
18.383915 
107.848602 
12.692131 
13.777867 
12.800792 
13.309525 
13.125459 
13.567936 
19.670325 
13.679243 
12.722258 
13.659637 
14.961121 
14.995613 
139.817203 
14.956560 
14.872668 
12.975957 
15.389485 
12.204554 
11.799152 
13.970764 
18.706679 
12.732571 
11.322568 
13.486709 
15.769780 
10.914554 
24.670609 
11.806608 
17.650361 
13.839948 
12.738180 
15.128403 
12.578826 
13.754832 
12.273232 
13.139861 
13.663112 
12.822853 
27.932806 
12.249533 
19.082851 
12.210522 
13.499018 
12.005940 
13.711517 
10.870602 
13.424093 
13.628871 
12.996513 
13.160344 
12.651529 
12.255404 
14.734850 
14.361587 
15.553282 
14.090325 
15.751731 
12.773042 
16.222002 
14.262763 
19.782607 
21.112064 
22.134775 
18.158782 
31.068120 
33.736094 
22.285936 
23.058999 
33.045059 
33.498944 
226.422729 
229.153689 
