12.391993 
13.592561 
16.489391 
11.824245 
12.179986 
16.763324 
13.127441 
14.907975 
12.370679 
15.328218 
19.375163 
13.015896 
13.471223 
13.668539 
12.846256 
13.137869 
12.276200 
13.437189 
25.847097 
21.180631 
13.933856 
26.422276 
18.373979 
15.073882 
13.623217 
18.219467 
93.874484 
89.948880 
13.839231 
12.806377 
139.816019 
12.515444 
13.556112 
19.478435 
13.666584 
12.379501 
13.753644 
14.890076 
15.088880 
13.333287 
14.950358 
12.980241 
11.649606 
12.261394 
12.056914 
14.014079 
18.528139 
12.730891 
11.347107 
13.489259 
15.125504 
10.861036 
16.731102 
11.849846 
17.695329 
13.836565 
12.732854 
15.132667 
12.588993 
13.756734 
12.344645 
13.159342 
13.608544 
12.808403 
18.969571 
12.364782 
19.066372 
12.243863 
107.290236 
11.869664 
13.710921 
10.889672 
13.510228 
13.590172 
13.378220 
13.738509 
12.608605 
12.243710 
14.659000 
14.275164 
15.449337 
14.014719 
14.232605 
11.920564 
16.029267 
14.090069 
19.514078 
20.782035 
21.725489 
17.792710 
18.003316 
19.013390 
22.261279 
23.307477 
30.830835 
31.638454 
215.083559 
212.702921 
178.233220 
175.698005 
