12.430508 
13.357955 
16.455759 
11.933453 
12.317641 
16.429958 
13.357896 
14.646124 
13.008818 
15.392492 
24.611204 
13.306504 
13.348992 
13.939186 
13.025732 
12.118774 
11.607909 
22.960017 
21.150108 
14.005089 
25.100243 
11.058788 
13.421917 
17.007901 
12.208508 
45.815349 
14.297946 
12.825509 
23.533779 
12.762906 
13.368989 
18.559027 
13.656072 
11.929866 
13.157927 
14.428297 
24.299779 
12.542102 
22.215612 
13.089880 
11.584764 
11.397351 
11.908860 
12.020590 
17.579485 
12.938672 
11.425184 
13.519324 
14.613662 
11.148446 
16.390523 
12.083481 
17.928176 
13.860003 
12.719315 
14.862515 
12.443599 
13.636504 
12.660186 
12.774752 
13.348903 
12.744932 
18.181883 
12.840016 
11.618320 
12.501064 
50.061082 
11.909117 
13.901658 
11.556336 
13.885252 
13.465669 
13.822505 
19.194595 
12.438009 
14.165172 
13.707111 
15.337159 
13.801603 
14.725760 
11.522168 
15.727621 
13.918909 
17.250117 
30.934044 
19.841880 
16.223041 
17.396184 
17.743616 
14.845302 
26.826933 
27.462387 
28.674462 
28.404685 
76.823383 
74.226960 
31.195580 
35.464516 
23.403983 
21.034663 
