12.608699 
13.645055 
14.949384 
12.228668 
12.743309 
16.227232 
13.488191 
14.723840 
12.631642 
15.592967 
20.034812 
13.652057 
13.669490 
14.371894 
13.267702 
12.557067 
11.706831 
19.369111 
18.912479 
21.262385 
11.220203 
13.633164 
15.812660 
12.899057 
13.085994 
14.860093 
13.071359 
19.297167 
13.082054 
13.612490 
17.244198 
13.592450 
17.541540 
13.491388 
14.266980 
20.057043 
12.645045 
19.996462 
13.710259 
11.920534 
11.730708 
12.301474 
12.380646 
16.405537 
13.145078 
11.510190 
13.883766 
14.877823 
11.234843 
16.126099 
12.314643 
14.298937 
14.077385 
12.750519 
15.233378 
12.647754 
13.796962 
12.868344 
13.044104 
12.070954 
12.468568 
17.305431 
13.123823 
11.915195 
12.865773 
13.597359 
12.413171 
14.033223 
11.736568 
13.978687 
14.301535 
13.123707 
16.596742 
12.435060 
13.769420 
13.226321 
14.576127 
14.371912 
14.638547 
13.862788 
15.481096 
13.895273 
15.016603 
22.921610 
16.790235 
13.519661 
16.602858 
16.346606 
15.237192 
19.555878 
20.262784 
20.138230 
19.729214 
17.164893 
21.823352 
24.664285 
18.471847 
16.037377 
19.422200 
17.543613 
