12.609209 
13.063475 
14.931904 
12.243895 
12.766401 
16.117188 
13.508035 
26.717145 
12.648209 
13.588335 
19.397316 
14.596648 
13.680602 
14.398145 
13.270832 
12.584129 
11.719019 
18.227958 
19.023233 
20.833806 
11.226665 
13.628867 
13.001444 
13.438699 
14.806316 
13.076430 
19.118737 
13.030083 
13.360617 
15.018421 
17.466244 
13.502599 
14.381776 
19.880540 
12.669532 
19.972614 
13.606125 
11.733733 
11.743620 
12.324948 
12.427938 
16.514499 
12.976923 
25.954371 
13.901742 
14.912339 
11.245015 
16.057799 
12.698372 
14.290746 
14.075095 
12.754087 
14.967264 
12.556981 
13.698842 
12.864328 
12.972314 
12.017256 
12.402492 
17.203401 
13.212102 
11.937042 
12.905275 
13.119810 
12.280364 
14.047690 
11.753353 
13.986031 
14.281953 
13.111773 
16.518590 
12.479911 
13.732468 
13.006661 
14.336091 
14.347973 
14.631215 
13.798737 
13.142784 
13.443069 
19.788618 
15.742183 
17.055849 
13.637617 
16.435414 
16.193111 
15.259563 
18.750751 
19.515598 
19.764347 
19.358062 
16.916987 
23.438951 
20.453477 
18.296532 
15.880746 
19.082680 
17.245348 
39.824969 
35.434900 
