13.421571 
13.512109 
14.783608 
12.313014 
18.749113 
16.772636 
13.980514 
20.664308 
12.270142 
17.158515 
14.696332 
13.938025 
23.205187 
10.808286 
12.201680 
12.030115 
16.361448 
18.354476 
18.782127 
11.084059 
12.718868 
12.754748 
15.069763 
15.601474 
13.519812 
17.162821 
12.984369 
13.932456 
13.212178 
15.657930 
13.150114 
14.835498 
17.895486 
19.555876 
13.744457 
11.640964 
11.700934 
12.051570 
12.571887 
16.381996 
12.925774 
19.263939 
14.069602 
15.125864 
11.315036 
15.165804 
11.869359 
14.001751 
13.094986 
14.472702 
12.642042 
11.245923 
11.802871 
12.103467 
11.931748 
12.287906 
16.103937 
13.746181 
11.957351 
12.893091 
13.075735 
12.030091 
15.044451 
11.985967 
14.312673 
13.909745 
12.655548 
15.776627 
13.069998 
14.027998 
13.313795 
14.038962 
13.999100 
19.969361 
12.591588 
12.923789 
16.881529 
13.784489 
15.675480 
12.606814 
14.889107 
14.693145 
15.166806 
14.629993 
15.517220 
24.235499 
14.985626 
14.773820 
17.386371 
15.102318 
16.522544 
14.230960 
15.685111 
13.888627 
26.156124 
22.587166 
23.597391 
24.068848 
18.701024 
22.118616 
