13.491680 
13.520852 
14.990710 
12.466116 
17.481062 
16.835100 
14.101346 
18.556081 
12.353949 
16.654400 
14.847673 
14.058987 
14.672042 
10.891346 
12.262745 
11.784263 
15.845607 
18.544508 
18.420695 
11.180118 
13.182361 
15.438304 
16.102386 
13.586132 
16.511082 
13.201497 
13.958816 
13.481682 
15.481526 
13.301978 
14.965947 
17.567704 
19.222687 
13.948193 
11.844674 
11.862766 
12.122406 
12.643673 
16.227553 
12.942396 
16.991638 
14.278969 
15.318776 
11.282593 
14.862415 
12.096733 
14.046927 
13.172964 
14.667225 
12.733096 
11.305353 
11.865475 
12.206012 
11.950956 
12.333041 
15.734937 
13.983861 
12.097894 
13.025610 
13.134131 
12.151512 
15.226635 
12.153902 
14.346420 
13.918785 
12.663057 
15.268926 
12.898135 
14.084081 
13.346079 
14.129346 
14.054228 
18.730656 
12.688115 
13.088825 
16.305424 
22.438658 
14.868876 
12.217199 
14.353766 
14.119695 
15.335541 
13.606259 
14.504341 
14.743249 
14.205811 
14.348087 
16.190464 
14.110170 
15.625472 
13.417411 
14.871509 
13.180964 
21.443346 
26.601703 
12.988721 
16.216376 
19.723067 
23.523821 
23.715535 
