13.546666 
12.732408 
67.582433 
12.486907 
17.484174 
13.432455 
13.859912 
18.501171 
16.636359 
14.445618 
14.066918 
14.682587 
10.897326 
12.265995 
11.787726 
15.198000 
18.558976 
18.392672 
11.197101 
13.208122 
15.461225 
16.149122 
12.301558 
16.476194 
13.076844 
12.448403 
13.489278 
15.470455 
13.310683 
12.139081 
17.537206 
18.165292 
13.733021 
11.847490 
11.870142 
12.127244 
12.650179 
16.063789 
12.944065 
16.878143 
14.318194 
15.339370 
11.285667 
14.914566 
12.113775 
14.097832 
12.950202 
14.151710 
12.704139 
11.250675 
11.877586 
12.080947 
12.106517 
12.347164 
15.823494 
13.998549 
12.104515 
13.034931 
13.135023 
12.158783 
15.232595 
12.163997 
14.363349 
13.737109 
12.688354 
15.248008 
12.909730 
13.632811 
14.222429 
102.438164 
18.672246 
12.528679 
13.099672 
16.274258 
22.113454 
15.080222 
12.198172 
14.527643 
14.156598 
15.345515 
13.295945 
14.189456 
14.671703 
14.135805 
14.316823 
16.150447 
14.051824 
15.322748 
13.037097 
14.818657 
13.135721 
21.207399 
26.145099 
13.000124 
16.144968 
19.737604 
23.012388 
23.259426 
148.326380 
145.888349 
