11.519616 
13.520544 
22.052389 
12.862663 
16.083601 
13.100731 
16.987363 
15.834333 
15.146194 
13.959718 
14.740715 
10.654335 
12.506845 
11.697107 
24.012267 
23.489566 
17.675861 
11.175768 
14.730595 
16.253903 
17.053588 
11.359954 
15.519749 
13.235678 
13.824339 
15.429378 
13.247122 
12.093443 
16.733635 
17.558845 
13.841838 
13.993700 
11.861234 
12.262956 
12.682672 
16.866202 
12.976271 
14.879547 
14.505533 
15.646424 
11.174745 
14.809328 
14.240196 
14.398750 
12.773771 
14.474356 
11.785231 
23.288002 
12.063325 
12.100468 
12.072444 
12.893203 
15.390480 
12.378895 
12.159440 
13.154833 
13.268956 
12.482323 
12.657445 
13.892323 
14.319583 
13.591889 
12.661282 
14.583631 
13.049380 
14.046562 
14.536603 
13.894361 
15.210300 
13.082409 
13.733412 
15.594443 
19.023169 
14.842981 
12.812566 
14.087023 
13.817414 
15.457674 
11.704503 
12.422993 
13.094012 
12.654091 
13.720281 
14.651524 
12.330440 
13.554706 
12.059719 
13.754315 
12.343328 
17.678941 
19.021482 
13.166944 
13.744333 
17.005060 
16.065476 
16.356905 
21.668707 
21.461251 
24.620154 
22.291795 
