11.557970 
21.988610 
18.639794 
11.804400 
15.703226 
20.601132 
14.063048 
15.755012 
13.969327 
14.747247 
10.943274 
12.520425 
11.649411 
19.965456 
20.829247 
16.946067 
14.727436 
16.271320 
13.347550 
11.230944 
15.399690 
11.982658 
13.568772 
15.199911 
12.928182 
12.094485 
16.792919 
17.022165 
13.707508 
12.792690 
11.888251 
13.189279 
12.969324 
15.023095 
13.156135 
13.727578 
14.396337 
15.581950 
11.127036 
14.756647 
14.421516 
14.446922 
12.690350 
15.631872 
12.020397 
19.418619 
12.214677 
12.930034 
12.154165 
12.992053 
15.234604 
19.867520 
12.082950 
13.438465 
13.209725 
12.674426 
12.939333 
14.371820 
13.614563 
12.649458 
14.256386 
12.880646 
14.282408 
14.459657 
14.158444 
15.947252 
20.356524 
13.449968 
15.443178 
17.404864 
13.465454 
12.207305 
14.091630 
13.830439 
15.233482 
11.651874 
13.312966 
12.924685 
12.556681 
13.210802 
14.249184 
12.195345 
13.334818 
11.582152 
13.302794 
11.915794 
17.053192 
13.036012 
12.489266 
14.960158 
13.860673 
13.715718 
15.828695 
15.497662 
16.609898 
14.660641 
22.328586 
22.496140 
22.569765 
25.101310 
