11.558145 
21.400142 
18.550482 
12.068701 
15.828346 
20.404653 
13.849533 
15.158280 
14.061387 
14.719600 
10.966229 
12.542035 
11.665893 
19.568042 
17.721687 
32.892382 
14.720784 
16.031829 
13.318804 
11.225581 
15.400966 
12.033347 
13.524159 
15.199604 
13.284568 
12.092595 
16.794185 
17.016810 
13.018580 
12.757675 
12.080262 
13.435122 
12.881452 
14.992212 
13.175234 
13.696365 
14.392058 
15.581539 
11.127673 
14.784550 
14.058472 
14.263237 
12.685757 
15.646046 
12.033000 
19.359126 
12.218409 
12.981758 
11.732270 
12.695425 
15.238380 
19.665970 
28.031129 
13.558779 
13.196590 
12.723641 
12.719211 
14.386814 
13.503727 
12.651829 
14.255076 
12.875753 
14.284237 
12.809667 
14.042673 
15.866175 
20.117479 
15.320400 
14.790555 
13.459048 
12.156326 
14.107106 
13.831350 
11.642664 
12.941535 
12.924439 
12.555483 
13.146548 
12.755092 
11.559640 
13.340103 
11.583111 
13.314639 
11.914384 
17.002613 
13.050728 
12.585597 
14.976283 
13.982987 
13.878951 
15.920357 
15.499540 
16.468863 
14.541458 
21.944997 
22.113344 
21.363821 
24.310995 
38.378769 
40.673376 
