11.420070 
20.631586 
18.404144 
19.091533 
15.593459 
12.973291 
14.284202 
15.067087 
14.056100 
14.640384 
10.969561 
12.701387 
11.524696 
16.363121 
17.433476 
16.796566 
13.519041 
13.391420 
13.760948 
11.137743 
14.796165 
12.023826 
13.801970 
12.273058 
13.292870 
12.044768 
14.221644 
16.784235 
13.570961 
13.157542 
11.963562 
13.189990 
14.936065 
13.217944 
13.861071 
14.442997 
15.856214 
11.021692 
14.896318 
18.693692 
14.288879 
12.459598 
13.852426 
12.286403 
17.961747 
12.176184 
13.313173 
11.715882 
12.655484 
15.313629 
19.449857 
22.937538 
13.223943 
12.640088 
12.462961 
14.383971 
13.777256 
12.691421 
14.097959 
22.926536 
14.169877 
13.183482 
14.274132 
16.121609 
19.362659 
15.893140 
14.725229 
13.463549 
12.315881 
14.238148 
13.954278 
13.932017 
13.097835 
12.352359 
13.453636 
12.838415 
13.303144 
11.721136 
18.447416 
11.245133 
12.760381 
13.137186 
17.048487 
12.752904 
12.336621 
14.733902 
13.830267 
13.635800 
15.220168 
14.829961 
13.988507 
14.053781 
17.779994 
17.609424 
19.572812 
22.430265 
23.235609 
21.519576 
25.804235 
26.176132 
