12.107433 
16.275482 
18.033296 
20.182498 
15.389665 
13.658830 
14.594644 
15.069665 
12.132260 
14.972097 
13.763259 
12.803006 
12.033438 
16.125759 
16.253457 
17.142667 
14.359239 
13.645622 
11.264040 
15.206032 
11.066540 
14.753590 
12.573206 
13.294454 
11.652667 
15.099114 
16.904318 
13.942789 
20.094191 
12.117367 
12.579695 
20.515152 
12.151622 
14.378237 
15.912667 
11.028802 
14.922161 
16.433948 
14.389346 
12.673059 
13.730383 
10.964387 
17.369152 
11.854701 
14.044343 
11.776157 
13.027677 
15.360112 
14.798265 
14.038865 
14.008192 
13.137920 
13.206265 
14.151585 
12.774944 
14.534110 
13.318462 
13.867806 
12.870821 
14.492201 
15.408792 
16.332914 
14.618934 
12.457166 
14.692105 
14.113080 
13.792825 
18.185679 
12.857513 
13.897316 
13.264013 
13.106205 
11.680927 
16.417430 
11.670077 
13.237057 
13.636625 
16.702289 
13.289426 
14.478530 
14.600331 
14.056344 
13.617011 
13.892160 
13.724974 
11.980381 
11.985449 
13.502295 
13.375262 
12.281506 
14.991613 
14.504031 
13.425608 
12.683366 
13.284446 
16.154566 
16.119349 
16.046175 
20.658652 
19.740459 
