13.624896 
15.716094 
17.186759 
13.489878 
14.675688 
13.071279 
14.644773 
12.656699 
15.222066 
13.834619 
12.925926 
22.724892 
14.164719 
16.235269 
17.771791 
13.776861 
12.645894 
11.192633 
15.001471 
13.348874 
13.630377 
11.384041 
14.216511 
14.704451 
12.086656 
17.466522 
12.329672 
13.004636 
13.909853 
12.395119 
11.891694 
13.210099 
15.834730 
14.023937 
14.985444 
14.319342 
14.302387 
11.613127 
20.566989 
12.313231 
14.474611 
13.678411 
11.805788 
14.660481 
14.499394 
13.978589 
14.271712 
13.180621 
17.992014 
13.650845 
13.250729 
13.930639 
13.623819 
15.056719 
12.562676 
12.808202 
16.036256 
16.338818 
15.527574 
12.696434 
15.037642 
12.969078 
14.523462 
16.498445 
14.672979 
13.451495 
13.289393 
12.133996 
12.562345 
16.107927 
11.810221 
13.483874 
17.022465 
13.961908 
13.830102 
13.970442 
14.187951 
13.779122 
13.175567 
12.866047 
12.210849 
12.599468 
12.824275 
12.707340 
14.044985 
14.428775 
14.111715 
12.783203 
12.724784 
12.800708 
14.944575 
12.831062 
14.795616 
13.807331 
22.715674 
16.298484 
15.461620 
13.408404 
23.959899 
26.460364 
