15.895106 
12.898044 
12.729146 
12.970943 
13.815248 
13.304765 
16.061103 
11.704340 
21.484988 
12.076498 
13.925948 
19.096897 
13.154993 
14.469728 
13.993381 
14.084566 
16.294682 
28.331624 
13.535226 
16.994681 
13.887395 
12.945465 
13.523037 
13.775144 
11.882626 
13.137366 
15.495841 
15.832169 
15.068592 
12.288119 
13.479570 
13.436156 
14.630116 
12.987027 
13.713929 
13.262032 
16.992864 
13.035079 
13.605123 
14.218296 
15.164163 
14.494073 
12.183629 
13.212511 
14.924501 
16.278338 
14.051566 
13.640676 
18.930756 
14.160046 
20.406443 
13.282924 
12.981866 
13.425621 
15.416785 
12.539545 
12.967672 
14.496866 
14.301011 
12.302261 
12.522950 
13.750181 
12.475806 
13.337509 
14.768966 
12.186882 
13.280569 
13.805010 
12.681464 
12.824478 
12.135197 
13.154583 
13.639020 
13.907097 
12.403107 
12.718340 
12.761316 
14.291243 
12.003429 
12.426866 
12.062770 
11.771837 
14.359334 
12.983177 
11.491544 
16.710848 
25.525706 
19.064153 
13.511886 
11.808879 
14.602074 
14.182600 
13.495733 
14.813983 
18.911027 
21.542066 
19.869692 
19.855003 
31.435111 
32.095320 
