15.622107 
17.080738 
13.460852 
14.553448 
13.341773 
14.324428 
12.487710 
15.241731 
13.851113 
12.821128 
13.960857 
16.175535 
17.918690 
13.826393 
12.912415 
11.007293 
16.057012 
13.183797 
13.551225 
11.450226 
14.155492 
14.922456 
12.307433 
12.311535 
13.201306 
13.642594 
12.078862 
11.868950 
13.209297 
15.876883 
13.958911 
15.026733 
14.886408 
14.071451 
18.613940 
19.325596 
12.523137 
14.311843 
13.712163 
18.717809 
14.646824 
14.504620 
13.978798 
13.556024 
12.864232 
16.614089 
13.676192 
13.292180 
14.071466 
13.756935 
15.343810 
12.749116 
12.894085 
15.770945 
13.519164 
14.348180 
13.149785 
15.262676 
12.914203 
14.479429 
16.373135 
14.241066 
13.376079 
13.028014 
12.268548 
12.843197 
16.229966 
11.912985 
13.249276 
14.347454 
14.380397 
13.914229 
13.895488 
12.802088 
19.294674 
12.728703 
12.115270 
12.497613 
12.791608 
12.689033 
13.795553 
13.661340 
14.124424 
12.779271 
12.845614 
13.064864 
14.648941 
12.969136 
20.300668 
13.681326 
13.543962 
14.016073 
12.916159 
13.274483 
13.501460 
13.123382 
22.384793 
19.693650 
20.840034 
21.143506 
