15.789099 
16.555405 
13.383739 
14.408513 
13.716251 
14.788994 
14.718075 
13.987318 
14.254435 
12.441436 
13.805126 
16.532743 
18.298076 
13.811181 
12.907039 
11.116368 
14.862147 
12.949055 
13.971489 
11.780156 
14.335663 
15.392614 
12.938323 
13.660271 
13.871404 
12.887882 
11.334309 
12.866232 
14.956770 
13.576659 
15.771326 
13.085943 
13.718037 
14.188188 
19.332294 
11.211205 
15.406898 
14.380324 
14.647774 
14.093270 
17.791003 
13.840024 
13.820624 
12.783549 
16.398858 
13.473681 
15.420428 
14.206934 
14.393882 
15.764985 
12.521166 
13.238538 
15.135874 
13.733568 
13.682500 
15.936724 
12.505856 
13.976195 
16.305979 
14.396219 
13.254786 
14.378160 
12.873604 
11.491518 
16.604071 
12.324313 
12.697071 
15.070923 
13.990490 
14.121839 
13.758419 
13.305750 
15.273727 
12.249185 
12.116370 
12.448857 
13.012980 
12.920971 
13.890551 
13.704949 
14.162629 
12.564818 
13.214111 
13.538157 
14.669434 
13.098871 
17.101553 
13.582259 
13.612489 
13.988905 
12.534119 
12.804697 
15.311943 
12.227415 
15.928466 
13.607355 
14.483635 
13.462690 
14.661220 
14.638135 
