16.422911 
22.268409 
13.318949 
14.641639 
13.553505 
15.429321 
13.874419 
12.793944 
14.539107 
12.583943 
14.233270 
13.557185 
12.481581 
14.947047 
15.450405 
13.080067 
11.839026 
12.130935 
13.842809 
15.262378 
11.871012 
13.696723 
16.850243 
13.410709 
11.388257 
13.640410 
13.331002 
15.134707 
19.662798 
13.073759 
14.019666 
19.369895 
11.191074 
15.102033 
14.127808 
14.451455 
14.149106 
17.157731 
13.972325 
12.425471 
16.158914 
15.438160 
13.343165 
15.565509 
15.922144 
16.637337 
11.377368 
13.662950 
14.560943 
14.285560 
14.710066 
12.261217 
16.770272 
14.178148 
13.949710 
13.309070 
14.492797 
12.723017 
10.501562 
16.057904 
11.668492 
12.693557 
15.812652 
13.928139 
12.013323 
13.965875 
13.927866 
12.811492 
14.030390 
12.448092 
12.965887 
12.676508 
12.611978 
13.895648 
14.537711 
13.245881 
13.443143 
15.277101 
14.105725 
11.876715 
15.955281 
12.875426 
14.032863 
13.909296 
12.432766 
12.717973 
15.883869 
14.586101 
14.088966 
13.972846 
14.413180 
13.431580 
14.465641 
13.197983 
13.141356 
14.578226 
14.725270 
13.113580 
19.637373 
19.141927 
