14.190782 
18.684331 
12.595662 
12.744081 
13.531103 
15.199856 
13.418701 
12.509997 
14.205809 
12.825693 
14.088328 
13.742030 
12.798806 
14.747319 
15.529683 
13.195528 
11.765523 
13.563421 
14.743890 
12.304560 
13.506056 
16.276728 
13.390041 
11.072712 
13.460235 
12.422159 
15.682771 
17.845009 
12.754823 
13.511925 
15.708435 
11.013489 
14.795851 
14.579824 
13.492867 
13.479674 
14.120894 
12.840008 
13.396085 
15.169226 
13.448825 
15.546676 
12.781376 
17.318147 
11.853036 
14.051371 
14.793795 
13.691307 
14.597406 
12.587054 
15.308851 
13.902921 
25.189450 
13.522493 
14.747824 
13.091343 
10.791564 
16.142439 
11.598871 
12.869545 
15.801517 
13.609209 
12.500515 
13.933890 
13.084399 
14.586798 
13.941520 
12.426960 
24.806883 
13.043531 
14.413870 
14.919899 
13.047643 
13.478279 
14.357382 
13.491293 
11.598094 
15.951629 
13.195987 
13.887491 
13.443698 
12.906250 
15.314511 
13.794986 
14.016673 
14.407920 
13.819886 
12.154496 
14.341216 
20.541926 
12.263555 
13.446242 
13.727313 
20.130415 
16.759536 
16.138168 
25.439565 
22.870148 
30.685059 
30.316830 
