14.108730 
17.762443 
12.746203 
12.990796 
13.734653 
15.028031 
13.447518 
16.597275 
14.154328 
13.061134 
14.081826 
13.779671 
12.649143 
14.728348 
14.613083 
13.226409 
11.713585 
14.309854 
15.537465 
12.172983 
13.400504 
14.033006 
12.302969 
11.063877 
13.503820 
12.511788 
15.573228 
17.208974 
12.777885 
13.455427 
15.737697 
11.029605 
14.776143 
26.648376 
13.609474 
13.804955 
13.325099 
13.697894 
15.344004 
13.373907 
15.122965 
13.083980 
17.200876 
11.964622 
13.744207 
14.026376 
12.378720 
12.589976 
15.288885 
13.931812 
20.273963 
13.588307 
14.302984 
12.760958 
10.581645 
16.301246 
11.474822 
12.865207 
16.783387 
12.987342 
12.586185 
12.972516 
13.042299 
14.766420 
14.169734 
12.494984 
19.811726 
13.065118 
14.185435 
14.427465 
13.029355 
13.441756 
14.385466 
13.465232 
11.594250 
15.888992 
13.644199 
13.791806 
13.637180 
12.820089 
15.016441 
13.523853 
13.976049 
14.416086 
13.856321 
24.775560 
14.226832 
12.540073 
12.155171 
13.285908 
15.123447 
16.432073 
15.051957 
14.412928 
15.988357 
19.010228 
21.106603 
20.700306 
31.526566 
31.671587 
