15.091387 
12.902144 
12.759322 
12.977081 
13.816779 
13.306761 
15.608644 
11.386404 
21.413670 
12.115250 
13.926976 
19.034591 
37.114418 
14.470670 
14.239064 
16.296743 
26.300528 
11.371042 
17.041913 
13.892291 
12.945853 
13.676680 
13.806866 
11.920578 
13.142600 
15.488404 
15.835051 
15.075557 
12.290174 
13.481688 
13.435583 
14.639473 
12.989877 
13.717390 
13.263660 
16.997702 
13.037729 
46.180280 
13.227400 
15.166401 
13.115916 
11.206064 
13.214638 
14.652249 
16.322754 
14.054849 
13.639504 
15.231476 
14.154878 
20.337620 
13.284838 
12.983552 
13.427650 
15.455239 
12.542140 
12.969143 
14.484633 
14.411427 
12.496668 
11.880419 
13.755038 
12.510706 
14.889558 
11.685267 
13.303200 
13.811155 
12.684645 
12.827176 
12.135423 
13.156555 
13.641274 
14.061475 
12.457206 
12.718757 
12.766789 
14.342437 
12.005029 
12.435382 
12.063360 
11.773244 
14.361469 
12.987152 
11.493756 
16.698711 
25.279178 
19.011559 
13.496755 
11.796193 
11.361484 
15.203592 
13.474854 
14.789879 
18.773118 
21.393981 
19.742662 
19.727010 
30.981416 
31.645918 
62.683754 
63.702698 
