14.119288 
17.524444 
12.298553 
12.695009 
13.563948 
14.986089 
12.985517 
28.923402 
14.241801 
12.982538 
12.219398 
13.685899 
12.634159 
14.131749 
14.766007 
13.192403 
11.265847 
13.562907 
15.042571 
12.401493 
13.385893 
13.975022 
12.662682 
11.252204 
13.502101 
12.406782 
15.463727 
18.513800 
11.596212 
13.458441 
12.869276 
11.367888 
14.352949 
17.846269 
13.991009 
13.822047 
13.230425 
91.946673 
15.876406 
15.115307 
12.788987 
17.365827 
12.242608 
13.939458 
14.085054 
12.078907 
12.620774 
15.448487 
13.167090 
18.190113 
13.577489 
14.321010 
12.765489 
10.407350 
15.566667 
10.560504 
12.836149 
17.094250 
12.402118 
13.081847 
13.083423 
15.225277 
14.851965 
17.202001 
13.134747 
14.736734 
14.479712 
12.504232 
12.773836 
14.040805 
13.453414 
11.171402 
16.404480 
13.033655 
13.780382 
14.078934 
12.772971 
15.043994 
30.240330 
13.914563 
14.661764 
14.948240 
14.876874 
13.458895 
11.837024 
12.407877 
13.462897 
13.560396 
13.534207 
14.548261 
13.906346 
15.220294 
14.189857 
16.600441 
15.612484 
70.075384 
35.602933 
38.429866 
138.820146 
142.012415 
