13.824369 
15.913920 
12.457680 
12.731611 
13.601753 
15.039184 
12.879671 
16.813915 
15.086954 
13.132095 
11.889809 
14.181873 
13.119139 
14.241375 
14.834380 
13.488619 
11.354903 
13.532200 
15.234965 
12.676375 
13.725109 
14.107576 
12.822801 
11.538388 
13.634848 
12.402713 
15.860272 
15.587683 
11.526591 
13.486892 
12.498651 
11.802111 
14.464927 
15.729193 
14.225332 
14.050834 
13.373982 
23.292722 
24.173441 
15.829207 
12.785937 
14.400615 
13.828715 
13.062196 
14.055689 
12.246940 
12.438746 
15.722864 
13.131493 
17.035703 
14.214869 
14.600894 
13.095339 
11.286319 
16.170136 
10.869760 
13.063512 
17.245477 
12.227820 
13.087369 
13.241100 
13.780516 
14.588131 
15.921740 
13.062501 
13.802157 
14.303743 
12.589140 
12.861086 
14.642462 
13.008528 
11.748218 
15.825194 
13.074998 
13.805994 
14.066174 
13.109698 
13.460605 
18.921776 
12.333790 
22.124006 
13.322163 
13.860669 
12.415671 
13.932777 
13.801994 
13.163410 
13.405035 
13.402187 
15.434697 
13.632674 
14.409446 
13.467445 
23.462373 
16.901067 
16.753156 
22.807261 
25.473741 
22.703744 
22.686015 
