13.868648 
15.916080 
12.543059 
12.808378 
13.588124 
15.093437 
12.339559 
26.116559 
13.293942 
13.218595 
11.941490 
13.806061 
13.033588 
14.422695 
14.847961 
13.593965 
11.793967 
13.554542 
14.932438 
18.762511 
13.583249 
14.073524 
12.913079 
13.916763 
13.846851 
12.684467 
15.341342 
15.056351 
12.040404 
13.341227 
12.431677 
13.392170 
12.039547 
16.593007 
12.299155 
14.096017 
13.284685 
19.321550 
17.587618 
12.765881 
14.735059 
13.465029 
13.035862 
14.086486 
12.313872 
13.369353 
15.955683 
13.357898 
14.648943 
14.409466 
14.605301 
13.091266 
11.360049 
13.385879 
12.421766 
13.064726 
17.163767 
12.536514 
13.092337 
13.642039 
14.741578 
14.360424 
12.711415 
13.805250 
14.346095 
10.632721 
14.171475 
15.348721 
13.324208 
11.993370 
15.985359 
12.712500 
14.182887 
14.192919 
13.115531 
13.003962 
16.890002 
12.661749 
18.302900 
14.214267 
12.481575 
13.785773 
24.539140 
13.347375 
18.712431 
14.666247 
11.276851 
12.827636 
15.573631 
19.816056 
12.611212 
13.073817 
15.387067 
17.136765 
15.413444 
15.164915 
19.415279 
19.126559 
27.600309 
27.849205 
