13.761291 
15.930256 
12.762108 
12.700866 
13.743911 
14.681005 
12.854642 
20.538294 
13.137309 
12.528069 
11.964134 
13.652073 
13.469621 
14.778508 
13.431104 
12.680854 
12.517432 
13.333711 
14.809895 
17.903882 
13.387088 
12.388933 
13.206653 
13.619960 
13.269433 
12.353056 
15.601617 
14.983728 
12.251896 
13.658411 
12.549372 
13.727662 
12.387447 
17.340392 
12.139142 
13.123251 
19.115277 
17.054556 
12.776378 
15.088128 
13.520315 
13.098004 
14.115425 
11.939310 
13.250786 
15.508593 
13.522735 
14.398771 
14.055102 
12.785486 
13.590829 
11.704826 
13.821694 
23.395033 
13.942916 
15.825885 
12.502550 
12.608835 
13.835471 
14.804531 
14.500564 
12.899414 
13.766040 
14.217413 
10.859439 
14.213232 
15.529074 
13.356614 
12.151405 
16.081887 
13.270620 
13.605680 
14.329291 
12.861112 
12.536220 
15.746611 
12.803907 
18.159170 
12.442829 
11.977527 
13.390633 
20.559208 
13.628360 
17.677710 
14.466713 
12.837824 
23.303193 
19.591300 
13.258478 
14.798185 
16.070376 
14.670995 
14.570680 
17.598603 
17.325516 
21.087654 
21.041161 
12.175695 
30.606880 
28.346823 
