13.754148 
15.797283 
12.586822 
12.682241 
13.572953 
14.672677 
12.763546 
19.838203 
12.911106 
10.832695 
11.948411 
13.707512 
13.451939 
14.663546 
13.345662 
14.095460 
12.415345 
13.350568 
14.845612 
17.301585 
13.406060 
12.453928 
13.197932 
13.772228 
13.555630 
15.854269 
15.257906 
12.284851 
13.841116 
12.693806 
13.737103 
12.355510 
14.319164 
12.373388 
13.513330 
17.246435 
12.800366 
15.156982 
16.362396 
13.078723 
14.088814 
11.952221 
12.956532 
13.214662 
13.484976 
14.848418 
14.039238 
12.679788 
13.721380 
12.205673 
13.925268 
22.212188 
13.943968 
15.794571 
11.944598 
12.566783 
13.771797 
14.844480 
14.654365 
23.215209 
13.709479 
14.181848 
10.743926 
14.080899 
15.232886 
13.104612 
12.039327 
15.992457 
13.199718 
11.754426 
14.262751 
12.305390 
12.379550 
15.406970 
12.682118 
18.327574 
12.319622 
12.370285 
12.556400 
19.950612 
13.612424 
16.960718 
14.554820 
12.751842 
22.122817 
16.741851 
13.107152 
14.615176 
25.582425 
15.299575 
14.792145 
16.529999 
16.108869 
19.867951 
19.793340 
12.123093 
28.201145 
25.945035 
31.873206 
28.959787 
