15.228136 
12.888662 
12.404878 
13.040372 
13.695320 
13.233533 
15.738906 
11.546283 
20.505315 
12.469202 
13.788004 
18.330782 
13.152669 
13.946704 
13.913660 
16.209045 
20.997369 
13.152359 
16.759506 
13.866545 
12.753273 
13.592995 
13.930119 
11.772700 
13.127343 
15.396773 
15.736031 
15.144863 
12.374268 
13.470098 
13.525167 
14.589284 
14.197327 
13.645432 
13.123599 
16.840515 
13.573756 
13.731431 
15.070313 
13.859257 
11.657413 
18.513868 
14.495172 
16.285254 
14.047835 
13.601821 
15.470378 
13.989711 
19.274395 
13.615889 
12.998463 
13.373311 
15.360017 
12.462733 
14.089853 
13.328837 
12.562382 
12.373044 
13.661283 
25.613986 
12.646753 
11.999928 
13.266486 
13.881646 
18.457124 
12.940690 
12.090572 
13.130865 
13.562734 
13.927176 
26.482969 
12.934878 
12.885009 
14.267503 
11.966013 
12.582891 
12.107759 
11.650564 
14.237043 
12.370995 
12.069078 
16.472887 
20.419155 
18.190529 
13.351498 
11.696225 
13.335724 
13.617459 
13.170832 
14.605799 
17.412521 
19.955802 
18.404450 
18.355144 
22.921366 
22.941585 
34.028872 
34.349173 
21.249978 
23.478443 
