13.383567 
16.342599 
13.460429 
12.857890 
13.358027 
14.725481 
13.014388 
13.782596 
17.688443 
11.640270 
13.953395 
13.499436 
14.985386 
14.174533 
14.751869 
37.026316 
11.229103 
13.996891 
16.073798 
14.118033 
15.053223 
12.310844 
13.457732 
16.239962 
14.653074 
12.397107 
13.983485 
12.782473 
13.477748 
12.518669 
14.336413 
12.168754 
15.679112 
13.263972 
15.233409 
16.278715 
12.511800 
13.738142 
13.271130 
18.249556 
13.492725 
16.554581 
13.960095 
15.793109 
13.329626 
12.134933 
13.573309 
13.758546 
13.886348 
12.440329 
12.338976 
19.848882 
15.122117 
14.400435 
13.274896 
13.273270 
11.196792 
15.359370 
15.724578 
13.310516 
12.194008 
15.756658 
11.680951 
11.469929 
14.541432 
13.055599 
14.361577 
12.976037 
17.444571 
13.442602 
11.189366 
13.721060 
13.042494 
14.923254 
13.829421 
37.150165 
12.524049 
15.771792 
12.108491 
16.768042 
13.742312 
13.559305 
13.546893 
18.116034 
13.572590 
11.751628 
12.274208 
13.088541 
15.513245 
14.397670 
16.903627 
16.454199 
18.660938 
15.252062 
12.816188 
15.711528 
17.162326 
15.184669 
53.196389 
50.795671 
