13.445805 
15.968598 
13.926807 
13.158004 
13.370164 
14.823327 
13.023486 
13.699369 
16.725695 
11.570019 
14.086338 
13.643316 
14.216505 
14.416810 
15.080849 
25.123143 
11.219470 
13.950803 
13.911178 
14.096930 
15.332329 
12.577602 
13.378512 
16.472701 
14.231342 
11.996894 
13.809553 
12.601219 
13.287629 
12.260003 
14.435940 
12.132425 
15.444251 
13.166082 
15.233596 
15.396836 
13.167728 
14.011503 
13.239437 
17.456801 
12.373051 
16.254103 
14.074503 
15.565819 
13.472080 
12.237507 
13.530674 
13.354127 
14.066361 
12.981717 
12.517642 
15.079360 
14.817163 
14.484686 
13.607463 
13.471493 
11.529593 
15.851640 
13.156897 
13.167329 
12.542419 
15.752004 
12.000621 
11.521753 
14.282449 
13.316870 
14.391488 
103.092459 
13.556697 
11.143169 
13.944536 
13.272592 
14.090507 
13.650347 
25.569697 
12.594145 
15.301366 
12.243771 
16.095397 
13.346364 
13.473301 
15.111178 
13.628476 
11.772496 
12.475868 
12.584027 
14.876823 
13.741524 
61.350813 
14.316593 
14.275763 
14.664431 
12.262413 
15.357908 
15.883436 
13.885745 
29.558929 
27.305341 
139.382118 
136.560353 
