13.536825 
13.865445 
13.515147 
12.875660 
13.462668 
14.881555 
12.911463 
13.513381 
16.309474 
11.644091 
14.164366 
13.677667 
14.031779 
14.393023 
15.290140 
22.221016 
21.174487 
13.957844 
14.096242 
14.104307 
15.185528 
12.573851 
12.574052 
16.589787 
13.820811 
11.894664 
13.568813 
12.604657 
13.143605 
12.126845 
14.465139 
14.063730 
14.977201 
15.271200 
15.366815 
13.195887 
14.000614 
15.118705 
12.364652 
16.222572 
14.187971 
15.435568 
13.465684 
12.247792 
13.549124 
13.268174 
14.070980 
12.164392 
12.519656 
15.296237 
14.770696 
14.537242 
13.662556 
13.457943 
11.285591 
15.716431 
12.930297 
13.081501 
12.524355 
16.000714 
11.837358 
11.671622 
23.821890 
13.407971 
14.514772 
17.183782 
13.826958 
11.437195 
13.923866 
13.178028 
14.315540 
12.500854 
23.380036 
12.665742 
42.459166 
12.203831 
15.688160 
13.163746 
13.145445 
15.117060 
13.681605 
11.755135 
12.530103 
12.444106 
14.726046 
13.526909 
50.224545 
14.297844 
14.345301 
14.373942 
12.048222 
15.252161 
15.320235 
13.726632 
24.645616 
22.451336 
67.265443 
69.918535 
26.064986 
26.126253 
