13.551865 
69.028516 
13.568891 
12.924031 
13.032437 
14.801069 
12.935958 
13.536791 
16.151102 
11.701914 
13.976390 
13.620616 
14.065426 
14.380516 
15.335749 
21.367378 
20.437071 
13.743679 
14.454837 
13.958732 
15.216297 
12.595131 
12.617382 
16.418594 
13.650253 
11.968049 
13.435742 
12.929129 
13.106646 
12.102498 
14.693764 
14.232780 
14.999541 
15.386822 
15.631731 
13.262543 
13.997617 
15.053844 
12.420085 
16.055548 
14.065110 
15.329675 
13.465513 
12.294031 
13.025744 
13.010746 
14.028897 
12.225658 
12.484027 
14.696335 
14.856552 
13.928099 
13.701497 
13.436508 
11.313058 
15.803352 
12.977142 
13.104298 
12.480697 
16.283440 
11.875989 
11.649987 
26.771018 
13.371011 
14.503586 
16.307842 
13.875194 
11.464103 
13.905699 
13.180615 
14.139654 
12.534305 
22.592823 
12.433300 
14.597472 
12.217310 
19.174973 
13.115589 
13.004226 
64.165353 
13.570249 
11.712133 
12.492419 
12.297949 
14.423926 
13.057696 
13.726979 
14.253557 
11.930667 
14.150051 
15.145786 
13.534320 
22.984610 
20.838783 
21.594239 
19.325181 
25.009233 
24.959312 
112.760411 
109.899377 
