12.711464 
14.178806 
13.522201 
13.139718 
13.458076 
14.479741 
12.838248 
116.590873 
15.177371 
12.776507 
14.254211 
13.793256 
14.063046 
14.374558 
16.028488 
12.839694 
15.989182 
13.929776 
11.938559 
13.869883 
15.164353 
12.596616 
12.578144 
16.711439 
13.564175 
12.777466 
13.658094 
13.010111 
13.101206 
12.215314 
14.825441 
14.850265 
15.008181 
15.592640 
15.019861 
13.499234 
13.998311 
14.214379 
11.337284 
16.277500 
14.369707 
15.128153 
13.533515 
12.406717 
13.306908 
13.154624 
13.908711 
12.898386 
12.416790 
23.137964 
14.911755 
14.299499 
13.611480 
13.318537 
16.459547 
14.627079 
11.699846 
12.330258 
11.997960 
11.900608 
20.419984 
13.693692 
14.607528 
16.389216 
83.866268 
13.702022 
18.139403 
13.925969 
12.521389 
14.467316 
12.668754 
14.688619 
12.107011 
17.059682 
13.108636 
13.037121 
23.378003 
13.537826 
11.478432 
12.567005 
12.374925 
14.637158 
13.226801 
15.889567 
13.767764 
11.594768 
14.608123 
13.734074 
12.297031 
11.340083 
17.750831 
15.484363 
16.654169 
16.613138 
23.761262 
26.240757 
19.290286 
18.029813 
179.693031 
177.043400 
