12.854616 
14.606155 
15.441877 
13.777048 
13.829213 
13.638089 
12.016354 
15.622559 
15.635715 
11.752035 
13.393466 
12.311395 
12.537961 
13.881684 
16.345002 
19.406939 
13.564333 
14.673333 
14.854429 
12.404060 
15.737152 
12.578729 
13.107374 
14.744285 
13.070874 
12.840961 
20.626578 
14.017097 
13.280689 
13.259186 
15.518186 
14.707958 
13.647862 
13.609112 
12.740576 
14.381154 
14.634545 
12.483295 
20.917171 
13.708399 
13.224294 
12.190243 
12.925994 
13.155323 
15.761480 
12.040906 
11.026405 
15.010502 
15.597716 
13.556756 
13.440283 
12.370218 
13.036195 
13.530147 
13.621657 
12.319021 
17.074166 
13.566160 
14.078839 
14.838217 
21.572242 
15.599292 
16.374129 
14.969887 
12.933015 
13.554069 
12.042437 
16.139571 
14.414090 
12.342943 
15.720314 
16.913847 
12.393585 
11.849720 
13.999114 
11.912105 
16.280093 
14.108454 
12.001684 
13.876456 
14.608745 
12.660162 
17.847993 
14.486135 
12.746151 
12.908119 
12.964787 
14.360140 
14.181296 
18.216409 
14.492632 
14.230044 
13.850120 
14.327793 
18.011617 
18.244197 
18.145929 
18.368431 
19.530693 
19.583097 
