12.760548 
13.885652 
14.100150 
40.312290 
13.834293 
13.622378 
12.095359 
15.711246 
15.284450 
11.611168 
13.390646 
12.290073 
12.979110 
13.829124 
16.228732 
19.375164 
13.563925 
14.681787 
14.230881 
12.412146 
15.391159 
12.425341 
13.571214 
14.732942 
12.971172 
13.019697 
20.521784 
14.058850 
13.344637 
13.185478 
13.525853 
14.816563 
13.399581 
13.360765 
12.527899 
14.323055 
15.012516 
12.763351 
20.722894 
13.711696 
13.185511 
12.134262 
12.927347 
13.151532 
15.730351 
12.345826 
11.000630 
14.854799 
15.631213 
13.559704 
13.219597 
12.287559 
13.331629 
11.650832 
17.088558 
13.529126 
14.161877 
14.847139 
21.366289 
15.320474 
16.191455 
14.502982 
13.074744 
13.581073 
12.040985 
16.081724 
14.397230 
12.380425 
15.208619 
16.819701 
12.401583 
11.838981 
13.998355 
11.901168 
15.435920 
13.967486 
11.855905 
13.878599 
13.895191 
12.442979 
17.665194 
14.479036 
12.738991 
12.923142 
12.967854 
13.184623 
13.350813 
45.180046 
14.507909 
14.147129 
13.673120 
14.129438 
17.612985 
18.015606 
17.766376 
17.997763 
19.255420 
19.401983 
62.547353 
59.660645 
