12.928635 
14.165438 
14.186038 
12.870095 
13.888644 
13.575298 
12.445471 
16.279485 
15.329233 
11.800339 
13.256536 
12.077687 
15.885377 
13.555096 
16.309359 
13.132820 
13.659111 
14.652739 
14.018709 
12.246415 
15.561103 
12.152486 
14.129292 
14.539019 
12.838920 
11.824462 
14.505119 
11.772878 
12.960159 
13.744785 
14.961384 
13.184061 
13.182112 
12.356993 
14.044545 
15.394046 
13.425882 
19.832477 
13.857774 
13.030215 
11.868973 
13.163338 
22.226509 
15.508448 
12.416280 
10.856442 
15.109507 
16.427450 
13.379509 
13.284019 
12.265115 
12.985333 
11.463015 
17.051190 
13.397133 
15.008611 
14.160590 
19.542017 
14.453718 
14.328917 
14.519762 
13.301357 
12.214151 
21.865130 
15.672933 
13.728065 
15.180092 
15.007953 
16.253729 
13.345461 
12.038151 
11.758589 
15.644612 
13.956832 
11.844154 
13.757533 
13.925455 
12.353791 
15.501019 
14.260132 
12.318110 
13.027143 
13.003289 
13.261231 
13.564533 
14.281086 
13.950670 
13.766058 
12.087370 
27.898717 
26.219623 
15.309277 
15.876553 
15.401217 
15.833046 
12.075739 
26.184022 
26.343675 
34.233777 
34.077803 
