13.068294 
14.064605 
14.035366 
46.465791 
13.797448 
12.815541 
13.479447 
15.335569 
11.750334 
13.461715 
12.238572 
14.693560 
13.608488 
16.444452 
13.812841 
14.765293 
14.062077 
12.589058 
15.421351 
12.061754 
13.119971 
14.765701 
13.009703 
11.713122 
14.501723 
12.150890 
13.111710 
13.491777 
15.073678 
13.284202 
13.320479 
12.452009 
14.168069 
14.343083 
13.386036 
16.474860 
14.078049 
13.166379 
11.991219 
13.640218 
18.375319 
15.699785 
12.387387 
10.949719 
15.122982 
16.419579 
13.805369 
13.375271 
12.389506 
10.430830 
11.595736 
17.171481 
13.612961 
13.046296 
14.212402 
15.182008 
14.235229 
13.565831 
14.489385 
13.073012 
13.340087 
17.951378 
15.946440 
13.716899 
14.392499 
15.021375 
13.580461 
12.815426 
13.527608 
11.903801 
15.632741 
13.981197 
11.959160 
23.797381 
13.711619 
12.315562 
12.811357 
14.824706 
12.574194 
13.226076 
23.631584 
13.283597 
13.542130 
49.019161 
13.660884 
12.236709 
19.501145 
19.422157 
12.980941 
14.587793 
13.430332 
14.599801 
18.606602 
18.345879 
18.084227 
18.060888 
27.551842 
27.617190 
76.431623 
73.761694 
