12.927335 
13.935087 
14.574425 
32.935382 
13.586964 
13.183719 
13.501789 
12.707160 
13.298182 
12.032047 
15.040192 
13.457555 
15.732019 
13.541891 
14.509806 
13.958841 
12.223128 
14.877483 
11.821420 
13.298039 
14.247689 
12.778680 
12.096229 
14.537499 
12.117719 
12.323085 
14.877463 
14.783036 
13.020924 
13.357349 
12.304426 
14.025023 
12.414033 
13.446368 
16.352907 
13.898407 
13.176445 
11.783486 
13.634976 
17.423791 
15.328466 
10.495582 
10.808384 
15.589139 
14.087050 
13.161867 
12.296368 
10.605786 
11.881206 
14.555585 
13.557063 
13.398076 
13.663641 
14.597405 
13.751074 
13.400348 
14.379243 
12.493674 
13.438089 
16.965056 
12.960348 
12.829449 
14.023776 
14.978930 
13.229487 
12.935472 
13.475175 
12.866628 
64.413427 
14.036740 
12.193755 
16.569013 
12.764845 
13.065486 
13.157281 
21.273393 
18.664048 
13.347498 
13.433366 
34.939989 
14.184550 
11.727917 
18.427278 
18.711286 
12.673417 
14.321848 
13.535466 
14.343256 
16.899805 
16.668654 
16.340990 
16.205095 
20.021658 
18.097229 
47.406417 
45.113900 
52.081227 
25.500366 
84.836680 
90.091876 
