13.205996 
13.548356 
13.186295 
17.479435 
13.932359 
13.491333 
13.698726 
13.308720 
13.382877 
12.125372 
14.955373 
13.600642 
16.177758 
13.590961 
14.606925 
13.998827 
12.353135 
15.092755 
12.252078 
13.443801 
14.320370 
12.833397 
12.149386 
15.118481 
12.256617 
12.440559 
14.731529 
14.869491 
13.090797 
13.434996 
12.354124 
13.954201 
12.552494 
13.973652 
16.565268 
14.146198 
13.435917 
11.832475 
14.290013 
16.335845 
12.371897 
16.070243 
15.601702 
14.373514 
24.054072 
12.123447 
10.979690 
12.497363 
14.817304 
13.812897 
13.716449 
13.855250 
14.670343 
13.714567 
13.365205 
14.371220 
12.468915 
13.677395 
15.672848 
13.088132 
12.918649 
13.688400 
15.036562 
13.038195 
13.123789 
13.831574 
13.016077 
16.073946 
14.415158 
12.561927 
15.405939 
13.273203 
13.437855 
13.474249 
13.357069 
16.912939 
13.340324 
13.439849 
18.723522 
14.404061 
16.810084 
16.731421 
17.571348 
12.672225 
14.278686 
13.091711 
13.908053 
14.699914 
14.369823 
13.748921 
13.443340 
17.256223 
15.412263 
17.142395 
17.363096 
26.900600 
25.779773 
28.086756 
17.245056 
20.227046 
