13.251965 
11.516309 
13.051172 
12.840385 
13.399569 
13.463072 
13.454975 
13.495885 
12.270108 
14.566806 
13.796403 
16.169543 
12.214475 
13.163263 
13.675282 
15.262126 
12.282585 
13.285530 
14.587691 
14.227530 
11.602409 
13.894798 
11.963660 
13.218628 
15.269003 
14.206194 
13.479568 
12.097251 
12.456299 
14.155715 
12.469767 
13.368313 
16.510596 
14.132163 
13.541700 
12.055517 
14.196878 
15.855571 
13.187770 
15.841248 
14.840326 
14.463188 
22.063076 
12.502957 
10.857197 
12.155839 
15.739711 
13.896172 
28.319853 
13.382892 
14.601208 
13.440182 
13.232782 
12.425089 
13.204433 
15.534295 
13.409276 
12.227859 
13.218507 
14.043371 
12.360015 
13.072048 
13.614682 
13.566821 
15.208464 
14.518474 
12.661334 
15.588615 
22.528257 
13.671557 
13.131668 
12.290407 
11.861687 
13.537340 
18.179372 
14.266091 
15.679337 
16.173206 
17.237064 
12.604726 
14.136940 
12.756787 
13.291852 
14.322880 
14.093037 
28.607672 
13.064172 
14.952682 
16.498125 
16.353087 
25.636226 
24.128692 
22.823776 
24.844808 
16.087379 
19.016927 
29.651876 
24.431907 
36.921276 
36.793108 
