13.266048 
11.522632 
12.702723 
12.895077 
13.200149 
13.372152 
13.359604 
13.620158 
12.388383 
14.430964 
13.888249 
12.120644 
13.163552 
13.869011 
15.021324 
12.351290 
13.255529 
14.720484 
14.362403 
11.558688 
13.747662 
11.957637 
13.426492 
15.305231 
14.285150 
13.620696 
12.265880 
12.522199 
14.290017 
12.379619 
13.257124 
16.547086 
14.358200 
13.604406 
12.185207 
14.242516 
15.893638 
13.055564 
15.996677 
14.683592 
14.551722 
21.383611 
12.580098 
10.633475 
11.965162 
15.591964 
13.948513 
25.861482 
13.516018 
27.309988 
13.515012 
12.351371 
12.484542 
12.712682 
15.505963 
13.638245 
12.387458 
13.350469 
14.109592 
12.573335 
12.868340 
13.522450 
13.665605 
15.084107 
14.493195 
25.334227 
15.428933 
22.155038 
13.841586 
12.940550 
12.345368 
11.819531 
13.588599 
16.584870 
14.111258 
16.018608 
12.889327 
13.489190 
12.673925 
14.048176 
12.754251 
13.253706 
14.190565 
13.916804 
24.547517 
14.674787 
16.174872 
15.507239 
23.975420 
24.381312 
22.577411 
24.543508 
16.329189 
19.174908 
27.918392 
23.080610 
31.778872 
31.680544 
32.178394 
35.272140 
