13.835620 
11.686185 
12.927812 
13.022052 
13.448794 
13.267106 
13.497910 
13.986355 
12.342212 
14.643980 
13.927197 
14.258725 
13.091086 
14.568695 
15.760702 
12.720996 
13.047414 
14.747655 
14.454328 
11.833547 
14.638693 
12.054721 
13.408950 
15.384990 
14.357712 
13.613321 
12.332085 
12.385344 
14.126975 
11.982594 
13.653664 
16.378440 
14.125544 
13.415414 
12.123853 
12.442553 
13.691235 
13.548676 
14.361053 
14.928376 
12.317512 
17.805461 
12.417284 
10.746580 
12.142897 
15.261730 
13.873663 
18.555802 
13.825873 
19.257742 
14.165974 
12.954647 
12.534399 
13.156701 
14.556630 
13.626959 
12.610754 
13.547961 
14.191527 
20.318632 
13.190995 
13.906645 
13.417148 
15.336445 
14.477752 
17.461695 
16.120835 
17.907405 
14.308713 
12.174354 
11.903661 
13.696482 
15.253006 
13.731406 
13.302415 
13.833697 
12.498295 
13.755893 
12.888409 
13.599022 
14.458914 
12.647752 
17.493293 
12.948289 
14.304899 
12.957540 
17.300425 
20.949997 
15.029774 
16.474981 
13.853093 
22.960917 
18.512264 
15.275449 
17.461047 
17.356439 
16.943226 
19.842516 
21.845940 
20.626117 
