14.515379 
11.234331 
12.304943 
13.232566 
13.749658 
13.347386 
20.856150 
14.006337 
12.283880 
13.823016 
14.200952 
12.986662 
14.379896 
14.929930 
12.612913 
13.137030 
14.740454 
14.348961 
19.302740 
14.450047 
12.207681 
13.385409 
15.333699 
14.397317 
13.529547 
12.262035 
12.261006 
13.927862 
12.243700 
13.902755 
16.545395 
14.310537 
13.259341 
12.045639 
12.450962 
13.777258 
19.920232 
13.759203 
14.516445 
12.347763 
17.151600 
12.309467 
12.229405 
15.111421 
13.827116 
17.426643 
13.806012 
18.433684 
13.639569 
12.162698 
12.398987 
13.353464 
14.670255 
13.584445 
12.615437 
13.607776 
14.006897 
13.080565 
13.405069 
13.984623 
13.444844 
15.419327 
14.240063 
16.202743 
16.083832 
14.034057 
14.324114 
12.045159 
11.715473 
13.452316 
28.774823 
13.838187 
12.959764 
14.371005 
12.651854 
13.876268 
13.210678 
13.592416 
14.528737 
12.744192 
16.351096 
12.864886 
14.146471 
12.102314 
20.027627 
13.715890 
14.732446 
12.814323 
15.333033 
15.126053 
15.071087 
15.049056 
17.790864 
13.953843 
21.007813 
21.117189 
44.122830 
38.903821 
23.564813 
37.648286 
