14.391922 
11.348089 
12.331977 
12.917268 
13.743803 
13.287370 
20.665595 
13.824375 
20.416815 
14.088364 
14.055671 
12.942313 
14.256439 
15.027463 
12.721403 
13.060293 
14.909115 
13.702215 
18.825799 
14.344241 
12.144543 
11.339730 
15.330489 
14.079476 
14.476298 
11.462695 
12.241614 
13.828213 
16.543428 
14.287864 
13.534707 
11.852260 
12.407821 
13.743168 
19.666802 
22.226270 
14.651245 
12.336298 
16.707090 
11.913039 
12.209165 
14.974296 
13.710205 
17.322666 
13.672283 
18.369162 
13.659738 
12.184943 
12.246830 
13.380346 
14.616373 
12.437399 
12.226753 
13.478610 
12.078222 
13.055051 
13.434612 
13.985922 
13.650243 
15.340570 
14.368952 
16.217551 
16.076770 
14.092732 
13.847874 
11.933826 
12.000052 
13.944906 
26.924591 
13.826464 
12.960496 
14.420990 
12.655830 
13.896792 
13.162533 
13.524238 
14.513232 
12.723003 
16.260195 
12.850241 
14.086079 
12.141189 
19.861583 
13.416369 
14.398263 
12.524142 
15.155214 
14.948368 
14.893116 
14.927847 
17.603264 
13.841033 
20.463899 
20.562778 
40.126429 
35.308683 
22.736338 
35.071206 
24.804120 
23.526649 
