14.114606 
11.438027 
12.644313 
13.276938 
13.808329 
12.974196 
17.282750 
15.627331 
14.181209 
19.560347 
13.958477 
15.999474 
15.350894 
12.874705 
12.840275 
12.957598 
13.873046 
14.774954 
28.394387 
11.911622 
11.662431 
15.476683 
13.879412 
15.101468 
12.443460 
11.895029 
14.125591 
16.725317 
13.938064 
13.543968 
13.188643 
12.314904 
14.536476 
16.604022 
17.756273 
15.125611 
14.216053 
14.129457 
14.829518 
12.971915 
14.299793 
15.872165 
12.731370 
16.660367 
13.827474 
12.114328 
12.388796 
13.881390 
12.709457 
12.309334 
11.671564 
12.993844 
12.569058 
13.380234 
13.791686 
14.289629 
12.799665 
15.947831 
14.037869 
14.019079 
14.393245 
12.537341 
12.516966 
14.328559 
17.229859 
13.402828 
13.034458 
15.148397 
12.303293 
13.565725 
12.992550 
12.847454 
16.197611 
13.104505 
14.962697 
21.743956 
14.140545 
12.363530 
16.295108 
12.953549 
12.980113 
12.516361 
14.770986 
12.759023 
12.662852 
12.475478 
14.594721 
13.919659 
14.188252 
14.316050 
18.477082 
16.849475 
16.188122 
19.497573 
17.127340 
15.925756 
18.808241 
18.493779 
25.543776 
26.090252 
