14.071055 
11.440115 
12.649575 
13.183725 
13.816565 
12.977197 
17.268614 
15.597010 
14.185135 
17.763495 
13.962168 
76.144212 
15.356761 
12.876654 
12.843208 
12.957966 
13.877025 
18.871507 
11.915677 
11.664410 
15.484291 
13.883820 
15.105075 
12.448636 
11.896405 
13.938466 
16.772265 
13.943844 
13.545262 
13.190481 
12.328301 
14.715849 
16.586572 
17.728706 
15.129981 
14.218199 
14.132807 
14.832304 
12.980394 
14.301120 
15.864435 
20.973717 
16.654505 
13.873620 
12.154463 
12.392420 
76.175755 
12.713037 
12.312954 
11.689933 
12.500703 
12.571443 
13.809663 
14.303750 
12.801471 
15.953186 
14.037241 
14.011993 
14.403889 
12.704687 
12.519694 
14.331412 
17.192932 
13.403620 
13.073900 
15.163316 
12.306363 
13.567371 
11.694652 
13.780753 
16.245537 
13.147280 
14.949763 
28.905022 
12.330988 
12.368371 
15.655783 
13.161719 
13.198630 
12.524902 
14.825353 
12.700265 
12.649639 
12.465985 
14.582369 
14.047061 
14.151220 
14.279429 
18.381161 
16.773870 
14.056656 
17.930425 
17.072440 
15.872405 
17.834972 
17.572972 
31.211186 
34.973480 
129.187443 
129.165487 
