15.917528 
13.066277 
12.739306 
14.201610 
13.726018 
13.497160 
14.929911 
11.454593 
12.896498 
13.266418 
14.058844 
15.610457 
13.226442 
13.868267 
13.789125 
16.129500 
16.352649 
12.798552 
13.342856 
14.331147 
12.739681 
13.591980 
13.736757 
15.730437 
13.565847 
15.296223 
16.043595 
15.280786 
12.239456 
13.455089 
13.599764 
13.140450 
16.381436 
13.260488 
13.337163 
13.579280 
12.966170 
19.047477 
15.703145 
12.221147 
13.808707 
14.911547 
16.257586 
13.906353 
13.158794 
37.443914 
13.552221 
16.018495 
13.327709 
12.961549 
13.370196 
14.921305 
12.902266 
14.202160 
14.356490 
19.191561 
14.533256 
12.463467 
13.678025 
12.744232 
12.996214 
13.894820 
14.199268 
12.224595 
13.326978 
13.412017 
13.519347 
12.308753 
13.112302 
13.589955 
14.115304 
11.938198 
12.942427 
12.065881 
11.907085 
14.563082 
13.453197 
13.334549 
16.854379 
14.970900 
12.950706 
11.324925 
14.055053 
13.620438 
12.918454 
14.305417 
12.650784 
12.902919 
36.679959 
13.601193 
13.777707 
13.146994 
13.508487 
17.881979 
14.973296 
14.228650 
19.861083 
20.127653 
52.142824 
52.165946 
