11.622951 
12.234964 
13.429644 
12.781907 
11.640664 
16.229408 
14.179591 
14.437627 
28.844063 
14.405370 
15.830536 
15.610308 
12.909692 
12.926110 
12.972289 
14.527220 
14.057715 
11.814026 
15.852539 
11.634283 
15.491190 
12.933594 
11.827540 
14.847296 
13.827318 
13.689623 
13.374568 
11.484702 
14.091902 
15.618219 
16.415842 
15.380045 
14.317353 
14.810678 
15.226783 
13.193442 
14.207956 
15.217451 
14.687971 
16.197493 
13.742486 
12.187780 
12.837202 
13.941457 
12.637287 
12.604363 
12.051958 
13.688916 
12.906921 
13.666633 
19.578710 
12.980882 
16.450389 
13.909245 
13.752847 
14.638058 
12.987737 
12.842570 
14.658709 
12.097204 
12.901467 
13.125047 
14.746306 
17.420885 
13.083633 
10.766896 
14.733849 
15.299344 
18.305903 
14.774599 
12.179610 
19.674884 
12.727098 
17.432571 
29.632716 
13.690026 
12.302830 
14.655289 
12.486485 
11.991492 
12.125886 
14.059679 
19.635641 
12.442329 
12.516147 
13.928588 
14.723813 
13.671144 
14.660020 
13.530851 
14.690027 
12.915849 
14.694373 
14.658882 
18.371357 
18.698517 
20.539904 
18.990900 
38.757866 
38.723774 
