12.620211 
13.444329 
11.757265 
11.370889 
16.209166 
14.108872 
14.458814 
26.074769 
14.305755 
15.832278 
15.678042 
12.924728 
12.824322 
12.975294 
14.552469 
12.601704 
11.829839 
64.306912 
11.484257 
15.520959 
12.900022 
11.848189 
13.592455 
13.841318 
13.710901 
13.377898 
11.479170 
14.084332 
15.729496 
16.334979 
15.231204 
14.337076 
14.589590 
15.144104 
12.779715 
14.211037 
14.880766 
15.122146 
16.200736 
13.758315 
12.286556 
12.656342 
13.895336 
12.651149 
12.637274 
12.122770 
13.237045 
12.990686 
13.590445 
19.276138 
13.026912 
16.060506 
13.915866 
13.759684 
14.690443 
13.176688 
12.784534 
51.959767 
12.513994 
12.810986 
13.136369 
14.382686 
17.163721 
12.979829 
11.482810 
12.902352 
15.301159 
18.030222 
14.658807 
12.238856 
19.679079 
12.882687 
16.791387 
26.477895 
13.142436 
12.291834 
14.644583 
12.368243 
11.619751 
12.152053 
14.047322 
19.346612 
12.433604 
12.468153 
11.518744 
12.924278 
14.520644 
13.422809 
14.624258 
12.791125 
14.783141 
14.980795 
17.836044 
18.156791 
20.029399 
18.519841 
33.020781 
33.049220 
92.667258 
90.571114 
