12.748485 
13.804360 
11.996621 
11.299076 
15.628490 
13.875142 
14.241829 
24.304807 
14.272938 
16.344207 
14.814944 
12.166350 
12.702864 
12.896237 
14.507307 
12.766210 
11.808129 
45.837501 
11.467163 
15.472208 
12.830658 
11.677284 
13.755330 
13.559097 
13.309624 
11.549591 
13.925695 
15.414199 
16.321853 
15.224274 
14.357014 
14.497589 
15.101144 
12.879237 
31.268382 
14.700730 
15.028696 
15.795878 
14.922839 
11.528394 
12.592895 
14.365600 
29.009416 
12.685932 
12.163199 
13.347879 
12.913566 
12.689633 
17.628555 
13.070559 
16.050648 
13.364890 
13.381262 
14.459616 
13.315760 
12.714859 
38.825380 
12.940603 
12.560114 
14.950859 
16.296067 
12.453616 
11.728009 
13.060660 
15.220958 
16.784211 
13.094900 
12.331638 
19.555839 
12.591968 
16.865763 
24.292794 
13.163872 
13.063701 
14.820299 
12.075244 
11.886674 
11.878734 
13.747653 
17.375776 
11.928588 
12.135282 
11.692817 
13.151047 
14.200681 
13.102039 
14.645053 
12.795185 
14.562790 
14.735352 
16.397573 
16.172566 
18.047674 
16.845691 
28.988592 
28.993358 
61.251412 
59.187001 
43.172526 
38.231431 
