15.732197 
14.392484 
12.727237 
12.324863 
14.984501 
14.406830 
14.704031 
17.243017 
13.593713 
16.816789 
15.116225 
12.386399 
13.976003 
11.487175 
12.454093 
14.203376 
14.006035 
18.935152 
12.530390 
12.492145 
13.338525 
13.061831 
14.155491 
14.008784 
13.351584 
11.782412 
14.356845 
14.609592 
16.184585 
13.934511 
15.031524 
14.114336 
15.576787 
13.399673 
16.371039 
15.536773 
13.204816 
14.429160 
15.495462 
11.919675 
13.503035 
15.338671 
16.668035 
12.321739 
12.258253 
13.865768 
13.394916 
13.068428 
15.735679 
16.292917 
13.265312 
12.784415 
14.086656 
12.922308 
12.155572 
16.151184 
13.141162 
13.901635 
15.650789 
13.695658 
13.088976 
12.441280 
13.524914 
13.546291 
13.610047 
12.511354 
19.493074 
13.105756 
17.389474 
16.472043 
13.108412 
13.047480 
14.744772 
12.571539 
12.466556 
13.046858 
15.264634 
12.053524 
14.518046 
11.961611 
13.920495 
13.839741 
12.967698 
12.831235 
14.486495 
11.902543 
14.522716 
13.113075 
12.779277 
13.424945 
15.385160 
14.758953 
14.803841 
16.499731 
15.146841 
13.567153 
16.305509 
15.968190 
15.300291 
18.202267 
