15.472770 
14.493156 
12.801629 
10.573227 
15.557180 
14.436206 
14.671464 
16.958870 
13.494546 
16.774601 
18.346189 
11.494452 
11.596014 
14.211914 
14.044288 
16.903831 
12.001266 
12.471382 
13.306753 
14.104729 
14.121015 
13.354568 
11.749272 
14.325336 
14.415866 
16.168657 
13.573180 
15.151692 
13.997540 
15.611525 
13.316709 
16.201770 
14.744336 
13.277244 
12.612789 
15.417509 
12.222248 
12.185864 
15.404335 
16.101646 
12.345967 
11.735477 
13.888210 
13.312181 
12.991505 
15.649601 
16.098543 
13.438938 
12.972956 
11.967347 
12.995628 
11.969108 
15.207287 
36.397183 
13.440891 
15.721082 
13.238270 
11.534031 
12.527574 
13.568278 
13.434409 
12.636850 
19.058993 
12.889452 
17.468358 
16.103083 
12.992535 
13.060101 
14.682068 
35.337411 
12.416258 
13.488521 
15.246478 
18.505580 
14.710190 
11.910716 
13.929172 
13.832805 
12.976744 
12.841124 
14.600693 
11.932210 
14.561749 
13.066485 
12.807097 
13.215251 
14.913841 
14.286743 
14.308174 
15.580058 
14.776961 
13.172889 
15.050393 
14.430317 
14.411362 
17.277867 
21.436381 
19.774819 
53.238338 
52.757653 
