15.144036 
14.551539 
13.570196 
21.016608 
13.444016 
14.320207 
14.670527 
16.521434 
13.308928 
16.572515 
17.259360 
11.366701 
12.191308 
14.485750 
13.918684 
14.265674 
12.213783 
12.331989 
13.184165 
14.125126 
13.231528 
11.612121 
14.188094 
14.102655 
16.095833 
13.318500 
15.177488 
13.784329 
15.599292 
13.362525 
15.718807 
13.286220 
12.194421 
15.272218 
12.105683 
13.045465 
14.918525 
15.205812 
12.168279 
12.063523 
14.362116 
13.143737 
12.610021 
15.297721 
15.848433 
13.840548 
13.167282 
12.889818 
11.823295 
15.769754 
12.925703 
13.884586 
15.802607 
12.770030 
11.822188 
12.778550 
13.673886 
13.109077 
12.704408 
18.317655 
12.753328 
17.515104 
15.655242 
23.164232 
12.996948 
14.614362 
22.116857 
12.658426 
12.649308 
15.111873 
17.124662 
15.670492 
11.810592 
24.073523 
13.724921 
12.894355 
12.814821 
14.725495 
11.903611 
14.533971 
12.903434 
12.603954 
12.657639 
14.101661 
13.766019 
13.747782 
14.727408 
13.724651 
12.323172 
13.713755 
13.598304 
13.098597 
15.882170 
19.097109 
17.872055 
13.492857 
27.845866 
27.660496 
28.406314 
27.527424 
