13.018745 
10.824405 
14.097648 
13.954974 
13.342358 
15.680950 
11.719380 
12.559510 
13.343439 
13.907147 
15.156652 
13.289794 
14.039056 
16.321885 
16.298273 
12.885272 
15.117825 
14.223942 
12.866267 
13.896464 
13.833332 
17.889951 
13.463362 
15.133755 
16.086924 
14.980632 
11.980383 
13.468834 
13.665977 
13.182074 
15.314483 
13.247140 
13.391674 
13.698212 
13.032926 
15.128778 
15.408718 
13.604281 
14.330350 
15.599037 
16.353966 
13.787805 
13.058431 
21.932971 
13.351567 
15.713326 
18.518075 
12.836378 
13.466808 
14.871434 
12.745295 
14.201333 
14.053871 
15.764853 
14.220496 
12.723685 
13.412944 
13.155333 
12.989657 
13.744963 
14.429497 
12.086058 
13.183911 
13.387186 
13.565040 
12.360156 
13.134355 
13.525046 
14.160952 
12.010013 
13.008524 
12.170807 
12.126220 
14.592476 
18.718438 
14.472933 
16.691865 
14.701575 
12.865225 
11.206557 
13.825240 
13.762592 
12.849618 
14.228173 
12.899323 
12.393215 
20.119203 
13.506385 
13.638292 
13.195474 
14.123783 
17.415735 
14.397958 
13.522931 
15.181326 
14.749508 
21.808288 
21.911149 
18.576092 
17.458017 
