14.604624 
15.119479 
13.957865 
14.046370 
14.115138 
13.803003 
15.592481 
12.262606 
16.248561 
14.421963 
11.243138 
12.458514 
15.155414 
14.389764 
14.145897 
12.400092 
11.719975 
12.420651 
12.491172 
12.973800 
15.218442 
14.023688 
14.058030 
13.607149 
13.935931 
15.755532 
13.551942 
15.730960 
13.873530 
16.388738 
13.769306 
12.482499 
12.681371 
12.368811 
13.571534 
14.441074 
15.678257 
12.800049 
14.452137 
11.935528 
12.782747 
13.117165 
13.863807 
14.743003 
14.126185 
13.684461 
12.558061 
14.108138 
15.579257 
13.277169 
12.422518 
12.868432 
13.978376 
13.375336 
13.797158 
17.873637 
12.614099 
17.564614 
15.088149 
15.993970 
12.844536 
14.125783 
14.972130 
12.931419 
13.310351 
13.883635 
14.268718 
15.826967 
11.597228 
17.349983 
12.584135 
13.039397 
14.917983 
25.596073 
11.672474 
16.078740 
13.177069 
14.210547 
16.463229 
13.646658 
14.137869 
14.015250 
12.362841 
13.283632 
13.429093 
12.004987 
14.146709 
14.224434 
13.560060 
13.052549 
14.679273 
14.529769 
15.268255 
14.575089 
14.504447 
25.219627 
14.494656 
16.874814 
30.741984 
29.229698 
