14.190972 
13.965685 
13.683701 
14.045645 
14.070087 
15.674500 
12.367374 
16.292511 
14.127638 
11.745484 
12.431433 
15.292247 
14.239317 
12.623062 
13.252769 
11.724225 
12.468565 
12.656561 
13.126423 
14.727504 
13.675126 
13.092382 
13.527306 
14.436177 
13.630307 
13.543122 
15.713396 
14.149973 
16.776955 
13.704825 
12.428829 
12.583827 
12.252662 
13.739639 
14.738640 
12.246021 
13.828696 
12.358980 
12.794819 
13.010036 
14.079975 
14.832764 
14.228220 
11.690728 
12.350382 
12.448647 
49.477857 
13.295498 
12.882291 
12.771266 
13.794278 
13.135888 
14.407356 
15.360544 
12.325492 
17.696369 
15.148158 
15.605694 
25.679975 
14.123193 
14.460389 
13.323755 
13.869828 
13.763946 
14.717504 
11.506950 
17.028131 
12.623894 
12.942220 
15.105016 
21.194178 
11.531345 
15.865973 
13.180558 
14.073994 
16.265583 
25.889375 
13.290423 
14.140620 
12.552965 
11.702575 
13.252752 
12.812338 
13.729388 
13.210706 
12.918689 
14.091909 
13.928203 
14.976585 
46.153258 
12.983834 
18.586220 
14.051512 
15.980275 
21.154002 
19.986601 
33.024090 
32.842776 
71.526097 
74.119791 
