14.198865 
13.993831 
13.574097 
13.984986 
13.627222 
30.167556 
12.380516 
16.192977 
14.055584 
11.425710 
12.426071 
15.330523 
14.036739 
12.699981 
13.249315 
11.697322 
12.453511 
12.218189 
13.078614 
14.644645 
13.344948 
13.102984 
14.449130 
13.049124 
13.577337 
15.753987 
14.184400 
15.300659 
13.751218 
12.889555 
12.548720 
12.191152 
11.956346 
14.719011 
12.283974 
13.838776 
12.357299 
11.895205 
12.331057 
14.111592 
14.590856 
13.658428 
11.697269 
12.302586 
12.394089 
43.634890 
11.869034 
12.951680 
12.786266 
13.810543 
12.885488 
14.861231 
15.453230 
12.296012 
17.728679 
15.170500 
15.573462 
12.733195 
14.116088 
13.952689 
13.612393 
13.724572 
13.761876 
14.782355 
11.504056 
16.994606 
12.625239 
12.951488 
15.124418 
20.954504 
11.163463 
15.436885 
14.387488 
16.196616 
27.434621 
13.292678 
13.159854 
12.860851 
11.716677 
13.269387 
13.123164 
13.700269 
13.188252 
12.818608 
14.038364 
13.868684 
14.583688 
38.683852 
12.979470 
18.373837 
13.964003 
15.866656 
20.662060 
19.577966 
35.973461 
45.450379 
58.441894 
60.953880 
48.524310 
35.927044 
