14.343852 
14.541063 
18.061086 
12.529214 
12.910452 
20.450071 
12.838458 
15.571830 
13.162066 
11.379143 
12.728806 
15.379516 
14.155507 
13.155159 
13.836289 
11.548990 
12.459363 
12.885309 
12.830049 
12.737685 
13.327112 
13.070470 
11.288125 
13.587846 
15.952320 
27.487255 
14.499872 
18.825290 
13.397138 
12.252226 
11.748008 
13.778774 
14.491975 
13.230420 
29.360572 
12.039639 
12.463999 
14.321201 
13.583762 
12.050253 
12.195906 
12.555133 
28.989125 
12.330324 
13.271433 
13.056390 
13.919274 
10.820113 
12.367417 
14.826702 
12.009191 
17.591278 
14.924176 
15.504550 
12.885670 
14.285644 
13.952134 
14.494597 
13.774294 
13.348179 
15.705583 
11.362029 
16.838886 
12.778690 
13.005192 
14.715600 
18.246773 
10.838858 
15.444874 
14.638644 
15.558595 
21.778352 
13.647699 
13.266529 
11.407994 
12.066600 
13.642014 
12.476809 
13.865300 
12.750763 
13.909150 
13.756239 
14.124766 
22.826990 
12.795672 
16.112409 
12.410126 
14.255258 
16.377177 
15.671806 
25.464689 
27.535990 
28.618162 
30.860675 
28.759239 
21.375729 
15.626686 
18.300953 
36.554748 
38.783849 
