14.327003 
14.325527 
17.286631 
12.480397 
12.592908 
19.205642 
25.897037 
15.958493 
13.027026 
10.881349 
12.569451 
15.245989 
14.184788 
14.076034 
11.712503 
12.297076 
12.658971 
12.638046 
13.437609 
13.318312 
12.948889 
11.764322 
13.225340 
15.701102 
14.087359 
14.100813 
18.381365 
13.469232 
12.240523 
11.757349 
13.781493 
15.285249 
13.559560 
12.082151 
12.778253 
20.198562 
13.432044 
31.453590 
12.279674 
27.238382 
15.407448 
12.345253 
13.265333 
13.057319 
13.875762 
10.894278 
12.784301 
15.488583 
12.041519 
17.314365 
14.613548 
15.191790 
12.717359 
14.144180 
13.758633 
14.392479 
13.635616 
13.328569 
15.740343 
11.382924 
16.700373 
12.677819 
12.900278 
14.972919 
17.977273 
11.194936 
15.447365 
14.877966 
15.205692 
13.276504 
13.327266 
12.910232 
11.806963 
27.608687 
13.411105 
12.458535 
13.765688 
12.735422 
13.681282 
13.533940 
14.039359 
13.226424 
13.294858 
15.852822 
13.154388 
14.927517 
15.509231 
14.801645 
21.285847 
13.015274 
19.922296 
19.008288 
14.402125 
16.943088 
19.034891 
20.612379 
31.699631 
35.461811 
37.149017 
36.912187 
