13.018761 
10.809158 
15.575082 
13.877325 
13.339042 
15.477718 
11.636638 
12.548184 
13.454132 
13.892055 
15.073233 
13.412177 
13.941688 
16.256937 
15.943007 
12.639009 
15.240233 
33.096129 
12.905367 
13.951512 
13.731020 
17.641942 
13.110740 
15.001472 
16.058440 
14.866283 
11.920793 
13.442601 
13.609917 
13.126481 
15.072909 
13.221752 
13.371950 
13.610900 
13.033804 
14.447004 
15.443599 
13.646229 
14.438082 
15.494718 
16.309563 
13.763477 
13.040028 
19.652374 
13.626211 
15.765819 
17.495832 
13.310656 
13.433872 
14.859029 
12.728437 
12.111127 
14.161806 
14.900263 
14.189890 
12.753475 
13.387563 
12.895915 
12.978320 
13.711373 
16.163432 
29.399127 
13.377803 
13.585597 
12.404453 
13.067600 
11.679912 
14.161917 
11.986779 
13.468111 
12.121805 
12.061337 
14.558028 
17.549669 
14.452421 
14.243372 
14.794316 
12.809502 
11.205548 
13.643854 
13.553893 
13.471523 
12.763312 
12.282671 
17.652318 
13.260762 
13.609165 
13.238807 
13.905160 
17.382452 
14.073118 
12.927173 
13.994818 
13.689551 
17.509994 
17.578464 
16.381661 
15.327952 
40.521050 
43.066993 
