14.327508 
13.959696 
16.949212 
12.482491 
12.600523 
19.167725 
25.543142 
126.856903 
13.178922 
10.884118 
12.565636 
13.670363 
14.184011 
14.086357 
11.715450 
12.306577 
12.673298 
12.641273 
12.964327 
13.356255 
12.942190 
11.770967 
13.209139 
15.692213 
13.962408 
14.106920 
18.137516 
13.475105 
12.320691 
11.769122 
13.608047 
15.296014 
13.532903 
12.095940 
12.798826 
20.090703 
13.437425 
30.936528 
12.285290 
26.554293 
15.095806 
12.349609 
13.267992 
12.451612 
12.702725 
10.918133 
12.663155 
15.098970 
12.043641 
14.437241 
14.621788 
15.206258 
127.060383 
13.778949 
14.393280 
13.450429 
13.329298 
15.742377 
11.161528 
16.269383 
12.687588 
15.151696 
15.548853 
11.203222 
15.472330 
14.886635 
14.699237 
13.054278 
13.317652 
12.915234 
11.813184 
26.851817 
13.404788 
12.473610 
13.783240 
12.753436 
13.671542 
13.558503 
14.039850 
13.228245 
13.240885 
15.790850 
11.973332 
14.499487 
15.652339 
15.062178 
21.103094 
13.022793 
19.563845 
18.792217 
13.953448 
16.059029 
18.869111 
20.429776 
30.933553 
34.682376 
35.722115 
35.484033 
228.745629 
231.590394 
