14.649176 
12.868257 
13.280883 
12.449402 
18.069679 
17.346790 
13.491303 
13.646462 
10.983874 
13.940965 
13.823579 
14.457481 
15.761028 
12.903605 
13.434598 
12.677319 
13.418808 
11.709818 
12.954580 
12.555671 
11.877036 
13.210910 
21.180437 
14.348665 
14.000635 
17.645210 
13.671457 
13.423619 
11.939353 
14.029172 
16.580083 
13.225991 
12.088587 
16.047688 
13.405338 
12.366914 
16.107497 
14.579054 
12.004695 
12.335272 
12.507579 
13.184944 
20.059933 
13.053717 
15.885302 
12.098372 
14.038616 
14.131334 
14.871680 
15.568147 
11.383509 
14.160680 
17.153800 
13.338319 
15.666762 
11.190806 
16.244309 
15.175556 
14.509345 
13.368381 
24.937837 
14.453722 
14.105749 
12.174679 
13.193413 
12.688431 
11.433123 
15.263102 
15.248494 
12.807525 
13.896354 
12.564971 
13.476243 
13.354590 
14.602234 
15.337167 
14.759643 
11.898152 
18.237490 
13.770490 
13.528139 
20.596517 
11.776570 
14.677498 
14.360294 
13.459461 
14.285295 
15.031566 
17.380467 
13.856092 
14.895310 
14.501920 
18.101672 
17.397256 
17.709723 
16.847504 
17.772597 
14.441143 
24.669290 
25.174058 
