14.517354 
12.575291 
12.102029 
12.502819 
17.657578 
17.357330 
13.536463 
13.748125 
10.939246 
13.052023 
13.874175 
14.377645 
13.029933 
12.812689 
13.456914 
12.687602 
13.408180 
11.763591 
12.994085 
12.595320 
11.855844 
13.216422 
20.896900 
14.151374 
13.983614 
14.664162 
13.795527 
13.527333 
12.081194 
14.027925 
16.059549 
13.321596 
11.996595 
15.988337 
13.428399 
12.576857 
16.053005 
12.035232 
12.339076 
12.495418 
13.442649 
18.443240 
13.057159 
16.033871 
12.227142 
14.091782 
14.140090 
14.878713 
15.790520 
11.184026 
14.190051 
16.841857 
13.411118 
15.798185 
18.402976 
16.176260 
15.311822 
14.751555 
13.494787 
23.529822 
14.456643 
14.146446 
12.129781 
13.227788 
12.700377 
11.409847 
15.192348 
15.442012 
12.876685 
13.946328 
12.675092 
13.517424 
13.339860 
14.191474 
14.534174 
14.677543 
11.960607 
18.330686 
13.941533 
13.683141 
20.135978 
18.809105 
14.533318 
14.257872 
13.060715 
14.742474 
16.430596 
13.355509 
14.730319 
14.486532 
17.493947 
16.781310 
17.059378 
16.077009 
17.106260 
14.097864 
21.630009 
22.189166 
23.021152 
21.167849 
