14.652179 
12.661841 
12.051564 
12.486816 
15.812859 
17.753062 
14.178912 
13.881819 
10.638045 
13.196011 
14.040334 
13.941610 
13.139553 
13.855583 
12.628791 
13.629067 
13.764717 
13.323913 
12.407108 
13.312267 
19.365625 
13.959228 
14.686146 
13.938908 
13.479651 
12.240593 
15.517342 
12.898751 
12.388669 
16.050986 
13.489090 
12.804477 
12.775033 
12.193606 
12.691184 
12.761719 
13.675634 
16.375455 
16.323811 
14.279830 
12.320454 
14.392010 
14.181383 
15.110480 
16.069090 
11.316479 
14.400120 
15.388531 
13.425636 
15.635319 
24.175594 
16.225211 
15.652464 
15.120835 
12.718741 
21.060667 
14.517006 
14.191440 
11.902561 
13.594673 
13.169548 
13.330428 
13.313232 
13.815064 
12.931323 
13.944023 
13.015705 
13.763660 
13.749950 
14.561120 
14.535255 
14.630798 
11.606226 
15.386559 
14.043077 
13.955213 
17.945555 
15.745246 
14.573566 
14.621483 
13.148806 
22.551385 
14.782310 
12.750279 
11.762437 
14.645200 
14.187703 
15.214881 
14.126553 
12.990808 
15.015685 
12.978238 
14.790763 
16.062609 
16.887296 
15.226337 
14.636518 
12.793288 
27.375157 
22.563331 
