16.020122 
13.131625 
12.249717 
12.604769 
15.152849 
13.895052 
14.381635 
13.976813 
10.681694 
13.618562 
13.874028 
14.019371 
13.354028 
14.035625 
12.851072 
13.676160 
13.912771 
13.734511 
12.702768 
13.459035 
16.398111 
13.938782 
14.775693 
14.003652 
13.212945 
12.004484 
15.610914 
13.042220 
12.496396 
15.953780 
13.617675 
12.524904 
12.833164 
12.241799 
12.713793 
13.244474 
13.766408 
15.534197 
15.787939 
14.238379 
12.403787 
14.082249 
13.738078 
14.731217 
15.391573 
11.151465 
14.499088 
15.328004 
13.577057 
15.857885 
20.806458 
15.515230 
15.140264 
13.362757 
20.205280 
14.605231 
13.735275 
14.433997 
13.991262 
13.170079 
12.716751 
13.751899 
13.012248 
14.101341 
12.573434 
13.349917 
13.064778 
14.515810 
14.709833 
14.648341 
11.559868 
15.381369 
14.094742 
13.956888 
15.601621 
14.843868 
15.761935 
13.353170 
13.346008 
13.619823 
14.667361 
12.871771 
11.858835 
26.094046 
13.814625 
15.587224 
14.955204 
12.289495 
14.977659 
24.493763 
12.990364 
14.535315 
13.735275 
15.139227 
13.561137 
11.810822 
16.372001 
13.430040 
30.015679 
30.044219 
