12.961512 
11.334686 
15.900241 
14.066888 
13.383924 
15.878108 
11.803100 
13.324835 
14.095550 
14.020182 
15.253591 
13.790911 
14.071855 
16.489927 
16.349239 
12.656090 
15.792005 
17.787857 
13.211059 
14.741999 
13.952408 
16.069254 
12.809121 
17.126401 
16.161472 
14.878750 
11.786098 
13.534819 
13.901645 
16.410701 
15.764425 
13.084661 
13.420640 
14.438171 
13.424183 
16.798169 
16.088022 
13.230411 
14.120113 
15.135276 
16.594333 
13.805631 
12.994603 
15.392959 
14.415326 
16.149401 
15.255079 
12.939077 
13.550429 
14.987053 
12.866384 
11.883884 
15.028859 
14.302659 
13.199793 
11.310126 
15.456153 
13.073946 
13.750199 
16.340601 
17.580340 
13.455655 
13.874018 
12.654237 
13.410924 
12.090724 
14.398401 
12.134797 
13.927614 
12.296163 
12.147290 
14.799096 
13.466316 
16.226369 
14.424621 
15.265873 
12.757767 
11.442401 
14.100319 
13.145946 
13.301058 
12.068735 
14.408761 
13.533597 
14.050340 
13.624185 
12.801380 
16.970391 
13.349436 
12.969495 
12.376456 
12.218495 
12.423881 
14.167295 
13.112957 
11.838166 
13.527523 
14.735269 
13.785416 
13.435496 
