14.853828 
14.736200 
12.419778 
12.578070 
14.362946 
13.497035 
12.655962 
13.705432 
10.542625 
22.746245 
17.720940 
12.241472 
13.889767 
12.457264 
14.385481 
15.203181 
14.177802 
12.619809 
13.633792 
15.984256 
13.736299 
13.966806 
13.031988 
11.896033 
12.695819 
17.275404 
12.367025 
16.574627 
13.456689 
12.703288 
12.803633 
12.109981 
12.484265 
12.531054 
15.081510 
15.173029 
12.635451 
12.318954 
12.928835 
13.261477 
13.545780 
15.185108 
10.702667 
14.384891 
15.337335 
13.479991 
15.958736 
18.039826 
13.754505 
19.474885 
14.600674 
13.154338 
13.945488 
13.986649 
12.949279 
11.989726 
14.312107 
12.851331 
13.917138 
13.002804 
15.968112 
12.793212 
13.814235 
18.800526 
12.114159 
15.466250 
13.533994 
12.258975 
15.437277 
13.033569 
15.495539 
13.123148 
14.226682 
17.890955 
12.015610 
20.191975 
13.671244 
15.644042 
14.426955 
11.527228 
14.375440 
16.995314 
11.580036 
13.256300 
13.622305 
11.898506 
12.585413 
10.835354 
12.838337 
15.869040 
15.977050 
16.042597 
16.178355 
18.966272 
17.743736 
23.828366 
23.230734 
17.650506 
18.251329 
20.482360 
