14.611772 
15.018217 
12.259472 
12.678171 
11.705007 
13.110642 
12.312789 
13.530387 
12.367698 
17.010521 
15.527104 
11.304137 
13.365847 
12.636049 
15.706197 
23.609648 
12.606081 
14.027610 
14.063446 
13.593054 
14.150589 
13.014877 
11.887459 
15.132569 
16.857090 
12.483415 
16.488394 
13.540183 
12.691171 
13.050772 
12.204235 
12.641200 
12.565697 
15.364814 
16.229590 
13.115390 
12.284528 
12.984996 
13.816523 
13.642266 
15.068256 
10.787666 
14.508562 
15.312323 
13.539948 
16.148165 
18.599285 
13.842462 
19.664435 
14.754409 
13.605568 
14.184869 
13.831195 
13.044023 
12.255996 
14.500975 
12.829289 
14.013819 
13.085945 
15.893745 
12.534249 
13.908167 
17.371231 
12.621715 
16.109778 
14.275173 
12.674033 
15.357560 
13.160912 
15.087438 
13.023746 
13.861494 
16.290091 
12.256937 
15.875086 
23.391491 
15.115833 
11.742475 
13.938004 
14.722302 
11.670786 
13.485377 
13.689542 
11.966198 
12.936926 
11.094623 
12.497562 
15.543922 
12.948875 
14.968134 
13.710044 
15.679061 
13.972573 
17.957087 
17.479430 
13.799024 
14.624790 
16.388547 
26.971625 
27.348708 
