14.503386 
14.901042 
12.667675 
12.779064 
11.731635 
13.101915 
12.104452 
13.545855 
12.560526 
14.393074 
14.634747 
11.869509 
13.128443 
12.693433 
15.906404 
21.042571 
12.645711 
13.955476 
14.012440 
13.770785 
14.337629 
13.065926 
11.897325 
15.005880 
14.266183 
12.597979 
16.185807 
13.666927 
12.639403 
13.258193 
12.325364 
12.777439 
12.123097 
15.547572 
16.723748 
13.348135 
12.289645 
12.801743 
26.060277 
14.998317 
10.840835 
14.635482 
15.426853 
13.604753 
16.319249 
18.599678 
14.174668 
19.883387 
14.926206 
13.607188 
26.929790 
13.791078 
13.210151 
12.494860 
14.623830 
12.875952 
14.094627 
13.072589 
15.433631 
12.279394 
14.071167 
14.360765 
12.747051 
16.243259 
14.427457 
12.959566 
15.484280 
13.108004 
14.997283 
12.978707 
13.685385 
15.403537 
12.457758 
16.212945 
20.036848 
15.007731 
11.602534 
13.617181 
14.466245 
11.753730 
13.691337 
13.467045 
11.886486 
13.276643 
11.328220 
12.301442 
15.353482 
12.668151 
14.462612 
12.367531 
14.203323 
12.859122 
16.034692 
17.446544 
12.635057 
13.668729 
21.069592 
21.418675 
32.452959 
32.402299 
