14.387638 
14.527985 
12.793347 
13.204606 
11.984868 
13.178120 
12.438328 
14.512567 
12.783944 
14.281751 
14.511818 
12.033231 
13.356550 
13.134763 
16.171264 
15.404468 
12.991378 
14.720234 
14.761593 
14.142933 
14.843860 
12.671497 
12.885085 
15.234948 
14.122837 
11.651064 
16.049090 
14.071238 
12.126786 
13.630528 
12.736888 
14.081795 
11.805625 
15.212475 
16.905121 
13.439672 
12.798586 
13.193169 
59.301314 
14.841935 
12.440858 
15.016293 
15.096430 
14.302323 
16.813553 
18.707455 
12.727476 
15.432782 
13.951271 
59.572879 
13.879956 
13.593687 
12.745622 
14.829515 
14.056386 
14.702947 
13.663552 
14.918746 
11.770298 
14.270076 
14.516412 
12.801694 
15.591651 
14.586611 
13.107048 
14.082791 
11.832426 
14.282516 
12.483111 
13.597394 
15.553618 
12.706413 
16.390774 
15.527565 
15.010922 
11.744494 
13.736015 
14.522465 
13.653472 
12.241545 
12.687979 
10.896469 
13.505389 
11.453746 
12.020515 
14.631550 
12.734742 
14.471082 
12.314360 
14.041774 
12.565525 
15.482913 
17.050381 
12.434447 
13.818753 
14.706092 
16.732905 
13.262763 
91.802646 
93.905311 
