14.394019 
14.575092 
12.833493 
13.543530 
10.926877 
11.643142 
12.428352 
14.077610 
12.833251 
14.273530 
14.489357 
12.039036 
13.344345 
17.212869 
16.158247 
15.383518 
13.006914 
14.694351 
14.732958 
11.857675 
13.973446 
12.665786 
12.881311 
15.244100 
14.118701 
39.669107 
16.036640 
12.126552 
50.162854 
11.758123 
11.802590 
15.226596 
16.906075 
13.428913 
12.806107 
13.187321 
60.397663 
14.833392 
12.667799 
13.689855 
15.087739 
14.151511 
16.036256 
18.697114 
12.732087 
14.821619 
13.955318 
61.859120 
13.890428 
12.606224 
12.536002 
14.846237 
14.144502 
13.400428 
13.661956 
14.908384 
11.762484 
14.291133 
14.521259 
12.793554 
15.573716 
14.592562 
13.107689 
14.059339 
11.870022 
14.268701 
12.459103 
13.598291 
15.542154 
12.760809 
16.432933 
15.500484 
14.995011 
11.743097 
13.736447 
14.530060 
13.892627 
12.246180 
12.691142 
10.899536 
13.560404 
11.459346 
12.016657 
14.631456 
12.744393 
14.475774 
12.304356 
14.027035 
12.544250 
15.454237 
17.025489 
12.428851 
13.827303 
14.669330 
16.704457 
13.243275 
97.331488 
95.219678 
74.093175 
68.864931 
