14.987657 
13.131268 
13.451089 
11.454552 
12.116799 
12.067601 
14.707331 
12.835544 
13.938395 
14.372366 
13.452557 
12.883821 
17.330615 
13.951630 
13.426743 
14.301353 
14.184226 
13.078589 
12.562476 
12.996670 
14.314097 
13.775566 
18.076301 
15.620030 
12.736617 
13.965221 
29.485067 
11.905228 
12.477903 
13.452276 
17.474392 
24.378797 
15.905120 
14.155415 
12.409433 
14.625995 
15.093746 
14.933115 
16.748438 
15.879129 
12.449953 
15.823975 
13.681454 
16.565790 
14.297150 
13.683488 
13.589767 
14.820065 
14.828343 
13.614712 
13.763546 
14.877087 
11.468473 
14.440310 
13.649587 
13.215262 
12.449131 
14.430485 
12.107809 
13.451248 
12.004878 
13.433530 
11.991131 
13.412857 
14.946340 
29.947325 
16.487560 
13.645452 
14.307550 
11.331034 
13.539158 
14.506883 
13.028429 
13.315620 
12.968514 
11.135077 
12.119706 
13.330044 
16.180949 
14.892307 
12.811065 
14.367829 
11.896835 
13.718727 
12.282936 
14.791288 
16.174051 
12.246336 
13.545914 
13.623111 
12.172068 
21.358393 
24.667863 
27.410622 
20.489933 
19.965728 
15.338554 
17.778600 
40.951517 
47.724811 
