15.017424 
13.164120 
13.491901 
11.434518 
12.014234 
12.025762 
14.683404 
13.974899 
14.464700 
11.657915 
12.512532 
17.695890 
13.789867 
13.380610 
22.791462 
13.824006 
10.971819 
12.503043 
12.926466 
14.444019 
13.786103 
16.609429 
12.758726 
14.075642 
23.052042 
11.960255 
12.065297 
13.956150 
16.743320 
22.102336 
16.268732 
14.034083 
12.298283 
14.787493 
15.035443 
14.898781 
16.796033 
16.077718 
12.406819 
15.402806 
13.857380 
16.544621 
14.340169 
13.807038 
12.450621 
14.751556 
14.757697 
13.610054 
13.686934 
15.030968 
11.762591 
14.463463 
14.136673 
13.468576 
12.482736 
14.637432 
12.333595 
13.354013 
11.975367 
13.295441 
11.816871 
13.481200 
14.853816 
22.823431 
16.420529 
13.324359 
14.036588 
10.516536 
13.665168 
14.507387 
12.809401 
12.915044 
12.976720 
11.128741 
13.936862 
12.772982 
24.357642 
14.905255 
12.790481 
14.345737 
11.893749 
13.744939 
12.391051 
14.855222 
16.272713 
12.291713 
13.683048 
13.192572 
11.810727 
19.416733 
20.649572 
23.264265 
17.804129 
17.293738 
13.951116 
16.371616 
27.432628 
32.858432 
24.562962 
26.972198 
