15.049184 
13.218070 
13.543137 
11.601741 
12.097420 
11.824394 
14.724811 
14.112130 
14.422902 
19.007707 
12.520980 
17.813498 
13.759116 
13.418861 
13.986063 
13.932750 
11.091191 
12.527268 
12.960002 
13.828646 
16.086659 
12.869628 
14.185658 
20.971615 
11.935872 
12.027387 
13.809329 
16.516171 
20.206664 
16.281972 
14.058545 
12.311522 
14.893662 
15.072148 
14.937639 
16.874611 
16.112780 
12.440535 
15.478415 
13.964575 
16.629158 
14.332191 
13.862684 
12.502504 
14.701144 
14.795236 
13.635476 
13.730683 
14.842142 
11.394749 
14.570835 
14.189648 
13.491814 
12.530139 
14.720114 
12.385327 
13.412998 
12.017369 
13.362348 
11.911982 
13.325679 
21.884850 
20.512732 
16.414523 
13.313271 
14.213116 
10.962436 
13.356563 
14.450108 
12.790978 
12.872631 
13.013595 
11.170828 
14.074893 
12.544872 
15.057567 
14.960109 
12.801948 
14.370009 
12.204521 
13.739143 
12.421931 
14.876763 
16.378761 
12.330362 
13.933140 
13.146987 
11.781425 
18.511204 
17.848434 
20.287123 
16.777323 
16.278937 
13.559691 
15.901101 
23.069084 
27.961516 
15.444465 
20.342866 
23.676546 
