13.105004 
11.350693 
15.758673 
14.068600 
13.881183 
15.887937 
11.805503 
13.468542 
14.058875 
13.729144 
15.102976 
13.797509 
14.086528 
16.491498 
16.386847 
12.667208 
15.806992 
16.920205 
12.953353 
14.741972 
14.012631 
16.074241 
12.988762 
14.042514 
16.208962 
14.602405 
12.494232 
13.091160 
13.920659 
16.028793 
15.770669 
14.030035 
12.506143 
14.125810 
13.238957 
16.766397 
16.222112 
13.240551 
13.899426 
15.133555 
16.608876 
11.087949 
15.393599 
14.338247 
16.177238 
14.685770 
12.815599 
13.528941 
14.598720 
12.965790 
12.016925 
15.029734 
14.390707 
13.046440 
11.310525 
15.455211 
14.121708 
11.784514 
1279.785312 
14.710983 
11.411756 
12.864899 
12.271485 
4326.216194 
13.961499 
12.042619 
13.871500 
12.311298 
12.147909 
14.455506 
13.475175 
16.227394 
14.335198 
15.283055 
15.421674 
11.808364 
14.111616 
13.144830 
13.282018 
12.116028 
14.410471 
13.531001 
14.080414 
13.336881 
12.807188 
17.022546 
13.343558 
12.976991 
12.373898 
12.216495 
12.424905 
14.168389 
13.269862 
11.628536 
13.652822 
13.907662 
13.495850 
13.184870 
5583.555632 
5580.996740 
