15.345941 
13.811700 
12.566722 
11.801152 
11.985933 
11.617299 
13.473064 
14.033760 
14.515859 
17.780700 
12.421868 
14.612252 
13.703068 
12.609880 
13.819293 
13.885553 
11.233376 
12.188107 
12.792651 
14.404926 
15.432413 
54.717546 
14.310014 
17.467636 
12.071676 
11.898260 
13.786657 
15.979923 
19.272789 
16.510291 
13.572472 
12.247716 
14.155062 
14.872085 
14.742861 
16.172669 
12.382790 
14.983325 
14.042542 
16.637712 
14.334218 
13.610110 
12.515364 
16.693329 
13.745581 
14.073623 
13.836200 
14.964236 
11.314330 
14.692220 
14.206582 
13.512339 
12.527129 
14.794365 
12.426458 
13.403419 
12.129858 
13.296310 
11.895303 
13.208640 
20.712154 
17.270970 
14.234200 
13.187312 
14.218569 
11.055427 
13.114006 
13.857336 
12.580244 
12.795111 
13.318010 
11.404804 
14.178431 
12.490940 
13.981764 
15.539695 
14.103765 
13.870452 
12.183365 
13.613249 
12.501082 
14.990554 
16.614712 
12.620052 
13.920602 
13.100094 
11.720440 
17.852716 
16.287256 
18.454563 
15.569388 
15.287493 
50.883886 
19.946628 
21.823904 
15.210988 
18.099470 
21.393433 
82.241430 
84.782331 
