15.416284 
14.819690 
12.490028 
11.960515 
11.997426 
12.627518 
13.280906 
15.096689 
14.610235 
14.558419 
13.389817 
14.537278 
13.666242 
12.193980 
21.285870 
11.248507 
11.836264 
12.194115 
14.247887 
14.857219 
14.554726 
15.879548 
15.503007 
11.909999 
11.970075 
13.581910 
21.379591 
14.352807 
17.697713 
13.366986 
12.489579 
14.038266 
14.886875 
14.353095 
16.330480 
12.696741 
15.434637 
13.684670 
15.919831 
13.548982 
13.362658 
12.571181 
16.031331 
13.443480 
13.875626 
11.537372 
15.547401 
13.856709 
15.625033 
14.047967 
13.451001 
12.517215 
14.672801 
12.483558 
13.284962 
11.378342 
13.255424 
18.551700 
13.231383 
19.280120 
15.020459 
13.194422 
13.132338 
14.424419 
11.728838 
19.713734 
13.330819 
12.667335 
12.884982 
12.374602 
14.391741 
12.279935 
14.307506 
18.910328 
15.197894 
12.660950 
12.432955 
12.278354 
14.827577 
16.081075 
12.586770 
13.628314 
13.120215 
11.783033 
15.059614 
14.879583 
13.049442 
13.860397 
14.112049 
14.457840 
15.665637 
16.754694 
12.873088 
16.027327 
16.657336 
18.912295 
18.413332 
19.828032 
20.408887 
20.054704 
