15.443201 
14.795433 
12.769991 
11.950555 
12.011787 
13.761896 
13.373588 
14.469081 
13.617802 
12.924106 
14.541323 
14.214244 
12.415789 
18.595450 
11.108507 
11.936265 
12.380240 
22.483991 
15.018795 
15.933444 
15.041776 
11.948800 
12.086140 
11.972491 
15.940244 
14.074543 
16.067950 
13.453417 
12.490899 
14.122939 
14.965422 
14.562083 
15.385699 
12.696927 
15.456258 
13.658567 
13.694163 
13.250529 
12.613012 
16.255481 
13.647336 
14.027178 
11.447202 
15.623730 
13.898499 
15.677064 
13.019951 
21.079645 
14.170702 
13.405006 
13.456865 
11.277247 
13.269508 
16.544060 
13.905854 
13.054387 
14.567422 
12.993606 
13.240543 
14.339309 
11.567334 
15.725204 
13.390372 
12.735985 
12.994027 
12.544789 
13.895426 
12.789976 
14.038750 
13.636566 
15.244134 
14.086689 
21.415149 
12.105804 
14.829069 
16.525288 
12.569434 
12.125482 
13.151648 
11.802499 
14.927599 
14.700899 
13.046908 
13.923630 
14.279570 
14.242943 
15.074925 
16.133582 
13.112463 
14.383666 
14.879802 
12.454870 
15.015575 
16.861725 
25.472573 
15.918391 
27.310310 
24.707538 
25.443212 
22.603543 
