15.362599 
14.560189 
12.669564 
12.916931 
10.855810 
13.863951 
12.708905 
14.767710 
13.339738 
13.137574 
15.164554 
14.329383 
12.280933 
17.429759 
11.476361 
12.207305 
11.832899 
18.754641 
15.290307 
16.024269 
15.058413 
12.071173 
12.311088 
12.016585 
15.200754 
14.203621 
14.981353 
12.879557 
14.213531 
13.240093 
14.232843 
15.750777 
13.311033 
15.718421 
13.821941 
13.668082 
13.527301 
12.882519 
16.195448 
12.598912 
13.707962 
12.111693 
15.673758 
13.825361 
15.890412 
13.088475 
16.681736 
14.459376 
13.547005 
13.121443 
11.610372 
14.292983 
14.430286 
13.941852 
13.112461 
14.493889 
13.015042 
13.169695 
14.836074 
11.945816 
14.554486 
13.350169 
13.082070 
13.255116 
12.560037 
14.287836 
12.896200 
14.372214 
13.110208 
15.396924 
13.527561 
17.548352 
12.614696 
14.932397 
18.524388 
18.665467 
13.186002 
12.171290 
14.755202 
14.591035 
13.151186 
14.058189 
14.441218 
14.370436 
14.902299 
16.036675 
12.707456 
13.917466 
13.956483 
11.806623 
13.423622 
15.150900 
18.089876 
13.520842 
18.461168 
15.754844 
18.259718 
15.424601 
19.864919 
22.758253 
