15.333436 
14.432591 
12.583006 
12.962193 
10.912803 
14.149807 
12.754364 
14.446934 
13.215707 
13.262139 
15.162411 
14.083822 
11.654900 
17.894052 
11.472215 
12.313479 
11.939938 
18.107144 
15.287747 
15.952988 
15.015589 
11.863841 
12.240481 
11.836571 
14.913045 
13.669370 
13.954410 
12.953024 
14.194162 
13.356387 
13.915334 
15.474265 
13.355349 
15.681369 
13.742510 
13.143428 
13.505887 
12.839228 
15.737156 
12.548313 
13.669600 
12.281184 
15.152506 
15.898160 
12.735090 
14.689853 
14.336764 
13.311171 
54.543648 
11.819238 
14.494700 
14.457612 
13.296229 
13.139720 
14.363952 
12.885261 
13.520441 
14.999079 
11.997461 
14.470216 
13.038673 
13.079390 
13.222937 
13.185403 
14.255071 
12.798208 
15.129787 
11.664180 
15.128555 
13.386289 
16.922744 
12.547262 
14.793252 
17.585288 
17.688768 
13.166227 
12.171641 
15.480473 
16.236498 
13.060403 
14.037226 
14.418462 
13.487244 
14.787183 
15.973976 
12.656522 
13.779706 
14.369091 
11.744763 
13.905746 
14.984404 
15.621195 
13.053611 
65.237061 
17.214805 
14.342387 
18.177280 
21.012440 
95.967530 
98.845913 
