15.565841 
14.375618 
12.766741 
15.929440 
13.779634 
13.241879 
15.309765 
11.876452 
19.776846 
30.824357 
11.893530 
11.783900 
17.186245 
11.460411 
12.998664 
11.831827 
17.308238 
15.275413 
16.043445 
15.109414 
12.364031 
12.730344 
11.343827 
15.165398 
13.753372 
13.497614 
12.655607 
14.258682 
12.205357 
14.109891 
14.224999 
12.655849 
15.727558 
14.316513 
13.265572 
13.322253 
12.448047 
15.961125 
12.865292 
13.927413 
11.979186 
15.564863 
15.957101 
13.363597 
14.943013 
12.565389 
12.979535 
11.992932 
14.099725 
13.297599 
12.936097 
14.547032 
12.980366 
16.048858 
15.161280 
14.160396 
13.273564 
13.398078 
11.560335 
13.552339 
20.279322 
11.579358 
15.153595 
11.892330 
15.545638 
13.294907 
15.572259 
13.518773 
15.315723 
15.673789 
15.857974 
13.877553 
14.616213 
15.721032 
12.072740 
14.082372 
14.442816 
13.658418 
14.965701 
16.114621 
12.722980 
13.666632 
14.670249 
11.872395 
13.638533 
14.535414 
14.607357 
12.273067 
14.161196 
15.276357 
12.262183 
14.662885 
17.453836 
12.283266 
18.360832 
16.803330 
36.717306 
19.318774 
39.996865 
40.124378 
