15.243518 
13.686128 
17.088663 
13.101213 
14.391949 
15.221712 
13.929809 
15.002477 
15.744174 
16.938655 
16.269848 
11.563627 
16.479902 
13.191492 
15.546327 
14.223466 
15.600752 
15.067116 
12.302747 
13.058380 
11.191745 
13.683472 
12.498846 
13.211124 
12.528200 
33.884453 
13.655244 
15.512068 
16.456302 
14.980651 
15.340193 
14.265280 
13.150566 
12.524344 
11.485018 
16.547774 
15.397823 
13.897626 
11.788853 
12.419940 
12.735347 
13.651467 
11.528762 
38.742631 
14.964045 
12.683923 
13.158319 
15.691009 
15.031260 
14.691562 
11.116738 
14.168786 
13.534591 
11.579358 
15.905900 
12.724350 
17.156701 
12.874810 
12.815641 
14.655767 
13.767580 
46.172828 
13.436737 
14.609400 
15.917504 
14.265602 
13.905731 
13.897557 
13.365086 
14.426889 
15.844147 
12.266841 
16.191801 
12.691364 
12.810468 
14.604413 
14.367553 
11.823428 
12.884402 
13.359679 
11.450524 
12.031203 
14.805460 
13.089398 
13.785897 
12.777908 
11.847863 
12.594079 
14.484719 
13.534730 
14.866123 
32.820167 
13.567484 
15.113467 
14.531027 
15.350178 
63.907319 
61.659229 
49.812522 
45.253669 
