15.008089 
13.503226 
25.244821 
13.986676 
14.245073 
14.947488 
14.228279 
13.331147 
15.560196 
15.195570 
16.950107 
11.462301 
15.490672 
13.072538 
15.467943 
14.311491 
15.427510 
14.978039 
12.152076 
11.575836 
13.623333 
12.039153 
13.171391 
12.455586 
13.486656 
13.269126 
14.907651 
16.120208 
15.360555 
14.074029 
14.289692 
13.050205 
20.413359 
11.318470 
16.258553 
15.310348 
13.888527 
11.741937 
13.045841 
12.571500 
13.674554 
11.571968 
26.408584 
14.967360 
12.569841 
12.539538 
13.767950 
15.424146 
14.840698 
19.594898 
13.946925 
13.794321 
12.437939 
15.835428 
12.573527 
16.342696 
13.542841 
12.641765 
14.438008 
13.541563 
15.385157 
13.346193 
14.470100 
15.776235 
13.155673 
13.954327 
13.887846 
13.242344 
14.368300 
15.667678 
12.622167 
15.943529 
12.581608 
13.089200 
14.715197 
12.451388 
14.091928 
13.154828 
30.157218 
11.586553 
12.048497 
14.724450 
13.616048 
12.501852 
13.571239 
12.551081 
13.976946 
13.055316 
14.757896 
21.651850 
12.557982 
14.071612 
12.951365 
13.855541 
34.124823 
36.279466 
25.521817 
25.348172 
22.873074 
22.786303 
