15.024746 
13.456391 
15.375126 
13.874976 
16.258456 
14.992330 
14.346439 
13.042650 
13.167207 
15.285165 
16.747549 
11.807463 
15.397744 
13.402042 
15.469873 
14.343937 
15.484065 
14.716527 
12.204792 
11.640301 
13.931841 
11.999293 
13.113548 
12.547805 
16.962811 
13.366662 
14.837801 
16.117506 
15.558344 
14.028732 
14.613856 
13.118188 
17.979071 
11.461833 
16.343535 
15.365864 
13.925843 
11.757402 
12.933049 
12.672182 
13.496300 
20.648410 
15.218226 
12.581909 
12.573314 
13.397721 
15.550204 
14.921937 
16.466636 
14.065304 
14.035186 
12.709062 
15.986378 
12.686543 
15.843298 
13.663791 
12.673682 
14.458966 
13.509169 
23.052230 
13.169945 
14.289901 
15.634131 
13.010145 
13.884881 
13.910382 
26.165983 
14.384007 
15.662487 
13.080761 
16.083675 
12.646158 
12.979772 
27.690030 
12.297598 
13.848604 
12.979160 
14.030055 
11.587615 
12.090334 
14.762597 
13.385282 
12.647635 
13.194974 
12.479467 
13.092488 
13.239399 
13.975528 
12.047533 
13.494819 
11.988088 
12.946951 
21.683350 
19.507458 
14.999703 
16.933102 
17.456204 
17.360234 
30.721238 
32.887952 
