14.877749 
13.551580 
15.242816 
14.100242 
16.050657 
14.825782 
14.513649 
12.883673 
13.318314 
15.337792 
16.742940 
11.843017 
15.376480 
13.377853 
13.113965 
14.348164 
15.532883 
14.718498 
12.105694 
11.695670 
13.832876 
11.977994 
13.079229 
12.554504 
16.770821 
13.362940 
14.716695 
16.001678 
15.598088 
14.049804 
14.145300 
13.162697 
17.841617 
11.443816 
16.301746 
15.388155 
13.836066 
11.738422 
12.955753 
12.631041 
13.525051 
18.565120 
15.274216 
12.837204 
12.590062 
13.468534 
15.513984 
14.937731 
16.263861 
14.013512 
14.021732 
12.810531 
15.968543 
12.651466 
15.637715 
11.391032 
12.263021 
14.144180 
12.918067 
17.615656 
13.164310 
14.283962 
15.590128 
13.004221 
13.886443 
13.920146 
24.601132 
14.357798 
15.632394 
12.739426 
16.043135 
12.533191 
12.951361 
25.967121 
12.302874 
13.803442 
12.990349 
13.435903 
12.278423 
13.544905 
13.421943 
12.680806 
34.830879 
12.361848 
13.298394 
14.133882 
11.973384 
13.417238 
11.848379 
12.743117 
18.599578 
14.912603 
14.609904 
37.746990 
17.137561 
17.014984 
27.693594 
29.704438 
49.492678 
49.365946 
