13.867520 
15.572792 
15.430027 
14.925198 
14.753713 
14.559224 
15.269512 
13.084450 
11.485165 
16.220474 
11.694279 
15.656921 
13.691353 
13.009151 
13.772831 
14.896690 
13.647701 
11.965307 
15.263576 
25.602548 
11.726518 
12.023521 
12.694209 
14.979279 
13.624867 
15.660232 
14.661465 
14.252606 
15.943075 
12.836618 
13.398380 
11.775252 
16.719317 
12.950782 
13.832356 
10.654386 
14.539192 
20.204816 
14.336978 
13.989584 
11.244818 
12.967071 
15.917224 
14.061185 
13.662349 
11.932755 
13.775693 
15.283871 
10.917242 
14.598635 
12.590705 
15.449081 
14.268035 
12.475032 
13.809489 
14.025878 
13.431593 
12.774497 
14.015288 
15.462460 
12.868067 
13.073953 
12.867494 
15.967038 
13.507043 
14.444242 
13.152053 
14.913160 
14.154279 
17.593856 
12.600033 
14.329573 
13.248827 
12.837906 
13.202922 
13.898631 
14.356690 
12.919352 
11.454662 
16.892809 
14.722729 
12.395602 
14.407005 
16.411701 
12.259217 
14.028657 
15.759996 
12.437599 
13.980582 
13.079596 
14.984674 
14.570640 
16.305908 
14.209205 
15.496794 
17.084265 
16.273634 
17.992307 
21.980899 
24.466581 
