13.822481 
13.588245 
15.356989 
14.049275 
14.724670 
27.343920 
15.324864 
12.633308 
11.538742 
16.215789 
24.765962 
13.355164 
12.907414 
13.055864 
13.772115 
14.952305 
13.589333 
11.927250 
15.397904 
23.422911 
11.703436 
12.007571 
12.629117 
14.207865 
13.887993 
15.609953 
14.686703 
14.252512 
15.841304 
12.567309 
13.428570 
11.457598 
16.657369 
12.926498 
13.746753 
10.576655 
14.616620 
19.458235 
14.265678 
14.180462 
11.288431 
13.233648 
15.470799 
14.064213 
13.753822 
12.007168 
13.667962 
11.329286 
14.532752 
12.476041 
15.586713 
14.316893 
12.430251 
13.793701 
14.034174 
13.448916 
12.912364 
14.015588 
15.420823 
12.861467 
13.057909 
12.895722 
15.476760 
13.987261 
14.606711 
13.400992 
14.575383 
14.143849 
17.441452 
12.591135 
14.267219 
13.250037 
12.858781 
13.223453 
13.889553 
14.284316 
12.909283 
11.627690 
16.527160 
14.340700 
12.701426 
15.854929 
12.647857 
14.094673 
15.754869 
12.873786 
12.822655 
13.242413 
14.687412 
14.264282 
15.486003 
13.716241 
15.373304 
17.000607 
14.883039 
16.102588 
20.672221 
23.056489 
34.771730 
32.798621 
