13.640317 
13.458541 
15.237248 
14.142643 
14.683595 
26.136801 
15.266065 
12.589947 
11.554324 
16.170091 
23.265967 
13.414241 
12.907890 
13.072232 
12.209238 
14.980262 
14.647714 
11.863319 
15.417142 
23.049069 
11.685297 
11.972720 
11.880728 
13.604496 
13.782163 
15.603652 
11.751166 
14.259103 
15.871611 
12.125040 
13.446137 
11.191313 
16.589271 
12.275868 
13.729232 
10.571020 
14.636676 
18.675620 
14.251019 
14.597535 
11.330176 
13.277721 
15.332315 
14.076196 
13.632468 
11.993391 
13.556702 
11.345307 
14.551550 
12.441858 
15.640571 
14.335267 
12.408992 
13.748872 
13.994267 
13.420896 
12.904523 
13.995457 
15.389535 
12.848821 
11.987807 
15.440863 
13.997549 
12.495055 
13.360645 
14.625645 
14.114565 
17.351477 
12.573413 
14.229005 
13.236128 
12.877458 
13.207472 
13.872712 
14.352171 
12.973842 
11.583168 
16.281902 
14.515970 
12.693386 
15.744056 
12.554275 
14.112173 
15.639280 
30.660446 
13.395208 
14.596965 
14.148906 
32.685237 
13.412655 
15.207216 
16.792880 
14.696417 
15.876739 
19.985918 
22.364943 
32.224852 
30.317666 
42.161063 
41.451982 
