13.702009 
13.640200 
14.584880 
13.579245 
14.730393 
14.522615 
15.519405 
15.309629 
11.763913 
12.009801 
12.498464 
13.222798 
12.264763 
15.211728 
14.777667 
11.877768 
14.207525 
20.877072 
11.604395 
11.700648 
11.837537 
14.135052 
13.680528 
15.800730 
11.548411 
11.958583 
16.106359 
27.929148 
24.331644 
11.145461 
16.568389 
12.250738 
13.881871 
10.935771 
13.312807 
17.129874 
13.746127 
14.983086 
11.566713 
11.786303 
13.937409 
14.241735 
13.546756 
10.969480 
13.519764 
10.727188 
14.720181 
12.465901 
15.826306 
14.472170 
12.497133 
13.764873 
14.133207 
13.231195 
10.861076 
13.339592 
15.180791 
12.673564 
12.079808 
15.222537 
14.292830 
12.706564 
25.106285 
14.825417 
13.910948 
16.962793 
24.639020 
12.410941 
12.993146 
13.119164 
13.840980 
13.316744 
11.443179 
15.972287 
12.731839 
12.410540 
15.312528 
12.714810 
14.184001 
14.865311 
12.802779 
12.580041 
14.137099 
13.611613 
40.978373 
14.291780 
15.662179 
13.926617 
15.064635 
16.761979 
19.247825 
29.282436 
40.009586 
57.012268 
39.483412 
39.996408 
32.160862 
32.261522 
32.326694 
29.553915 
