13.601919 
13.566989 
14.477787 
13.580247 
14.562781 
14.715582 
15.410524 
15.244585 
11.702056 
12.029816 
12.487253 
13.126993 
12.258371 
15.142609 
14.738395 
11.694010 
14.459068 
20.373445 
11.571163 
11.814145 
11.836909 
14.140788 
13.833750 
15.899123 
11.541915 
12.101277 
15.344724 
27.091302 
22.667479 
11.172054 
15.961158 
12.205498 
14.078837 
11.101210 
13.469176 
16.588343 
13.924148 
14.898901 
11.505277 
11.913376 
13.993037 
13.185808 
13.727679 
11.086795 
13.327358 
10.853141 
13.180451 
12.101357 
15.574404 
14.212138 
12.501282 
13.723705 
14.102704 
38.297851 
11.017195 
13.304264 
15.054731 
12.719584 
12.059834 
12.401015 
14.236165 
12.647387 
23.199183 
13.769198 
13.838118 
13.717586 
23.903744 
12.564239 
12.797728 
13.113796 
13.931439 
13.321554 
11.398663 
15.885236 
12.773916 
12.370641 
15.078163 
12.628582 
14.074472 
12.792323 
12.709473 
13.805509 
38.789780 
38.538851 
15.382688 
14.092921 
14.980349 
15.823777 
17.957428 
27.669005 
36.810288 
53.089344 
38.004608 
38.503045 
30.890603 
30.905072 
28.851612 
26.114065 
57.336478 
56.687281 
