13.574975 
13.551624 
13.716959 
13.293408 
14.636485 
14.741289 
14.078233 
24.557620 
11.855742 
12.058102 
12.514427 
13.103667 
12.258814 
15.106694 
14.719818 
11.716299 
14.562748 
20.354031 
11.615375 
11.470011 
11.841190 
14.133473 
13.871307 
43.783250 
11.547864 
12.182067 
15.357671 
27.006900 
21.928641 
11.190114 
16.019403 
12.185308 
11.319034 
13.531910 
16.536149 
14.035248 
14.852971 
11.474688 
11.951840 
21.950959 
13.182455 
13.766837 
11.141959 
13.331077 
10.883272 
13.253387 
12.143950 
15.551329 
13.976488 
12.636741 
13.745041 
14.071703 
69.483010 
11.057752 
13.150744 
15.100932 
12.760950 
12.043415 
12.428906 
14.210991 
12.614691 
22.299686 
13.836579 
13.351263 
13.741732 
11.396921 
12.543361 
12.777813 
13.081841 
13.896697 
13.327958 
11.401227 
18.850510 
18.332613 
12.394723 
15.076928 
12.606217 
14.077555 
12.798924 
12.760910 
13.829983 
35.891236 
14.848941 
14.115054 
14.979341 
15.740990 
17.888921 
13.285126 
20.042483 
34.424267 
36.867745 
37.536805 
26.899339 
26.193930 
27.400871 
24.552213 
52.439286 
52.047026 
68.314392 
68.801437 
