12.745454 
20.557180 
15.453186 
13.597511 
13.710583 
15.541563 
11.247897 
29.618720 
13.837158 
13.935327 
15.365079 
13.069763 
13.410412 
15.729344 
15.828762 
12.166105 
13.177478 
16.008749 
13.394542 
14.507742 
13.412479 
15.928630 
13.268372 
14.267296 
15.856414 
15.407084 
13.944996 
12.796009 
13.375068 
14.828836 
16.084774 
12.891529 
13.951146 
12.872653 
15.820384 
12.745320 
14.305990 
13.874739 
15.699658 
17.480153 
15.542972 
13.840319 
16.043702 
15.322684 
13.214256 
13.040579 
23.095127 
12.877877 
12.032909 
14.898302 
14.221870 
11.714794 
13.014382 
13.779242 
12.651486 
16.171589 
14.257316 
18.067482 
11.775930 
13.017894 
13.386931 
11.457876 
13.537628 
11.758777 
11.867243 
14.558185 
13.687950 
16.510903 
13.923348 
14.930068 
15.566075 
12.172225 
13.641993 
12.136628 
13.034060 
12.074039 
14.466725 
13.143582 
13.711628 
12.928681 
12.920563 
17.118256 
13.467849 
12.918416 
12.446302 
12.438090 
14.358412 
13.683645 
12.017669 
12.851749 
12.927757 
11.925352 
13.185572 
11.806196 
20.897838 
19.430640 
24.516773 
24.351084 
23.205082 
25.101281 
