13.067483 
13.676250 
23.321346 
14.078364 
14.824427 
14.456959 
15.164487 
18.243486 
13.421645 
13.210291 
12.084314 
17.878987 
13.946655 
11.928500 
14.775798 
19.172498 
11.626105 
11.746921 
12.624136 
13.789798 
24.746191 
26.410151 
11.470903 
12.302311 
15.019014 
12.102772 
19.020660 
12.313339 
13.131067 
12.690953 
11.410713 
13.936202 
15.608889 
14.996350 
13.844052 
11.263083 
12.660367 
12.359677 
12.980267 
14.060288 
11.371563 
12.029270 
11.080378 
12.364693 
12.604524 
14.944720 
14.165085 
12.450577 
12.811800 
12.846102 
34.027847 
11.355396 
13.325486 
15.064465 
12.827290 
11.563029 
12.184920 
13.227131 
11.734863 
19.502949 
12.824323 
13.619008 
13.318593 
11.460336 
12.795272 
12.743964 
13.483815 
13.944484 
13.919746 
11.728066 
18.476398 
17.632704 
12.583800 
14.108050 
11.795796 
14.230315 
26.878550 
12.870082 
13.422565 
22.657040 
14.464293 
13.058679 
13.883551 
14.983353 
15.892455 
19.276519 
17.412769 
20.006619 
34.143886 
13.512534 
21.543751 
18.860164 
26.441103 
26.349658 
28.980998 
29.337609 
26.688922 
26.605097 
37.412900 
39.038004 
