13.021068 
13.566610 
20.488775 
14.073657 
14.614384 
14.530330 
15.183633 
16.419617 
13.808361 
13.406394 
12.319487 
18.173443 
14.230061 
14.678261 
18.523504 
11.715832 
11.796608 
12.775565 
14.073444 
22.312028 
23.144507 
11.785181 
12.276643 
15.165464 
12.369571 
13.118267 
12.538350 
13.366100 
12.650658 
11.428608 
14.022829 
15.032483 
15.037330 
13.962932 
11.304157 
12.820603 
12.352846 
13.069812 
14.237735 
11.504340 
19.353446 
10.662482 
12.516751 
12.662719 
15.096583 
14.261045 
12.558330 
20.307679 
12.998815 
27.849791 
11.444609 
13.366824 
15.202823 
12.812615 
11.524468 
12.415912 
13.459065 
11.760506 
13.352602 
13.056214 
13.648638 
13.375163 
11.509046 
12.827005 
12.853157 
13.627806 
14.058354 
13.972898 
11.765111 
17.425749 
16.620083 
12.667894 
13.752681 
11.931605 
14.453411 
21.039010 
12.983676 
13.531954 
19.931893 
14.455812 
12.644018 
13.349423 
14.157562 
14.881041 
17.493595 
15.724504 
17.131161 
25.487233 
13.587975 
15.104231 
21.334527 
21.295702 
21.834484 
22.295428 
21.407130 
21.284826 
25.819440 
26.155438 
18.436849 
23.061498 
