12.950906 
11.251672 
19.411018 
14.093292 
14.737240 
15.611313 
15.835220 
13.908580 
13.723269 
12.263601 
18.191539 
14.189203 
14.679556 
18.164939 
11.748257 
11.785849 
12.725251 
14.171430 
21.315265 
22.608613 
11.700236 
12.445378 
14.956461 
12.387475 
12.920128 
12.567188 
13.382103 
12.552916 
11.767471 
14.087848 
14.720031 
15.139790 
13.937689 
11.334393 
12.909170 
12.424198 
12.372708 
14.174785 
11.481716 
18.394054 
18.852054 
12.446674 
12.659513 
14.970249 
15.643471 
12.585569 
19.429524 
12.863517 
28.092135 
11.451285 
13.462316 
15.210502 
12.886252 
11.479691 
12.344176 
13.431605 
11.725362 
13.300360 
12.976683 
13.604378 
13.306263 
11.654233 
12.944029 
12.900954 
19.027167 
13.988216 
14.034235 
11.195918 
16.979349 
16.292339 
12.638604 
13.620834 
11.869109 
12.510766 
19.561848 
12.811724 
13.265367 
19.185366 
12.469227 
13.186451 
13.743385 
14.369288 
16.906031 
15.163116 
16.129566 
23.080468 
13.756804 
14.844495 
18.050903 
18.550571 
20.692009 
20.950940 
19.402451 
19.288629 
23.081622 
22.897739 
16.709807 
21.244058 
22.461763 
25.184619 
