13.008647 
11.257238 
18.514713 
14.060808 
14.746546 
15.673911 
15.346893 
14.064810 
13.914108 
12.335355 
18.561417 
14.282151 
14.688187 
18.047782 
11.717395 
11.862657 
12.662127 
14.377878 
20.497472 
21.374693 
11.799437 
12.328863 
15.117064 
12.512440 
13.024974 
12.601815 
13.430388 
12.678744 
11.557603 
14.084386 
21.117325 
15.174109 
14.109139 
11.500791 
12.967224 
12.462099 
12.511697 
14.196547 
11.489024 
10.627932 
12.616711 
12.968827 
15.152399 
15.826858 
12.661168 
18.813128 
12.972821 
19.023018 
11.448181 
13.508704 
15.281024 
12.861682 
11.542005 
12.451071 
13.551991 
11.838627 
12.932615 
13.168290 
13.707916 
13.432269 
11.698801 
12.935618 
13.079199 
18.582356 
14.126709 
14.081978 
11.073286 
16.630760 
15.986434 
12.686374 
13.726505 
11.972591 
12.724523 
18.469679 
12.941338 
13.407796 
18.478734 
12.559559 
13.241948 
13.369143 
14.162307 
16.347668 
14.677023 
15.383570 
21.256962 
13.843526 
14.711573 
16.851091 
17.391625 
18.242217 
18.673432 
17.760748 
17.624372 
20.986986 
20.414241 
21.853727 
19.148796 
14.674074 
19.981443 
25.107874 
