13.144068 
11.148151 
16.489707 
14.552098 
15.746335 
15.887511 
14.600976 
14.359710 
12.900964 
12.842500 
17.535278 
15.061595 
15.304242 
17.569050 
11.810895 
11.825275 
12.696954 
15.317795 
18.962908 
19.723332 
12.308433 
12.517119 
14.867740 
13.290920 
13.333192 
12.545227 
21.385164 
12.993187 
12.146466 
14.740972 
17.808537 
12.878447 
14.606015 
11.537629 
13.683523 
14.131272 
12.383267 
14.595364 
11.873899 
11.026637 
12.499403 
13.295794 
14.949405 
16.106090 
12.856837 
14.087092 
12.777932 
15.664131 
11.768921 
13.026638 
15.183154 
12.784812 
12.174344 
12.328775 
14.117314 
12.520120 
13.299694 
13.116830 
13.652984 
13.377349 
13.596242 
12.788446 
12.127300 
17.384721 
13.946357 
11.445394 
16.268990 
14.810601 
12.665207 
13.754555 
12.166315 
15.132709 
16.402425 
13.326424 
13.331442 
17.953435 
12.470011 
13.125532 
12.795257 
13.351037 
15.083104 
13.793835 
14.191918 
17.963797 
12.360568 
15.007000 
16.796667 
13.580831 
15.052299 
15.172598 
14.330218 
14.209878 
17.256706 
15.882422 
23.450796 
15.496846 
14.728287 
16.911119 
22.639716 
22.780074 
