13.216582 
11.171124 
16.375988 
13.497832 
15.793472 
15.947655 
62.653626 
14.388933 
13.035652 
12.846386 
17.460202 
15.113333 
15.269319 
17.556145 
11.782678 
11.849717 
12.682837 
72.079266 
18.855965 
16.220815 
12.351051 
12.647072 
14.900267 
13.296735 
13.236265 
12.520445 
19.722896 
12.989801 
11.935642 
14.837330 
17.574167 
12.935259 
14.628630 
11.537606 
13.762251 
14.201094 
12.423129 
14.614149 
11.873519 
10.896993 
12.386858 
13.188130 
15.007187 
16.268459 
12.955099 
12.652518 
14.027870 
11.801030 
13.119480 
15.169366 
12.937581 
12.169385 
12.321313 
14.216427 
12.534353 
12.928384 
13.073737 
13.693186 
13.380203 
13.668706 
12.885609 
12.198599 
14.177660 
14.023176 
11.352369 
16.311814 
14.902645 
12.677798 
13.801368 
12.204758 
15.154573 
16.108555 
13.294167 
13.307838 
17.799467 
12.486439 
13.139847 
12.768216 
13.289747 
15.115466 
14.048108 
16.810170 
12.446378 
14.804196 
16.311632 
13.337237 
13.181959 
13.993500 
14.090262 
13.982534 
16.950887 
14.729420 
21.341891 
15.129569 
14.206427 
16.421685 
19.759712 
19.694082 
113.505936 
110.530564 
