12.985016 
11.351537 
16.523386 
13.589104 
15.740676 
16.073414 
13.332806 
14.675632 
12.866416 
12.924680 
16.945275 
15.349846 
15.400562 
17.742410 
11.843529 
11.945212 
12.734817 
18.887260 
16.283754 
13.102610 
12.712580 
14.843277 
21.928200 
13.992394 
12.598832 
19.489869 
12.939076 
12.009843 
14.907619 
17.376653 
12.989464 
13.712271 
11.089373 
13.847671 
14.092793 
25.413373 
14.842826 
11.957171 
11.143501 
12.413866 
13.227445 
14.610142 
12.986032 
12.480710 
14.009256 
11.897128 
13.196388 
15.248544 
13.014893 
11.862529 
12.333675 
14.938603 
11.736767 
12.867146 
13.106847 
13.854529 
13.406729 
13.708183 
12.955468 
12.346116 
14.179630 
14.044711 
11.185560 
15.542108 
14.269001 
13.339162 
13.583356 
11.606423 
14.931587 
13.793021 
13.557857 
13.267705 
17.657217 
12.529218 
13.470814 
12.836480 
13.332188 
14.744479 
13.128089 
14.645793 
12.449352 
14.670521 
16.229522 
26.094701 
13.160545 
13.992374 
14.029084 
13.886708 
14.629813 
23.415696 
20.680768 
15.189743 
13.801723 
16.075432 
19.106901 
19.079170 
25.908633 
26.729570 
35.529622 
32.892052 
