13.078668 
12.487395 
14.838527 
12.835299 
13.180423 
13.039748 
16.913114 
15.575947 
15.861926 
15.251575 
12.329652 
14.524663 
12.620205 
16.008533 
14.138637 
13.280320 
13.261256 
14.911400 
20.840773 
14.030795 
11.631905 
33.267393 
12.941839 
12.495401 
15.243532 
15.875638 
12.642194 
13.807751 
19.362666 
13.781082 
12.830636 
20.206728 
15.328150 
12.280598 
11.279699 
12.704971 
14.913781 
11.167781 
12.908762 
13.197032 
12.431402 
11.419536 
14.083035 
13.181792 
11.959365 
15.261315 
11.756057 
12.409631 
78.389076 
11.456595 
12.532533 
13.057752 
13.174697 
12.381368 
14.237528 
13.327675 
11.128909 
15.067273 
13.204110 
12.464127 
14.147692 
11.795214 
22.653383 
13.213594 
13.833171 
13.019073 
16.387656 
52.426954 
13.890848 
13.012580 
30.289336 
13.094388 
12.113897 
14.054702 
12.440054 
14.548854 
14.905431 
19.813690 
12.816760 
15.122873 
13.917179 
11.885552 
13.702166 
21.434246 
17.821130 
15.324910 
12.696932 
14.930936 
14.321055 
16.260653 
23.541801 
24.042309 
24.561845 
22.113005 
23.091063 
23.172110 
43.063425 
43.325337 
109.573455 
111.994715 
