12.781305 
20.226657 
15.456103 
13.607192 
13.717844 
15.559290 
11.258020 
28.401219 
13.942492 
15.371305 
108.875452 
13.329354 
15.647322 
15.736841 
12.116484 
13.191826 
16.077239 
13.398860 
13.936964 
13.258571 
13.225451 
13.311832 
14.299558 
15.866585 
15.342031 
13.964035 
12.887451 
12.839110 
14.778079 
15.804825 
12.908348 
13.976491 
12.865247 
15.825452 
12.959918 
13.932081 
13.880846 
15.414076 
17.252214 
15.553897 
13.845124 
16.049551 
15.204107 
13.057550 
13.058803 
22.606731 
12.885381 
12.235593 
14.902855 
14.227398 
11.704075 
13.009044 
13.808488 
12.676642 
13.283095 
14.263274 
17.898847 
12.729387 
86.708107 
11.412830 
12.631670 
11.572928 
11.873039 
14.572507 
13.694159 
16.432941 
13.980725 
14.933022 
15.597752 
12.195510 
13.617050 
12.145163 
13.226606 
12.079088 
14.472203 
13.137207 
13.670240 
12.613707 
12.553442 
15.720406 
12.026376 
14.459506 
12.494409 
12.442129 
14.366889 
13.684945 
11.890457 
12.874580 
12.946173 
11.916531 
13.156671 
11.657520 
20.571177 
19.111888 
23.459765 
23.168990 
22.025142 
23.820749 
174.282343 
176.830141 
