12.659544 
12.557724 
14.812358 
12.814249 
12.833961 
12.896635 
16.763944 
16.854562 
16.054164 
14.961484 
12.394375 
14.615826 
12.921466 
16.108208 
14.100573 
13.292245 
13.392103 
14.768521 
11.939455 
13.925385 
11.983324 
27.150954 
24.013383 
12.699026 
15.444332 
12.808170 
11.835177 
18.527806 
14.028030 
13.000814 
18.860726 
15.446787 
12.415019 
11.319047 
12.794040 
14.609118 
11.268372 
13.092802 
13.155470 
12.541295 
11.500219 
14.150212 
13.265216 
11.185418 
13.185548 
12.367389 
38.821579 
11.512412 
12.626629 
13.172442 
13.308084 
12.426457 
14.320326 
13.528104 
11.094908 
14.954068 
13.386846 
12.260086 
13.104740 
12.863325 
20.762281 
13.221759 
13.947498 
13.123676 
16.174546 
31.646972 
13.428857 
23.433614 
24.836155 
13.113748 
12.002590 
13.673244 
12.526682 
14.433821 
14.411152 
18.065497 
12.761750 
14.998037 
13.698540 
11.757123 
13.944231 
15.187126 
17.264215 
15.485786 
12.245184 
14.696998 
13.893761 
15.732092 
15.162763 
16.124754 
21.975015 
19.464905 
19.873898 
20.070761 
31.782270 
31.950343 
49.598252 
52.157905 
30.929469 
28.475023 
