13.224485 
13.708324 
14.644539 
13.194352 
12.907903 
12.640615 
17.659099 
14.910411 
15.827190 
17.353121 
15.504078 
14.052178 
16.362892 
14.994657 
13.522430 
12.855599 
15.581339 
11.905941 
18.561037 
18.995799 
16.016693 
12.293445 
15.019121 
12.793721 
12.355608 
13.485692 
13.864161 
13.224505 
16.764352 
15.767341 
17.103522 
11.907495 
13.396577 
12.331372 
14.660944 
13.773786 
12.298879 
11.898046 
12.792679 
12.608742 
10.689627 
12.766543 
12.589362 
16.759494 
12.461258 
13.681321 
13.491931 
13.221325 
12.960635 
15.799030 
13.478962 
11.337534 
15.137798 
13.473621 
15.892555 
13.838220 
17.512518 
13.352405 
13.599387 
16.104444 
16.897620 
13.083734 
15.977879 
15.680853 
13.366986 
12.151479 
13.418448 
13.108376 
14.693305 
13.892226 
13.993674 
12.839773 
14.373103 
13.583200 
11.536296 
13.477104 
12.858961 
16.292679 
15.590784 
11.350929 
14.990384 
13.059202 
13.926202 
11.882982 
13.116286 
15.827027 
14.367988 
16.406111 
12.792364 
13.497293 
12.759563 
14.465033 
13.799511 
19.953776 
14.840651 
14.409961 
20.034574 
17.633766 
17.124435 
16.467326 
