11.159033 
13.394641 
12.267538 
12.521774 
12.300667 
17.893239 
14.480142 
15.842828 
17.177479 
15.952230 
14.147832 
12.984343 
16.234479 
12.911307 
13.079952 
15.109822 
11.157003 
15.408111 
16.527797 
16.317636 
13.003133 
12.337313 
12.275805 
13.332324 
13.115539 
15.960711 
16.425371 
14.727937 
13.761051 
12.835097 
23.005094 
14.244800 
14.314354 
14.005460 
12.203272 
12.286329 
12.992680 
12.573371 
10.609039 
12.650864 
12.258424 
16.531797 
22.373666 
12.397485 
14.943129 
12.654727 
15.345673 
30.083884 
12.954609 
13.188602 
13.884684 
14.271534 
17.060131 
12.598728 
13.394658 
14.694319 
16.587202 
14.076798 
17.631644 
15.243022 
13.442064 
28.172572 
13.301352 
13.433811 
13.616366 
13.541662 
13.375955 
14.605404 
15.711053 
13.277169 
14.505994 
13.697695 
14.122386 
11.775282 
14.479786 
14.391052 
12.077028 
11.816805 
12.352691 
15.470192 
14.001201 
16.271222 
12.709404 
12.605636 
12.224502 
13.981301 
13.261827 
18.874243 
14.549210 
13.390225 
15.405415 
14.518301 
12.847884 
12.530355 
15.191311 
15.283952 
26.944831 
26.901056 
38.968242 
38.889901 
