11.386701 
13.271429 
12.322315 
12.604913 
12.369444 
18.285602 
14.659350 
16.093357 
17.137989 
16.202418 
13.631929 
12.515578 
16.336614 
13.152139 
13.197516 
15.525427 
11.250562 
15.272664 
14.537114 
16.261939 
13.109072 
12.334782 
12.482868 
13.384532 
12.933137 
15.914983 
16.632375 
14.757949 
13.568591 
13.119335 
18.176293 
14.328956 
14.408877 
14.146091 
12.249869 
12.344116 
13.302949 
12.695067 
10.719506 
12.862592 
12.497061 
16.494410 
17.228695 
12.460291 
14.992621 
13.051518 
15.350194 
13.195675 
13.058546 
13.246777 
14.410199 
14.582062 
12.933492 
13.674387 
14.781670 
16.848194 
14.358648 
14.650273 
18.637188 
13.553424 
12.688277 
13.401261 
13.509790 
14.043758 
13.513967 
13.446576 
14.693330 
15.227756 
13.493119 
14.717660 
14.014162 
14.224238 
12.544477 
14.797941 
14.461000 
12.140898 
12.029242 
12.495759 
15.297847 
19.368377 
16.534831 
18.681066 
12.500684 
12.014319 
14.164490 
13.512284 
15.642111 
14.767583 
13.453710 
13.363011 
13.628602 
12.553410 
12.172559 
13.978569 
14.323262 
17.324070 
17.278880 
14.432602 
21.407284 
19.428657 
