11.400862 
13.046378 
12.267683 
12.682212 
12.404979 
17.991748 
14.693054 
16.130254 
14.236614 
16.311954 
13.773670 
12.798682 
16.444876 
13.232005 
15.572753 
11.308375 
15.396183 
14.725137 
16.235637 
20.936992 
12.845420 
12.381152 
13.117125 
12.934993 
15.778547 
16.471228 
14.930831 
13.786467 
13.175671 
13.928766 
13.981899 
14.171792 
12.621435 
12.403315 
13.736222 
13.376956 
10.714155 
12.809061 
12.514688 
15.757021 
15.742431 
12.448586 
22.626315 
13.179699 
15.211675 
12.734945 
13.081706 
13.281927 
14.488272 
14.548319 
13.142774 
13.768835 
14.651310 
16.831940 
14.444176 
14.886250 
15.899764 
13.579405 
12.736534 
13.495720 
13.455033 
14.047707 
13.341880 
13.482961 
14.716031 
15.116023 
13.686890 
14.806302 
13.681293 
14.198985 
12.323595 
13.920915 
13.315664 
12.087678 
12.058026 
12.555196 
14.897678 
17.611851 
16.573240 
16.768370 
11.882082 
16.095888 
14.104500 
13.543425 
15.634343 
14.967500 
13.427384 
13.433153 
13.799237 
12.706642 
12.301117 
13.593231 
13.951762 
14.946777 
14.812116 
14.439403 
18.163944 
16.363571 
22.185750 
22.317375 
