12.263646 
14.366228 
12.008406 
12.101512 
14.886917 
12.589214 
16.538777 
14.201246 
17.450664 
13.701115 
12.942718 
16.711218 
13.565918 
13.422192 
11.079297 
15.827013 
14.538400 
15.647912 
17.479048 
13.535794 
12.480543 
11.596671 
13.224199 
16.765523 
14.221034 
15.143326 
14.207367 
13.739260 
13.798699 
13.195146 
14.241801 
13.053435 
12.879527 
14.253345 
13.938888 
11.725457 
11.925466 
12.943447 
14.840870 
14.549617 
13.798946 
20.578057 
25.349475 
15.014555 
12.767754 
11.481991 
13.490048 
14.269582 
12.116565 
13.499113 
15.605066 
13.928677 
16.334497 
14.611820 
15.529199 
13.708317 
12.157501 
12.706367 
12.894928 
14.051144 
12.628882 
13.482754 
14.753784 
14.986457 
13.790018 
23.522034 
13.555328 
14.284850 
12.383662 
13.781573 
13.260195 
12.093980 
13.849525 
13.940512 
14.862478 
24.947455 
11.527156 
14.698298 
13.693941 
12.873766 
15.573902 
14.644281 
24.883466 
13.251537 
13.622951 
13.077485 
12.767635 
13.612257 
13.987360 
13.403057 
12.878878 
14.371203 
14.725116 
16.136192 
16.272847 
27.503608 
30.166072 
15.701098 
29.838835 
29.438208 
