12.517776 
14.685905 
11.913318 
14.843368 
11.968551 
16.624184 
14.555429 
17.473274 
13.582923 
12.854949 
16.725570 
13.265303 
11.382095 
11.500472 
13.934285 
14.405773 
15.523459 
17.097079 
13.601406 
12.645983 
11.640640 
13.198989 
16.779510 
14.277255 
15.159666 
14.397089 
13.699569 
13.741738 
13.085267 
13.988032 
13.037914 
13.007599 
28.693984 
11.574812 
12.270260 
12.308252 
14.406957 
14.840138 
13.860004 
20.388060 
25.662458 
14.813938 
12.683395 
12.486563 
11.483802 
14.057312 
12.783480 
13.319107 
13.370035 
13.654533 
16.066819 
14.401144 
15.389602 
13.790944 
11.852982 
13.228430 
13.007492 
13.733984 
12.372608 
13.367348 
14.639788 
14.812383 
13.242451 
21.418398 
13.499385 
14.082221 
12.346127 
13.756305 
13.296334 
12.134066 
11.549603 
13.868580 
14.585375 
23.041761 
11.517903 
15.018227 
12.697304 
13.881237 
15.530650 
14.192322 
22.737304 
13.196255 
13.557298 
13.366476 
13.044794 
13.502112 
13.766159 
32.964645 
13.593434 
14.211980 
14.446948 
15.654247 
15.771768 
23.855995 
26.387046 
16.016785 
26.337808 
25.971975 
40.761006 
41.932869 
