12.968739 
14.712235 
11.878375 
14.037849 
12.084663 
16.675602 
14.563536 
17.465759 
13.536937 
12.830671 
16.750232 
13.326991 
11.577611 
13.991934 
14.355279 
15.303136 
16.978456 
13.647676 
12.431119 
12.890526 
13.206455 
16.808592 
47.656423 
15.178024 
14.433575 
13.748286 
13.625342 
12.783377 
14.128390 
13.054961 
13.025420 
27.103159 
11.496583 
12.703682 
12.358257 
11.709031 
14.773669 
13.880103 
20.308677 
19.017369 
15.291367 
12.693901 
12.549760 
11.545957 
13.543334 
11.286635 
13.233448 
15.005067 
13.755642 
15.302648 
14.084488 
15.411663 
13.837073 
11.894053 
13.267315 
13.042740 
13.852214 
12.618073 
13.391276 
14.717615 
14.664582 
13.234527 
20.119082 
13.313724 
14.127525 
12.077463 
13.723074 
13.334821 
12.124401 
11.669927 
13.795847 
18.023595 
11.774347 
14.781837 
13.171949 
10.900812 
15.477521 
13.236183 
19.868176 
13.150085 
13.544071 
13.403068 
13.091104 
13.482532 
13.758686 
30.184289 
13.103391 
14.233409 
14.393714 
15.446623 
15.571415 
18.713973 
51.695101 
15.006971 
23.162565 
22.854667 
36.520923 
37.726590 
70.872701 
75.811639 
