18.718277 
14.755423 
11.878372 
14.103781 
12.122978 
16.721610 
14.474588 
17.382835 
13.493717 
12.652750 
16.745251 
13.346472 
11.616163 
14.039629 
14.271388 
15.288032 
16.890683 
13.656161 
12.539755 
12.990019 
13.142114 
16.801153 
68.085844 
15.128092 
14.427077 
13.463823 
13.636276 
12.862473 
14.311577 
12.975954 
13.048629 
25.670500 
11.508102 
12.648236 
15.019269 
11.552655 
14.871879 
13.889187 
20.227275 
19.076754 
15.662544 
12.601481 
12.608042 
11.906450 
18.244841 
11.551511 
12.502488 
14.445061 
12.029756 
13.244724 
13.968750 
15.482804 
13.831420 
11.909478 
13.362537 
13.031798 
15.799228 
13.854254 
13.425856 
14.741494 
14.007025 
13.126712 
12.102250 
13.346969 
13.918918 
12.068025 
13.658400 
13.265241 
12.091084 
11.645110 
16.893881 
18.214576 
11.598061 
14.521803 
14.134196 
10.909067 
15.349476 
11.013340 
13.105984 
13.377978 
13.436562 
13.101622 
13.222379 
13.449891 
27.600328 
13.155905 
14.192956 
15.695663 
15.278224 
15.416547 
18.400411 
19.302089 
15.344044 
18.213178 
17.748940 
32.576417 
33.800818 
46.146301 
89.700821 
95.510406 
