18.892686 
14.733253 
11.949236 
14.504835 
12.246730 
16.633788 
14.522269 
17.169240 
13.543535 
12.698759 
16.764971 
13.382317 
11.673605 
13.961277 
14.382756 
15.408949 
16.615995 
13.613196 
12.728786 
13.214980 
13.054233 
16.752594 
13.651249 
15.115516 
14.350826 
13.482641 
13.923076 
14.121449 
12.903478 
13.042517 
24.016778 
11.665201 
12.891751 
14.811358 
11.688352 
14.137439 
13.828705 
19.988047 
18.789428 
15.816247 
12.558831 
12.641625 
12.247879 
18.309545 
11.734537 
12.538782 
14.337349 
12.301543 
13.498910 
14.084430 
15.630125 
13.919205 
12.121968 
13.550055 
13.064444 
14.776380 
12.894472 
13.422992 
14.743746 
14.073925 
13.242859 
12.250031 
25.468256 
13.994172 
12.165683 
13.763700 
13.361819 
12.188372 
11.818228 
16.271701 
30.858153 
11.708082 
14.589392 
14.374753 
10.927849 
15.387286 
11.139497 
13.167310 
13.455896 
13.303596 
13.066903 
13.209839 
13.443807 
24.649977 
12.669387 
14.239634 
15.463103 
14.856586 
15.019565 
17.990714 
18.643819 
15.552341 
18.097381 
17.806451 
28.214009 
29.396076 
14.047526 
15.087713 
31.287043 
31.701206 
