19.004808 
13.279889 
12.007165 
14.576460 
12.360777 
16.498971 
14.529232 
17.399049 
13.562399 
12.671839 
16.682986 
13.509898 
12.202517 
13.930171 
14.375061 
15.461288 
16.288545 
13.504359 
12.792905 
13.261829 
12.777116 
16.388678 
13.689367 
15.114289 
14.293890 
13.278825 
13.847220 
13.773910 
12.817750 
13.178170 
23.652955 
11.737503 
12.993255 
14.023104 
11.726163 
14.575210 
13.842138 
19.784272 
18.473903 
15.535247 
12.043458 
12.416001 
18.271414 
11.814353 
12.315053 
14.383484 
12.912409 
13.604477 
14.079858 
15.655956 
12.968680 
20.561409 
13.136561 
14.312696 
11.854008 
13.190098 
14.549748 
13.931325 
12.246741 
12.712074 
24.142399 
13.665922 
12.198977 
13.784577 
13.343468 
12.141179 
21.109819 
15.966349 
28.930891 
11.730534 
14.660507 
14.441850 
10.947774 
15.421965 
11.157274 
13.189593 
13.473317 
13.272540 
13.031304 
12.978746 
13.030929 
24.011173 
12.800589 
12.830832 
15.112392 
14.552314 
14.705271 
17.462881 
17.980759 
15.636310 
18.180844 
17.835414 
27.162642 
28.385802 
13.505738 
14.775190 
28.460642 
28.822200 
24.143451 
23.844967 
