18.088403 
13.046792 
14.613792 
14.528660 
12.918504 
15.400657 
15.323304 
16.691621 
14.633042 
11.600741 
12.117412 
13.082986 
13.693141 
12.860256 
12.622778 
14.799335 
13.401484 
12.895499 
13.366011 
13.318585 
16.426245 
13.534369 
13.258387 
12.578809 
13.535668 
13.541887 
13.431958 
14.518643 
18.321537 
11.867987 
13.255730 
13.815918 
11.862964 
14.219916 
13.047747 
16.221500 
17.269193 
15.362092 
12.460277 
12.494808 
16.937876 
11.989439 
12.734803 
14.480230 
47.477368 
13.864542 
12.142436 
12.308820 
12.850908 
18.729309 
12.830587 
14.177182 
12.931855 
13.975338 
14.257375 
12.706537 
13.146274 
19.791162 
13.189965 
11.078064 
12.797300 
12.903172 
21.761792 
19.578243 
15.834477 
23.319848 
11.840463 
14.876867 
14.686450 
10.989221 
14.462193 
11.090783 
10.647638 
11.951368 
13.577231 
13.955668 
13.472094 
18.914645 
12.764257 
13.181094 
15.066529 
22.491498 
12.673198 
15.170035 
15.634294 
15.887860 
16.124223 
15.752894 
18.896378 
19.362288 
42.589979 
14.868208 
20.524247 
20.775713 
20.560681 
20.308871 
27.341557 
25.191330 
68.526728 
70.881014 
