17.439031 
14.945099 
14.464951 
14.722467 
12.629850 
15.592248 
15.498718 
16.462422 
14.757208 
11.699260 
20.447542 
15.050012 
13.043524 
12.658562 
14.395727 
13.465412 
13.032570 
13.736440 
13.071813 
15.703842 
13.914695 
13.331456 
20.874384 
13.608469 
13.445179 
13.526098 
14.475582 
16.598057 
11.813889 
13.313226 
13.881439 
12.144998 
14.360997 
12.562316 
15.635601 
16.689626 
15.257515 
12.143249 
11.440257 
16.462597 
12.220351 
14.095247 
14.755171 
17.078152 
14.332035 
12.361909 
12.491049 
11.923396 
12.145646 
13.726379 
12.894669 
13.905312 
14.688994 
12.168402 
13.926251 
17.466757 
13.194733 
11.055874 
12.804004 
12.805354 
17.440773 
12.219458 
14.409049 
19.792306 
11.981149 
15.238524 
15.249705 
11.212818 
14.562466 
11.330165 
10.687073 
12.203974 
13.581173 
14.042805 
14.317277 
17.228890 
12.795171 
15.942753 
14.833367 
18.886044 
12.126797 
13.760512 
14.286762 
16.427131 
14.561040 
14.059974 
15.354422 
15.788858 
18.706527 
15.168842 
15.805940 
16.031829 
14.375367 
13.012551 
20.108989 
18.077533 
18.571792 
18.366227 
23.349131 
24.284662 
