12.323884 
14.358231 
14.403447 
13.505392 
13.807613 
15.645495 
11.197884 
22.111480 
13.999613 
15.392324 
12.895441 
13.312103 
15.559501 
12.360436 
12.056670 
14.044321 
13.392945 
13.348536 
14.629870 
13.376668 
12.912036 
13.496059 
13.860308 
15.816258 
15.256868 
13.915215 
12.554940 
13.054807 
14.865092 
15.551920 
12.932692 
14.059562 
13.065428 
13.308440 
12.799972 
13.704914 
13.836625 
15.640134 
16.463659 
14.812714 
16.001629 
15.077434 
13.052029 
12.802515 
21.462764 
12.937155 
12.257725 
13.589408 
14.465858 
46.795334 
13.713222 
12.616712 
13.284107 
13.165663 
17.245276 
12.961199 
50.157094 
11.297721 
12.879446 
11.635475 
11.819840 
14.588809 
13.447510 
16.048542 
13.055463 
11.652984 
14.848628 
12.061980 
11.703798 
13.337017 
12.385896 
14.314195 
13.058100 
12.212569 
87.105727 
12.221347 
15.783557 
12.102386 
14.633793 
12.542863 
11.767393 
41.676019 
13.548878 
11.741880 
11.578853 
15.020508 
12.347811 
14.480941 
11.554472 
19.432822 
17.969973 
55.315691 
20.033093 
21.976513 
82.649405 
80.173951 
66.309348 
68.806824 
82.091270 
85.036722 
