17.331663 
14.996093 
14.441671 
14.752221 
12.594719 
15.512574 
16.079347 
58.176948 
14.671435 
11.680765 
11.560151 
14.840543 
13.031125 
12.656244 
14.392889 
13.465705 
13.038574 
13.782359 
13.096108 
15.701780 
13.907528 
13.231125 
12.895205 
13.661285 
13.467379 
13.502602 
14.540804 
59.230015 
11.810737 
13.290506 
13.887477 
12.286837 
14.132105 
12.599348 
15.713844 
16.648811 
15.278739 
12.135056 
11.079343 
16.398531 
12.223947 
14.125576 
14.816823 
16.741841 
14.375416 
12.373969 
12.534709 
11.908289 
12.233039 
13.727592 
12.926461 
13.945014 
14.693692 
12.158971 
13.940033 
17.361986 
13.227902 
11.057382 
12.834730 
12.905191 
17.286473 
12.155324 
14.386542 
19.553335 
12.074836 
15.782578 
15.327850 
11.247191 
14.571901 
11.378564 
10.685842 
11.913973 
13.420672 
14.043900 
14.318382 
15.689578 
12.613081 
15.849051 
14.840064 
18.647953 
12.085650 
13.649174 
14.172845 
16.477015 
14.403119 
13.907534 
13.287567 
18.434617 
15.193870 
15.522453 
15.750201 
14.188638 
12.825076 
19.741959 
17.629760 
18.094419 
17.871112 
13.532884 
93.805657 
90.716831 
