16.653396 
13.233097 
14.517583 
14.854591 
12.664239 
15.439531 
15.750864 
16.493068 
14.688545 
11.627843 
11.679329 
15.064779 
13.116586 
12.680201 
14.269490 
13.278451 
13.025906 
13.935317 
12.774052 
12.938030 
14.011697 
13.190314 
13.004462 
13.681386 
13.390515 
13.535422 
43.334562 
15.087430 
11.855268 
13.292966 
13.842103 
12.244564 
14.571410 
11.807300 
15.688305 
16.382142 
15.500226 
13.554296 
11.319918 
15.862146 
12.178569 
14.138116 
14.840260 
17.499248 
14.483944 
12.455805 
12.515861 
12.224520 
31.366716 
12.895781 
13.898746 
15.296523 
13.179690 
13.456932 
16.501919 
13.167847 
10.997592 
12.730798 
12.694726 
15.677902 
12.107274 
14.820041 
35.295229 
12.029357 
15.678223 
15.451425 
11.220151 
14.571668 
11.319651 
10.750554 
11.943286 
13.470856 
14.077562 
12.515864 
42.437467 
12.801664 
14.121669 
17.501386 
11.918828 
13.174030 
13.732562 
16.555541 
13.492677 
13.026207 
13.258889 
17.264757 
15.380902 
13.980771 
14.180680 
13.619064 
11.156160 
17.204376 
15.058498 
16.215739 
15.696678 
13.621902 
60.407179 
63.449957 
39.005173 
44.969896 
