16.470810 
13.874290 
14.448643 
14.736816 
12.608644 
15.367175 
15.730596 
14.543551 
14.711944 
11.725505 
11.633994 
14.840046 
13.189024 
12.575434 
14.191747 
13.177657 
12.785675 
13.767491 
12.897663 
13.481886 
13.563391 
13.177929 
13.067656 
13.736051 
13.419506 
13.602552 
23.254538 
22.936640 
11.724372 
13.187328 
14.031566 
14.465099 
14.332675 
12.346943 
15.557375 
15.735253 
15.742632 
13.870867 
11.511795 
16.232741 
12.026993 
14.756928 
17.353900 
14.372747 
12.588347 
12.353615 
12.975665 
23.111191 
12.983323 
14.021804 
15.617082 
13.501003 
13.948579 
15.834643 
13.242188 
10.842966 
12.569663 
12.493249 
14.914097 
12.199597 
14.918437 
26.895241 
11.994412 
13.200735 
14.164681 
12.243023 
14.444210 
11.628679 
10.717799 
11.934878 
13.439003 
14.297417 
12.835120 
22.862670 
12.410208 
14.289001 
20.410621 
12.960297 
13.469352 
15.790496 
13.570846 
13.078514 
12.741739 
16.496236 
15.082199 
12.898910 
13.151286 
13.359814 
10.859681 
16.087137 
13.805930 
15.189138 
14.507049 
13.620415 
25.201043 
25.610643 
23.122138 
28.805670 
27.196007 
23.525164 
