13.612909 
14.138989 
14.609560 
14.955361 
12.715270 
15.300824 
15.686120 
39.875026 
14.896630 
11.671899 
11.654791 
14.490609 
13.733644 
12.754368 
14.149064 
13.195685 
13.033953 
13.861814 
33.364114 
13.544968 
13.213715 
13.085553 
13.838161 
13.441720 
13.607592 
20.217787 
20.353631 
11.924831 
13.548236 
14.164615 
13.438198 
14.526377 
23.472240 
15.675393 
16.102148 
13.663730 
11.536940 
14.041922 
12.348386 
12.905346 
16.885020 
13.965944 
10.908058 
11.572652 
12.689133 
20.284845 
13.057798 
14.108369 
15.441830 
13.032721 
15.394886 
13.291869 
10.892803 
12.281370 
12.316959 
14.449485 
12.364674 
15.064789 
23.554382 
11.705915 
12.803385 
11.292200 
12.408346 
14.961350 
10.954273 
11.919360 
13.476755 
21.959026 
12.167118 
19.996942 
12.126688 
13.715509 
17.307547 
12.887386 
13.362171 
15.783052 
12.911655 
13.254684 
12.664982 
15.846393 
15.018997 
12.234852 
12.502936 
12.484234 
10.245029 
15.380288 
13.173120 
14.258679 
13.487818 
13.564287 
19.616580 
19.993457 
17.434514 
22.840352 
21.274060 
17.895959 
22.638664 
22.693063 
52.663609 
50.086435 
