13.573733 
15.032474 
14.137424 
13.176880 
12.458163 
15.095320 
15.965538 
14.585059 
14.694971 
11.252675 
11.460247 
14.355964 
13.461152 
11.694396 
13.661577 
13.600424 
12.656818 
13.603757 
33.453471 
13.878709 
13.233999 
12.943278 
22.189202 
13.576123 
13.787872 
25.003896 
18.489466 
11.308896 
13.347284 
14.709103 
13.688452 
14.828327 
15.760842 
15.880897 
14.368998 
14.009676 
11.661859 
14.118465 
12.225815 
12.702423 
17.299209 
13.897963 
10.852031 
12.540699 
13.402546 
19.399907 
12.367512 
15.040542 
14.996152 
13.020775 
12.961826 
12.387666 
11.670341 
13.205218 
12.302089 
15.833945 
15.446855 
22.189871 
12.948685 
11.316748 
12.456180 
15.085081 
10.696145 
11.811812 
13.284169 
15.794310 
11.810096 
18.144524 
12.211756 
14.375616 
15.140520 
13.311190 
18.322371 
15.825543 
12.941841 
13.226642 
12.794644 
16.363797 
15.734512 
12.432255 
12.407746 
10.296254 
14.277444 
12.305934 
14.125692 
13.182345 
13.411611 
15.871093 
16.142057 
17.197383 
17.813169 
17.001128 
14.151729 
26.374393 
21.879994 
22.101380 
26.718605 
26.294612 
35.182713 
35.256582 
