13.801662 
15.038294 
14.417500 
13.513073 
12.621821 
13.085675 
16.170199 
15.940790 
15.042757 
11.821703 
11.475687 
14.833017 
13.823513 
11.919645 
14.770563 
13.178694 
24.088443 
15.354716 
13.896312 
13.483882 
14.296161 
12.679459 
12.730192 
13.770099 
18.152380 
17.831666 
11.781081 
23.305436 
13.062550 
14.026660 
15.532999 
16.633400 
15.517210 
16.470817 
12.693544 
12.394581 
14.260871 
12.566632 
12.391215 
15.355865 
14.061036 
11.072349 
12.819777 
13.809010 
17.166445 
12.306686 
13.777354 
14.955404 
13.585351 
12.604978 
11.797431 
13.857083 
12.518999 
15.344659 
15.147983 
12.968181 
13.438667 
11.430276 
12.534130 
15.407155 
10.886743 
11.917590 
13.462553 
13.720732 
13.794677 
17.469359 
12.294434 
15.569918 
13.633084 
12.656670 
16.139630 
15.743006 
13.310241 
13.292375 
13.329872 
16.183935 
15.777570 
12.589280 
12.917954 
11.064812 
14.635425 
12.654939 
15.011431 
12.491510 
13.312585 
14.421935 
14.527811 
14.027533 
14.731955 
14.422754 
12.325560 
14.080476 
16.720330 
15.535947 
13.283032 
18.708549 
15.823781 
15.665007 
27.512436 
26.703385 
