13.707000 
14.897557 
14.724859 
12.137284 
12.747452 
13.287358 
15.625019 
15.721850 
15.230045 
11.831560 
11.673180 
15.189596 
13.826780 
12.353753 
15.218045 
13.294584 
19.996269 
15.472485 
13.285698 
13.685267 
14.710239 
13.212647 
13.431224 
13.906676 
17.806802 
17.388393 
12.288062 
20.696584 
13.325047 
13.651174 
15.172127 
16.734165 
14.767294 
15.006007 
12.641964 
12.673673 
14.041963 
12.498137 
12.313814 
15.533654 
13.802714 
10.959100 
12.539098 
13.775940 
17.397742 
12.926146 
13.311256 
14.899556 
13.797267 
12.324662 
11.502250 
13.085925 
23.116377 
14.913097 
15.712872 
12.566221 
13.063962 
11.200537 
12.245630 
15.183329 
11.073160 
12.142086 
13.710509 
13.715874 
13.738578 
16.952800 
11.869158 
25.799651 
13.709997 
11.757304 
15.157167 
15.285429 
13.354073 
13.105411 
12.921375 
15.902459 
14.883712 
11.422000 
14.666103 
12.242109 
14.959551 
12.591425 
13.571603 
14.195018 
14.139746 
13.707326 
14.109508 
14.230545 
12.234789 
14.308072 
16.053235 
15.584501 
12.492276 
18.159338 
14.858312 
14.759571 
21.671924 
21.195153 
27.230157 
27.456434 
