12.543160 
12.825752 
14.556120 
13.801819 
14.094607 
15.926223 
11.404222 
14.362125 
15.501605 
19.182928 
13.562965 
15.842355 
12.939544 
12.519050 
12.448683 
13.509319 
13.329693 
18.960500 
13.666595 
12.708812 
13.497614 
13.906167 
16.212400 
15.095740 
13.747176 
12.678590 
13.245651 
13.569058 
15.546546 
13.701319 
14.704758 
12.867889 
13.519176 
12.006545 
13.568232 
13.778424 
15.580232 
17.748226 
15.678332 
16.246457 
14.756672 
12.971005 
13.063794 
19.401496 
13.249353 
12.258927 
14.120578 
14.774653 
20.885172 
13.507465 
12.276674 
13.445800 
13.387886 
14.803005 
13.292776 
13.691429 
11.558524 
13.093938 
11.784203 
12.194010 
15.047566 
13.349361 
16.137884 
13.086396 
11.786874 
14.962769 
12.002587 
18.352028 
13.428661 
12.536569 
14.389465 
19.979019 
22.594505 
12.046613 
15.720278 
12.018881 
14.898095 
11.864811 
11.892534 
21.875854 
13.271255 
11.666338 
11.727295 
15.264653 
12.560421 
13.346090 
11.714837 
15.382681 
13.555987 
13.089692 
15.523868 
22.136516 
19.119951 
19.463227 
21.051749 
23.227472 
20.148533 
20.018335 
20.071717 
19.935051 
