13.524650 
13.958359 
14.539730 
12.314553 
12.565829 
12.995440 
13.474333 
14.836262 
12.027173 
11.636987 
15.326205 
13.767064 
12.105597 
15.053167 
12.918504 
17.881128 
15.405510 
12.728089 
13.519677 
14.169603 
13.636732 
13.980029 
22.235686 
16.758057 
39.653149 
12.341896 
18.085336 
14.172533 
16.345221 
15.579046 
14.822709 
12.505291 
12.600522 
11.681485 
12.390389 
12.391221 
13.070996 
13.370568 
10.632576 
13.562339 
13.528695 
12.689116 
12.827759 
19.444009 
14.952867 
13.890813 
12.239049 
11.048364 
13.541224 
18.383365 
14.138198 
12.789244 
11.204270 
13.146366 
10.857967 
14.627040 
20.063961 
11.941057 
13.766867 
13.570101 
13.605677 
15.335646 
12.034783 
21.668506 
13.410919 
17.833589 
12.925883 
15.857413 
13.179066 
12.253205 
13.197212 
14.125837 
14.241077 
11.880118 
32.549301 
13.247413 
14.684778 
13.556008 
13.078964 
12.882249 
14.994160 
14.007494 
11.831625 
14.132942 
15.144933 
15.342712 
12.698833 
17.560018 
14.024757 
13.902057 
16.879630 
16.414419 
18.402174 
18.758737 
17.803431 
21.104200 
48.668214 
46.247081 
26.111885 
24.975322 
