13.975107 
14.070619 
15.051487 
12.857629 
12.879447 
13.004528 
13.591378 
14.775818 
13.010275 
12.112040 
13.118552 
14.572718 
12.220299 
14.830709 
12.655419 
14.472113 
15.311992 
13.115351 
13.609611 
14.056912 
14.269009 
13.714415 
16.126095 
16.616707 
26.548505 
12.559159 
16.573140 
14.133369 
16.227364 
14.602137 
14.404994 
12.429125 
11.966697 
12.547137 
13.057725 
12.027263 
12.347783 
12.651039 
10.988171 
12.543381 
21.047287 
12.320183 
12.488150 
17.544793 
15.055139 
13.597574 
12.645360 
11.697303 
13.685571 
15.379894 
14.130929 
13.055748 
12.580984 
13.685004 
15.031823 
13.373059 
12.099633 
25.007929 
13.760431 
13.374928 
15.363033 
10.243789 
16.531336 
13.296304 
17.266268 
11.945972 
13.530027 
13.074981 
12.811856 
12.941300 
22.044913 
13.776697 
23.020777 
14.446544 
14.028215 
12.944720 
12.822450 
14.516630 
14.262558 
11.714027 
13.969087 
15.058493 
15.189510 
13.003512 
17.392792 
13.909085 
13.826732 
15.977341 
13.400369 
12.850910 
14.459118 
14.694524 
17.451458 
26.183384 
23.969024 
23.852939 
22.122514 
22.755314 
28.277339 
28.410810 
