15.148651 
14.195928 
16.110266 
12.930135 
14.446765 
13.820237 
13.506674 
14.527823 
11.463707 
13.362680 
19.041069 
13.089880 
13.545649 
13.252867 
13.560198 
14.602867 
12.716936 
14.616915 
14.752512 
14.622356 
12.738120 
16.801159 
15.874139 
16.439450 
11.340440 
13.469894 
16.069567 
13.043527 
13.003611 
12.131247 
12.537713 
12.062223 
13.221403 
12.638659 
12.055068 
13.963755 
16.096698 
12.323115 
12.677890 
15.693477 
13.746042 
12.978559 
12.144824 
13.131646 
12.960634 
13.378030 
16.199809 
14.607177 
15.635159 
13.849697 
12.231718 
17.525408 
26.408697 
15.120219 
15.105362 
10.526438 
15.621278 
14.062493 
15.722693 
12.425527 
15.211948 
13.124283 
12.977800 
12.758752 
15.013834 
15.382050 
17.793836 
15.410723 
13.991138 
12.615008 
12.508471 
13.655790 
13.148349 
14.228020 
14.610765 
14.765509 
14.609766 
13.107915 
22.843748 
13.804271 
16.351040 
11.852151 
13.499268 
11.386809 
13.266083 
12.809652 
13.618386 
15.402372 
12.963361 
13.113489 
13.696419 
13.863959 
14.359989 
13.716653 
12.907110 
13.249230 
18.187203 
17.364375 
26.492580 
27.924904 
