12.688182 
12.829399 
13.805148 
14.097274 
15.929754 
11.407214 
14.364846 
15.503549 
19.131193 
13.567376 
15.846959 
13.128118 
12.546795 
12.449438 
11.219333 
13.331438 
18.898245 
13.717826 
12.709444 
14.266063 
16.215637 
12.357744 
13.808982 
12.839767 
13.299687 
13.572287 
15.552317 
13.706256 
14.707903 
12.868907 
13.521302 
12.007595 
13.569265 
13.780936 
15.588759 
17.735159 
15.692526 
16.249045 
14.823427 
12.278454 
13.066318 
18.396531 
13.251906 
11.016906 
14.020880 
14.777325 
20.784339 
13.516802 
11.313765 
27.520765 
12.443816 
14.783905 
13.510252 
13.698849 
11.561957 
13.145274 
11.787424 
12.196550 
15.050767 
13.350049 
16.143122 
13.445501 
11.768063 
11.882682 
12.004438 
18.284203 
13.275569 
12.538288 
14.390462 
33.422439 
22.496843 
12.046896 
15.555722 
12.019955 
14.883430 
11.864478 
11.893340 
21.793121 
13.271231 
11.667447 
12.479954 
14.651490 
12.562616 
13.347734 
11.952908 
15.350985 
13.525839 
13.093212 
15.457794 
22.014515 
19.012826 
19.355710 
20.867961 
23.039627 
20.027855 
19.894928 
19.853080 
19.656691 
36.398094 
33.821791 
