13.810690 
14.104537 
12.889788 
15.390826 
13.003136 
12.916635 
12.080542 
13.556379 
15.127083 
13.381077 
14.005233 
12.987042 
13.628207 
14.093368 
14.290049 
14.103952 
12.251903 
16.352678 
23.161936 
11.759958 
13.605734 
13.685582 
12.700570 
13.248254 
12.387509 
12.245730 
12.961345 
12.701747 
13.752126 
12.358817 
14.478005 
11.828140 
12.272296 
15.176458 
13.380324 
12.046729 
12.864532 
12.351473 
18.974559 
12.855543 
16.165163 
15.193720 
14.594448 
11.676547 
16.360310 
20.612981 
15.312628 
16.792661 
39.052024 
13.420022 
15.516004 
15.635683 
15.193473 
14.994565 
13.428327 
13.524787 
11.675083 
14.105547 
13.797720 
17.920148 
14.667746 
13.736414 
16.895401 
13.446674 
23.969055 
14.726427 
14.319187 
13.958386 
18.311641 
11.981754 
18.780233 
13.224295 
16.110459 
12.172448 
13.826012 
11.163735 
12.833484 
11.697895 
14.420733 
11.568170 
13.075368 
13.687340 
12.426193 
19.308956 
12.926714 
11.880251 
12.310214 
14.434223 
13.781731 
18.342277 
17.526296 
18.340166 
18.242689 
20.880883 
18.058085 
30.158511 
29.335106 
33.745839 
53.875166 
56.672969 
