13.687769 
14.073738 
12.793959 
15.420610 
12.839931 
14.092367 
12.070749 
13.547371 
14.936390 
13.270060 
12.792383 
12.954700 
13.556794 
14.050427 
14.148595 
13.925483 
12.470770 
16.373635 
11.732331 
13.729292 
34.644552 
13.112119 
13.326298 
12.364671 
12.302989 
12.970334 
12.711366 
13.630339 
12.172290 
14.424380 
11.936250 
12.435252 
15.216479 
13.437626 
11.784349 
12.647154 
12.079656 
18.612116 
12.451071 
16.231177 
15.189516 
14.469372 
11.633065 
16.324641 
20.120690 
15.432567 
16.775035 
11.423046 
13.443052 
14.984165 
15.689943 
15.104392 
15.103492 
13.473298 
13.600715 
18.599027 
14.104136 
13.748502 
15.123059 
14.742584 
13.698834 
13.588809 
12.243998 
28.247710 
14.390012 
14.065146 
17.841346 
11.328263 
18.389963 
13.279686 
16.105424 
12.189976 
13.829199 
11.183634 
12.924864 
18.972986 
14.422666 
11.565037 
13.025515 
13.654764 
12.398044 
18.858041 
12.842791 
11.837490 
12.334391 
14.166615 
13.533201 
17.641193 
16.836707 
17.298916 
16.904967 
20.150594 
17.336613 
21.227953 
20.683026 
28.668951 
45.011912 
42.183303 
23.829075 
29.173747 
