13.764590 
12.362745 
12.596296 
12.856162 
14.206042 
12.492432 
12.644552 
14.562751 
11.030607 
12.612200 
12.974843 
13.431495 
14.119623 
14.040329 
13.815053 
12.407301 
16.170746 
12.515591 
13.735324 
33.318697 
13.146223 
13.328738 
12.115271 
12.288694 
12.837330 
12.623828 
13.474857 
12.163254 
14.392790 
11.899952 
12.502181 
15.138302 
13.442378 
12.117855 
12.601498 
12.032317 
18.478202 
12.497314 
16.267175 
15.169357 
14.305713 
11.859264 
13.902239 
19.583844 
15.446236 
16.908153 
11.460672 
13.356576 
14.953226 
15.688460 
15.311587 
15.039112 
13.481574 
13.593868 
18.579082 
14.106894 
13.766997 
14.963588 
14.651817 
13.226247 
28.828627 
12.113394 
28.034225 
14.317569 
14.125593 
17.691083 
11.395682 
18.182022 
13.301712 
15.359457 
12.169679 
13.470162 
26.800848 
18.550849 
13.719699 
11.542402 
13.051763 
14.900115 
12.132341 
18.579788 
12.689200 
11.804484 
12.318503 
13.592987 
13.217264 
17.177934 
16.377089 
16.995040 
16.615473 
19.913837 
17.250769 
20.739409 
20.291674 
27.395087 
42.348404 
39.568279 
23.699592 
28.815380 
37.314093 
37.578887 
