14.000198 
12.171145 
13.031286 
13.727872 
15.015668 
12.674883 
12.297896 
14.838447 
11.088217 
10.461616 
14.267910 
13.990387 
13.698941 
16.157344 
12.431450 
14.956454 
12.715188 
14.780877 
16.265975 
15.832738 
27.006621 
11.809766 
12.509699 
12.910526 
12.411376 
14.473844 
16.856799 
14.353509 
11.744639 
12.180576 
15.805593 
13.446229 
17.137191 
15.946752 
13.864964 
17.613848 
15.945553 
15.538931 
11.360437 
14.034235 
17.167286 
15.628199 
16.655281 
12.756025 
14.438883 
18.394323 
13.775714 
13.953859 
10.763647 
13.932084 
13.422198 
13.669688 
14.379058 
12.969636 
14.047819 
12.673961 
14.105119 
15.107417 
13.616092 
12.616777 
13.122630 
15.602198 
12.545351 
15.198242 
12.224703 
25.739035 
18.281760 
14.929226 
11.559874 
13.499259 
15.508319 
12.707909 
15.391442 
11.867716 
12.264145 
12.849939 
13.754232 
12.678572 
12.945086 
12.461516 
13.721516 
11.920002 
14.996311 
12.588587 
13.098297 
12.816870 
18.315654 
15.725674 
15.296312 
15.509495 
17.528373 
13.274865 
15.543429 
16.054261 
17.494475 
18.044752 
15.408479 
15.459980 
32.794327 
33.559642 
