14.414640 
12.136333 
13.023063 
13.601262 
15.035748 
12.652611 
12.187472 
14.886319 
11.085313 
10.194027 
14.142759 
13.963650 
13.374401 
16.078123 
11.587521 
14.981389 
12.692616 
14.808712 
15.401869 
13.544229 
25.481650 
11.524081 
12.550538 
12.681788 
12.155218 
14.540866 
16.760670 
14.377821 
12.152829 
12.492550 
15.882728 
180.842954 
17.043241 
15.770916 
13.878525 
17.666782 
15.790795 
15.595454 
11.217854 
13.994656 
17.207958 
15.698383 
16.341849 
12.615718 
15.430688 
17.699526 
13.745358 
13.913425 
10.664113 
13.459218 
12.111210 
13.923064 
13.353349 
12.818863 
12.655007 
14.069577 
15.105239 
13.648567 
12.760484 
13.181305 
15.625393 
12.562753 
15.109557 
163.843189 
18.134412 
14.967838 
11.320205 
13.910736 
15.508332 
12.707109 
15.105609 
11.620422 
12.314464 
12.894687 
13.792234 
12.727469 
12.959584 
12.473222 
13.757211 
11.817284 
14.814868 
12.470380 
13.011970 
12.716499 
17.661821 
14.482205 
13.468721 
15.411689 
16.150370 
12.877844 
15.333818 
15.841803 
16.193132 
17.010649 
15.211468 
15.202875 
29.777220 
30.477260 
312.006094 
314.391648 
