14.551901 
12.546999 
13.812758 
13.625532 
15.770464 
12.969172 
12.927220 
11.856069 
10.422106 
14.837474 
13.697207 
13.780326 
15.028722 
11.819713 
14.465492 
13.274869 
14.746036 
14.297244 
12.952328 
17.424245 
13.913955 
17.654173 
11.744592 
19.028170 
14.748194 
14.664305 
12.505463 
13.579841 
14.184361 
13.901468 
16.318234 
21.493156 
14.124963 
17.446327 
15.332568 
14.063703 
11.165000 
13.969513 
16.779675 
15.892513 
14.200612 
12.138338 
16.598636 
15.842348 
19.903259 
14.196719 
11.557030 
13.957205 
12.876180 
14.464761 
13.959371 
17.888580 
12.799897 
13.729582 
14.902453 
13.340696 
12.814440 
14.199992 
15.428844 
12.285194 
15.265248 
17.378745 
16.427119 
14.459859 
11.413342 
14.336963 
15.986595 
12.380891 
14.401917 
11.401319 
11.879299 
13.068593 
13.021778 
12.488694 
12.797278 
12.326132 
13.346109 
13.747337 
16.974312 
12.010347 
12.579726 
12.292314 
15.272156 
15.159062 
12.996953 
15.528809 
13.924841 
12.133181 
12.910726 
13.749734 
14.533551 
14.391140 
12.801201 
12.716262 
14.963651 
15.830945 
20.311100 
24.691175 
16.209994 
15.423284 
