14.636589 
12.367450 
13.803650 
13.598819 
15.664605 
13.127929 
11.855837 
10.410739 
14.745791 
13.748849 
13.796534 
14.613425 
11.800739 
14.634758 
13.271597 
14.715934 
14.455285 
12.900741 
16.912119 
13.494635 
17.385507 
11.646209 
16.542773 
14.706928 
12.488512 
13.541371 
13.178496 
13.824780 
15.768129 
33.537380 
13.599243 
14.895787 
15.320819 
14.083430 
11.110992 
13.996687 
16.893188 
15.751480 
14.446618 
12.443383 
16.661567 
15.677971 
18.455653 
13.703556 
11.708839 
14.004246 
12.938546 
14.471658 
14.029058 
30.622445 
12.734978 
13.701648 
14.931675 
13.336661 
12.847332 
13.662596 
15.387475 
12.285770 
15.116898 
17.024342 
16.134566 
14.732027 
11.437298 
14.384262 
16.124350 
12.506696 
14.310549 
11.412458 
14.893140 
11.953678 
13.239971 
12.637665 
12.779865 
12.258059 
13.408615 
13.904042 
16.893684 
11.816996 
12.525878 
12.225050 
15.400466 
15.371171 
13.143652 
15.637144 
13.760271 
12.115872 
12.514937 
12.869445 
14.351872 
14.143248 
12.412890 
12.178463 
14.118787 
14.998650 
17.924963 
22.173851 
15.615277 
14.665690 
33.180972 
33.082938 
