14.320000 
12.335008 
13.909604 
13.545064 
15.708931 
13.016149 
11.813613 
10.532419 
14.938082 
13.568756 
13.878684 
14.622349 
12.277641 
14.442985 
13.265428 
14.707652 
14.445223 
13.017090 
15.972579 
13.547309 
11.760600 
16.475973 
12.037046 
12.698626 
13.677271 
13.156879 
14.001998 
15.717121 
27.164730 
13.587019 
14.874975 
15.357895 
14.002305 
10.832825 
13.601408 
16.809553 
15.684929 
14.427659 
12.423853 
16.441070 
15.716632 
17.145483 
13.744698 
11.698668 
13.209272 
12.675341 
14.689248 
12.074854 
23.174106 
12.763398 
13.663398 
14.897013 
13.317836 
12.855999 
13.712041 
15.540074 
12.313506 
15.278657 
14.546044 
16.124457 
14.561664 
15.027702 
13.388600 
15.978210 
12.261652 
29.343235 
14.876066 
11.974324 
13.158728 
12.602091 
12.764011 
12.079260 
13.346658 
13.797763 
17.414216 
11.844877 
12.514237 
12.235793 
15.285192 
15.337269 
13.119697 
15.619200 
13.795128 
12.147145 
12.470202 
12.851027 
14.256435 
28.827103 
12.380228 
12.125951 
14.041815 
13.609875 
15.563954 
19.729467 
14.629568 
11.907660 
22.083434 
22.033455 
34.386714 
36.688502 
