14.352920 
12.531361 
12.974570 
13.561824 
15.795823 
12.752704 
11.833303 
10.544427 
14.685833 
13.572260 
13.891813 
14.658673 
12.288416 
14.447704 
13.247328 
14.788433 
14.649297 
12.983611 
15.950036 
13.441004 
12.766127 
16.483513 
12.069410 
12.651548 
13.608719 
13.096560 
14.014541 
15.782298 
26.425374 
13.658122 
14.811186 
14.682840 
14.010215 
10.833057 
13.533736 
16.814928 
15.640924 
14.542626 
12.405007 
16.437600 
12.908064 
17.269218 
13.208428 
11.933157 
13.223212 
12.701642 
14.717486 
12.089858 
22.631466 
12.781424 
13.774954 
14.916039 
13.432017 
12.957015 
13.788930 
15.578787 
12.355710 
19.795793 
14.376930 
16.200560 
14.567391 
15.006790 
13.410365 
15.976474 
12.266182 
14.846351 
11.846347 
13.162387 
12.605081 
12.769889 
12.084394 
13.644389 
25.112072 
14.892833 
12.601034 
12.561996 
23.291050 
15.306254 
15.378397 
13.131876 
13.650833 
11.995675 
12.485738 
12.905840 
14.296076 
21.446308 
12.419250 
12.189618 
13.928586 
13.515315 
15.892157 
19.834310 
14.507233 
11.840835 
21.201843 
21.138286 
23.582223 
19.564135 
31.609435 
29.065407 
