13.966060 
12.454985 
13.377657 
14.090527 
15.570708 
12.721458 
11.723866 
10.747035 
14.639264 
13.764769 
14.214314 
14.511841 
12.343246 
13.885093 
13.141234 
14.857931 
14.713344 
12.968604 
15.664515 
14.322129 
13.194974 
15.622187 
11.727488 
12.670335 
13.539194 
13.470455 
15.715559 
15.591799 
20.870712 
13.546551 
14.885731 
15.019143 
13.556515 
10.842361 
13.467549 
14.558174 
14.437936 
12.414052 
16.367125 
13.136595 
16.930043 
13.696632 
11.870392 
13.107235 
12.512482 
14.739383 
12.287409 
20.887738 
12.833001 
13.699893 
12.988207 
12.855079 
12.393617 
13.623214 
14.083541 
11.429867 
20.149631 
28.828506 
16.061575 
13.256033 
14.126697 
13.085220 
15.516145 
12.024528 
14.745302 
12.191079 
13.770392 
12.594593 
13.278924 
13.305591 
13.376822 
21.409821 
14.799908 
13.094870 
12.523186 
19.725884 
15.088660 
15.272936 
13.080948 
13.636065 
11.994916 
12.099168 
12.730906 
14.308356 
21.205747 
12.331730 
12.090980 
13.961410 
13.964878 
16.000257 
16.405545 
20.981357 
19.526526 
19.490265 
23.870032 
19.528021 
24.627807 
22.193654 
27.458689 
27.028136 
