14.020410 
12.400832 
13.149357 
13.503745 
15.603531 
12.843676 
11.696812 
14.813124 
13.749093 
17.893166 
14.664971 
13.858083 
13.022463 
14.713764 
14.592621 
12.860783 
14.940898 
14.515414 
13.065372 
15.656198 
11.761669 
12.096920 
13.686630 
13.446351 
15.195772 
15.612948 
18.520214 
13.590879 
14.925994 
14.978792 
13.605413 
11.106127 
13.593607 
14.136279 
14.531587 
12.352132 
15.981657 
12.989169 
13.287815 
13.919851 
11.951002 
12.925112 
12.326337 
18.288323 
12.070418 
19.830649 
12.174340 
13.561987 
12.908967 
12.818613 
12.418855 
13.711253 
13.952517 
11.398392 
18.302904 
21.756966 
16.103043 
13.252416 
14.190458 
13.107046 
15.556015 
12.014831 
14.819979 
12.279916 
13.705578 
12.449869 
13.176505 
13.123006 
13.404101 
14.324265 
12.939443 
12.190094 
17.391327 
25.717391 
15.187950 
12.859794 
13.465326 
11.908987 
12.150889 
12.784811 
14.093071 
19.372621 
12.521728 
12.262364 
13.393659 
12.739185 
15.296259 
18.143305 
16.939612 
16.632295 
20.227491 
16.126319 
20.172517 
28.571381 
21.931907 
21.422836 
34.056754 
28.598736 
19.038197 
17.037283 
