14.117626 
11.909782 
12.991187 
13.531379 
15.675694 
13.156080 
12.509827 
14.782355 
13.746512 
16.945156 
14.962264 
12.114711 
12.478653 
14.837426 
14.617382 
12.822349 
14.791912 
14.516950 
13.108563 
13.098529 
11.933734 
12.045075 
13.736457 
13.503310 
15.001578 
13.102632 
18.656730 
13.462802 
14.874733 
14.997891 
12.577920 
11.188711 
13.219694 
13.910133 
14.570145 
12.353366 
15.997270 
13.004663 
13.203773 
13.920830 
11.950535 
12.993955 
12.357933 
17.716117 
11.751927 
20.592780 
12.167757 
13.643288 
13.480946 
12.851627 
12.517912 
13.783884 
13.953883 
11.420129 
17.819229 
17.102242 
16.093971 
14.710674 
13.288549 
12.990439 
13.344392 
14.379024 
12.226422 
15.363593 
12.105153 
13.375859 
12.733619 
13.529855 
14.311091 
12.904531 
12.213989 
16.957131 
23.947277 
15.219227 
12.865205 
13.424454 
11.876683 
13.237896 
12.191457 
14.089657 
18.904442 
12.560861 
12.285120 
182.848372 
12.493460 
15.016745 
13.402249 
17.985627 
16.858536 
19.377765 
15.325652 
19.308288 
25.981446 
97.623058 
30.113979 
25.137942 
17.806778 
15.875834 
257.928606 
260.733514 
