12.454899 
12.453635 
13.847095 
13.655215 
15.837906 
11.347149 
14.139208 
15.162715 
30.979992 
16.094910 
14.260112 
12.536255 
12.350329 
20.064828 
13.180762 
13.555618 
12.319032 
13.408404 
16.119696 
20.907415 
13.745414 
12.672130 
14.538295 
13.442241 
13.614601 
13.672014 
14.575427 
12.749998 
13.015618 
12.406694 
13.527727 
13.801071 
28.733152 
17.149641 
16.629090 
14.702837 
14.948879 
13.090248 
13.170010 
17.909044 
12.957582 
12.205000 
19.290381 
14.333962 
17.764921 
13.739791 
11.622397 
13.686689 
12.476396 
13.997236 
17.935116 
16.886556 
11.863930 
12.747187 
12.191256 
14.912387 
13.554428 
14.241405 
18.040999 
12.223326 
12.141700 
12.778226 
19.134035 
14.230642 
11.925785 
13.814417 
14.560113 
14.129179 
15.606871 
12.019653 
15.268418 
12.039435 
11.223115 
18.750389 
13.214799 
12.118724 
12.993542 
14.472681 
12.377054 
12.936132 
11.711562 
14.228130 
12.539626 
12.238577 
13.862916 
14.048143 
13.629442 
16.928790 
14.959262 
18.957839 
15.911577 
14.225642 
19.818996 
17.852968 
17.976061 
20.757687 
39.490101 
37.269162 
25.305261 
22.722546 
