14.311303 
13.521801 
11.893084 
16.049976 
13.395809 
13.162335 
15.965563 
14.698224 
15.648580 
12.932399 
17.868754 
15.197892 
14.649424 
12.889893 
14.747400 
14.632255 
13.237160 
13.387693 
11.927316 
12.221491 
13.876465 
13.612732 
15.089279 
18.397711 
16.469558 
13.813308 
15.215724 
15.105199 
13.662899 
11.568367 
12.887802 
13.806615 
14.995855 
12.497136 
15.861327 
12.915668 
13.363188 
14.049696 
12.417216 
12.835634 
12.135653 
16.281189 
11.889621 
17.054403 
12.879017 
14.027477 
12.754260 
13.103069 
12.696292 
14.010656 
13.829982 
11.220209 
19.636038 
16.297490 
14.320840 
13.221725 
13.654622 
11.973263 
14.645544 
12.388920 
15.297018 
12.090123 
12.473021 
12.588105 
14.162027 
14.416421 
13.228719 
12.398710 
15.021882 
18.769466 
15.276090 
12.732607 
13.366016 
11.883084 
13.621077 
12.471460 
13.968542 
16.741330 
12.745355 
12.638064 
13.557679 
12.629454 
15.143685 
15.822928 
13.406808 
13.147037 
14.773866 
16.883298 
15.904162 
17.598866 
18.476223 
15.572732 
14.521198 
13.093637 
17.005283 
17.781510 
16.350664 
16.721904 
20.011338 
22.478951 
