14.430759 
13.614419 
12.203968 
15.713087 
13.588315 
13.517522 
16.100828 
14.351254 
13.473569 
32.030593 
17.046409 
15.243632 
14.508519 
12.640620 
14.818951 
14.656022 
13.181516 
13.505662 
12.020637 
12.136348 
13.675610 
15.112161 
18.010170 
16.308854 
13.980940 
15.227229 
15.028320 
13.842575 
11.688209 
13.042406 
13.862250 
14.990919 
12.440631 
15.554594 
12.730993 
13.358803 
14.025008 
12.468738 
12.774766 
12.002785 
13.252097 
11.941615 
17.140970 
13.229261 
13.944810 
12.946811 
13.211024 
12.819426 
14.019140 
13.924227 
11.308542 
18.809870 
15.049532 
14.505966 
13.266688 
36.939004 
14.745263 
12.398925 
15.497201 
12.179265 
12.581982 
12.677859 
14.378529 
14.397736 
13.260453 
12.113862 
14.180251 
17.840373 
15.122377 
12.518111 
12.815508 
10.926009 
13.806106 
12.591898 
13.632150 
15.720827 
14.578279 
11.584884 
13.730599 
12.640096 
15.110519 
14.813379 
13.304975 
12.887868 
13.744885 
14.996738 
15.083220 
16.008688 
16.545314 
14.243192 
13.851985 
12.599120 
15.072717 
15.995699 
15.237773 
15.406708 
17.429949 
19.870422 
46.998385 
49.466056 
