13.549940 
13.617383 
12.268008 
15.702658 
13.538033 
13.577050 
16.201004 
14.026164 
13.612283 
24.580768 
16.647150 
15.344420 
14.135837 
12.715474 
11.927307 
12.214419 
13.127127 
13.170595 
11.895352 
12.253867 
13.707656 
17.636864 
16.577602 
13.983897 
15.124385 
27.339230 
11.622085 
13.127607 
15.235467 
14.249216 
18.879170 
15.765500 
12.840392 
14.312169 
19.933622 
12.392235 
12.951894 
38.147729 
13.055847 
11.897684 
17.102555 
13.354650 
14.348962 
12.888660 
13.035246 
12.588642 
14.061638 
13.914036 
11.217657 
17.953694 
15.170045 
14.195778 
13.128516 
13.825875 
14.706376 
12.986607 
15.170619 
11.476225 
12.377081 
12.265735 
13.988134 
13.755440 
13.108497 
12.254855 
14.392387 
36.729513 
12.619881 
12.935113 
11.020661 
13.745152 
12.577099 
13.681852 
15.783449 
14.641678 
11.647874 
12.865998 
13.299344 
12.536865 
14.227799 
13.215602 
12.831690 
13.727527 
14.353789 
14.887585 
12.913967 
16.155837 
13.444828 
12.235726 
14.136701 
15.063400 
14.587283 
14.728787 
16.424650 
18.555183 
32.582018 
29.999453 
19.850717 
22.077703 
55.060144 
55.488943 
