13.684750 
12.449215 
15.950178 
13.607560 
14.174422 
16.559733 
13.332232 
14.289922 
17.611103 
16.171693 
15.359755 
12.860873 
12.130312 
12.367163 
16.903456 
13.293361 
11.967309 
12.280841 
14.135037 
17.117991 
16.607189 
21.744188 
18.403737 
11.599290 
13.610865 
15.529296 
14.348857 
16.860514 
15.767351 
14.330407 
17.146882 
12.671365 
13.015709 
14.089519 
12.517830 
11.747340 
17.429952 
13.433352 
14.111923 
12.882396 
13.240519 
10.902767 
14.069666 
14.513890 
11.260108 
17.091224 
15.122466 
13.814389 
14.787442 
14.391002 
15.129151 
13.803113 
16.856038 
11.922721 
12.475846 
12.691231 
15.452521 
13.491805 
13.189648 
12.097080 
14.218322 
15.911373 
13.718882 
13.264812 
11.331950 
13.739023 
12.482519 
15.088796 
16.052831 
14.806867 
11.905222 
13.069708 
13.277931 
12.356976 
13.113760 
13.661300 
12.901293 
13.935294 
12.697417 
14.949351 
12.720951 
14.531658 
12.503051 
11.468469 
12.364784 
13.591312 
13.691557 
13.698820 
14.366533 
15.730844 
15.664071 
14.035855 
21.618423 
14.072396 
16.156599 
14.728188 
16.337176 
14.137002 
21.732986 
24.529387 
