13.682832 
12.452583 
15.923592 
13.608791 
14.113801 
16.561072 
13.347941 
14.286431 
17.592843 
16.171848 
15.386923 
12.874100 
12.063113 
12.228384 
16.854898 
13.125652 
21.043985 
12.357099 
13.984644 
17.100207 
16.604157 
13.932856 
18.292151 
11.602472 
13.624617 
15.423414 
13.982657 
16.686491 
15.831882 
14.260545 
17.130903 
12.552825 
13.183004 
23.883997 
12.519517 
11.832183 
17.437322 
13.435655 
14.226811 
12.885764 
13.369947 
11.248595 
14.073253 
14.577485 
11.274370 
17.089330 
15.122433 
14.181072 
14.402730 
14.675268 
13.517336 
16.841315 
11.824132 
12.478464 
12.690080 
15.854207 
13.462933 
13.187000 
12.113322 
14.233985 
15.812748 
13.645902 
13.283699 
11.333936 
13.638751 
12.476029 
15.059520 
16.059942 
14.807821 
11.902017 
13.040968 
13.267391 
12.355937 
13.184891 
13.660473 
12.899700 
13.945212 
12.699074 
14.834317 
12.814455 
14.491310 
12.518192 
11.470007 
12.429100 
13.601055 
13.690438 
13.696280 
14.367455 
15.729783 
15.585108 
13.980621 
14.017587 
14.156413 
16.198632 
14.738394 
16.223090 
14.065689 
14.996007 
27.638568 
25.237996 
