13.498171 
12.544951 
13.630240 
13.546114 
13.973830 
15.625820 
13.438699 
73.421739 
17.469781 
15.860951 
15.490391 
12.811809 
12.090698 
12.185025 
12.532727 
13.714293 
18.298665 
12.459688 
14.157345 
16.251492 
16.529295 
24.112572 
18.212416 
11.665419 
13.742304 
15.573323 
13.692947 
13.396417 
16.016407 
14.339957 
13.335841 
13.006187 
20.151111 
12.593985 
11.881289 
17.507990 
13.567831 
14.253503 
12.950558 
13.439736 
11.150655 
15.294210 
14.622023 
11.363370 
17.172553 
15.309135 
14.265213 
14.425719 
13.477969 
15.096190 
17.461319 
12.000101 
12.590033 
12.780492 
15.725050 
13.636239 
12.982996 
12.196697 
14.453376 
15.563251 
14.074888 
13.513577 
11.008954 
13.660081 
11.962982 
11.562914 
15.237508 
14.449427 
11.662463 
13.069538 
13.324173 
12.382479 
13.263414 
13.661963 
12.827336 
12.824691 
12.147578 
24.651757 
12.606781 
14.410723 
12.604408 
11.547923 
12.536649 
13.711755 
13.189039 
13.957698 
73.153527 
14.964459 
13.602618 
13.194820 
12.625688 
15.436678 
14.055120 
14.202751 
21.772233 
19.433638 
126.120500 
123.072873 
27.804769 
28.095116 
