18.131815 
12.888564 
13.520115 
12.760201 
12.757089 
16.169942 
14.049880 
13.837067 
12.805528 
13.073159 
10.601832 
11.768761 
12.912856 
18.092803 
16.455257 
15.709644 
13.682354 
15.371013 
16.508122 
13.681022 
11.843481 
16.433183 
15.707391 
13.970428 
13.087912 
15.066678 
13.740465 
13.193136 
14.551786 
12.870148 
12.436114 
13.828887 
14.101535 
13.404254 
11.085465 
13.663003 
14.921434 
11.270363 
14.592034 
15.376421 
31.943874 
13.187147 
12.974532 
14.882397 
13.443823 
12.764332 
15.807534 
14.113374 
15.894834 
13.665074 
13.521365 
21.879084 
14.004812 
14.219054 
14.208994 
14.172157 
11.428488 
11.456105 
13.604351 
12.493231 
16.218588 
14.912391 
11.969007 
14.506941 
12.115849 
12.926251 
13.495635 
13.393663 
13.887940 
12.958161 
16.202842 
12.161426 
13.867207 
12.913853 
11.830045 
12.549450 
16.169924 
12.985331 
13.125017 
14.927181 
12.773422 
12.599371 
13.652042 
12.394279 
13.751926 
14.914977 
14.943570 
32.885466 
12.353530 
14.017051 
12.650888 
15.042342 
13.272516 
15.279017 
17.615555 
22.613124 
41.941917 
44.793684 
26.368580 
28.787124 
