18.496313 
13.001616 
13.214722 
13.098791 
12.796865 
16.198595 
14.159309 
13.758599 
12.935700 
12.928557 
12.116381 
11.677620 
13.091517 
18.016794 
18.874255 
15.259761 
13.545526 
15.333741 
16.830836 
13.599587 
11.963942 
16.257982 
15.198048 
14.714453 
13.365296 
14.811391 
13.769659 
13.261365 
23.881226 
12.800069 
12.347118 
13.915137 
11.952182 
14.757853 
12.397905 
13.536861 
12.868877 
11.298452 
14.783690 
15.045200 
13.364083 
12.879930 
14.864223 
13.268351 
12.608173 
15.941363 
13.804911 
13.840766 
13.768473 
19.170917 
13.154042 
14.710775 
14.301833 
14.078006 
11.360666 
11.417716 
13.496664 
12.504317 
16.326432 
14.750941 
11.808743 
14.458390 
12.246590 
12.926638 
13.676487 
13.743777 
14.134743 
13.071636 
15.825338 
15.139037 
12.303547 
12.857618 
11.857171 
23.788412 
16.027254 
13.093455 
13.291922 
15.023458 
12.892983 
12.638403 
13.778634 
12.547828 
13.877566 
14.653158 
15.138125 
12.412900 
12.374431 
13.865122 
12.606263 
20.673629 
12.753066 
14.651167 
17.142162 
19.811753 
19.714214 
19.882390 
20.628732 
23.170145 
27.675617 
27.431444 
