18.666865 
27.410238 
13.596198 
13.275541 
12.958604 
16.294900 
14.103334 
14.070475 
13.346154 
12.551179 
12.026764 
11.651165 
13.042976 
18.160908 
17.379027 
14.753058 
13.553074 
15.531128 
16.875248 
13.624335 
16.252693 
15.148355 
14.556006 
13.204963 
14.522332 
13.708714 
13.220613 
20.755065 
12.161090 
12.184748 
10.849762 
14.261310 
12.311577 
13.826789 
12.798435 
11.246743 
14.679978 
13.115115 
13.554664 
12.956561 
14.840175 
13.357749 
12.611354 
16.071315 
13.820255 
13.804767 
13.765465 
18.115586 
12.471144 
14.473953 
14.070194 
13.868545 
11.325867 
11.527441 
13.633963 
12.327318 
16.260340 
15.028139 
12.340993 
14.290863 
12.183617 
12.881626 
13.664436 
13.877807 
14.131132 
13.107683 
15.607497 
14.522118 
12.085374 
11.783564 
12.704878 
20.540495 
15.579927 
13.231040 
13.332509 
15.095687 
13.063776 
12.839058 
13.696046 
12.461962 
14.338696 
14.995966 
12.245960 
12.525411 
14.021973 
12.550875 
18.924646 
12.438170 
31.990795 
16.585311 
18.375614 
16.827443 
17.057197 
17.358431 
19.412325 
21.693230 
21.394724 
13.555778 
38.015761 
42.333104 
