18.593584 
21.448515 
13.302772 
13.214583 
12.866000 
16.087497 
14.004452 
13.643611 
13.249876 
12.748142 
11.949416 
11.692133 
18.206797 
16.092540 
12.278600 
13.656464 
15.304565 
16.755686 
11.529648 
15.764253 
15.131244 
13.297312 
13.189162 
13.579182 
13.220320 
12.201719 
11.991125 
11.016554 
14.516080 
12.436582 
13.045813 
12.839898 
11.291881 
14.526046 
12.996055 
13.455218 
13.410746 
15.173212 
13.349476 
12.625717 
16.022276 
13.798429 
28.734947 
13.779087 
17.258876 
12.806983 
13.686572 
24.938433 
13.742263 
11.253954 
11.502303 
13.626413 
11.631264 
16.016313 
14.935095 
12.173936 
14.162862 
11.988724 
17.192863 
13.521565 
13.818917 
14.255564 
13.058942 
13.192064 
14.942458 
12.272201 
12.079927 
12.807744 
12.833968 
14.848111 
13.082463 
13.266964 
14.985542 
12.955535 
12.806721 
12.914054 
23.645059 
13.157257 
29.123295 
12.659061 
12.334484 
14.695144 
15.498969 
14.433503 
24.536286 
15.847811 
17.415835 
14.788376 
19.722635 
15.624652 
17.702130 
16.497501 
16.346322 
13.854768 
25.619113 
29.699981 
31.583757 
26.992060 
35.763411 
36.026866 
