18.093814 
20.097459 
13.291362 
13.153423 
12.815683 
16.192295 
14.122718 
13.681624 
13.225047 
12.858064 
11.973916 
11.678461 
18.228366 
15.831902 
12.272451 
13.744603 
15.305036 
16.639531 
11.521673 
15.524544 
15.198920 
12.852694 
12.831174 
13.690768 
21.799729 
12.226002 
12.059071 
11.017272 
14.555497 
12.519668 
13.062038 
12.881239 
11.317603 
14.505113 
13.041669 
13.328934 
13.508452 
15.583418 
13.360647 
12.691475 
16.028129 
13.838002 
13.283957 
16.885248 
12.770941 
13.577646 
15.178542 
13.520071 
11.797782 
11.535358 
13.625495 
12.685875 
14.171080 
15.176918 
12.219587 
14.181742 
32.693713 
16.684224 
13.458774 
13.801701 
23.640737 
12.679157 
13.023312 
14.915853 
12.203992 
12.158568 
12.864416 
12.824152 
14.608459 
12.987606 
12.597962 
14.526346 
12.878940 
12.791613 
13.010734 
14.704162 
13.335856 
12.696594 
12.283670 
14.647450 
15.205346 
14.409873 
22.493503 
15.560064 
17.060736 
14.231135 
18.606301 
14.957995 
17.008653 
15.552920 
15.417122 
13.766594 
22.526553 
26.476035 
16.037594 
15.775712 
23.190073 
43.220332 
47.538791 
47.425803 
