18.352753 
19.278021 
11.270744 
13.217353 
12.671042 
16.295732 
13.999612 
12.340116 
13.111294 
13.062360 
12.018714 
14.623920 
18.130933 
15.856937 
12.316781 
13.503720 
14.872192 
16.869484 
11.532361 
15.427790 
15.857009 
12.976469 
12.895858 
13.067409 
22.666459 
11.835388 
12.003950 
10.854214 
14.370231 
12.521801 
12.237118 
12.833398 
11.134281 
14.213791 
13.301725 
13.347409 
15.490366 
13.345201 
12.804676 
15.932780 
13.938268 
40.567365 
15.755921 
12.643217 
13.654362 
15.198257 
13.681043 
12.112732 
11.389005 
13.214385 
12.833341 
14.436951 
12.755457 
13.734981 
14.804905 
14.820643 
16.483021 
13.516394 
13.933771 
23.623563 
12.920672 
13.341485 
14.812338 
12.298873 
12.033137 
12.557534 
12.882614 
14.500188 
12.877589 
13.085946 
14.594649 
12.794681 
12.730448 
13.182188 
15.168981 
13.334896 
12.651767 
11.797221 
14.964324 
15.035413 
14.426560 
21.710506 
15.483799 
16.624502 
14.002744 
18.198066 
14.235335 
16.274194 
15.241889 
15.073129 
13.756728 
21.328559 
25.186274 
16.131540 
15.849875 
22.745614 
22.687142 
44.292380 
64.474918 
64.404742 
