18.051421 
16.956247 
11.569887 
12.998080 
12.721062 
16.599245 
14.672583 
12.682308 
12.425791 
13.439188 
11.690737 
14.147543 
14.935824 
15.147113 
12.696862 
12.897548 
15.165642 
16.782511 
11.706116 
14.853026 
15.238274 
13.394442 
13.116212 
12.874306 
19.190485 
12.236156 
12.626116 
11.212574 
15.225746 
12.913965 
12.535888 
24.083294 
13.977984 
12.943244 
13.441771 
15.273070 
12.932532 
11.415805 
13.280264 
21.647148 
15.220104 
13.049258 
13.963248 
14.525383 
13.986742 
12.364531 
11.617232 
13.497870 
13.037333 
14.603763 
13.089721 
14.126520 
14.703480 
14.575077 
15.474112 
13.333026 
13.786070 
20.733895 
12.906229 
13.733583 
15.308772 
12.570393 
12.558055 
13.083943 
12.955783 
13.993099 
12.817694 
12.674050 
14.556055 
11.686324 
12.962597 
13.396807 
14.485825 
13.431474 
13.170532 
11.963649 
15.338084 
14.262675 
14.960355 
17.734166 
14.844040 
16.199635 
12.692934 
15.627768 
12.855092 
25.084493 
13.332502 
13.380344 
13.996636 
15.347189 
18.595289 
14.844346 
14.692464 
16.872828 
16.947897 
21.839145 
23.958370 
23.732148 
28.196313 
25.837313 
