18.136470 
16.427577 
11.133374 
13.008479 
12.677397 
16.669142 
14.812733 
12.602736 
12.426808 
13.462263 
11.601104 
14.002401 
14.856256 
14.837823 
12.706917 
12.797338 
15.064576 
16.924010 
11.591010 
14.857920 
15.121021 
12.821016 
13.135414 
12.759936 
18.659327 
12.240216 
12.698024 
11.542400 
15.698928 
12.842126 
12.265379 
21.520349 
13.952452 
12.904446 
13.338683 
15.133261 
12.907389 
11.369704 
13.348550 
20.214091 
15.110120 
13.168299 
12.045465 
14.803935 
14.015524 
12.393876 
11.527769 
13.298914 
13.211089 
14.623499 
13.072513 
13.970722 
14.557926 
14.589299 
15.136011 
13.345083 
13.829507 
20.338245 
12.823096 
12.528091 
12.870961 
14.809264 
12.610894 
13.157953 
12.882633 
13.931265 
29.425448 
28.348450 
11.644532 
12.938764 
13.175199 
14.429080 
13.449948 
12.963591 
11.931119 
14.998928 
13.211617 
14.885104 
17.165551 
14.847356 
16.070207 
12.229083 
14.651564 
12.531339 
22.514305 
12.738139 
12.929353 
14.268114 
17.323107 
14.943849 
14.631731 
15.868026 
15.980823 
20.060788 
20.780617 
20.500437 
23.212711 
20.976062 
36.800629 
42.575434 
