18.119943 
15.939211 
12.973576 
12.703242 
16.576827 
14.845437 
12.456548 
12.214137 
13.354623 
12.142694 
14.765147 
12.505049 
14.522455 
12.621103 
14.799418 
16.822090 
11.498223 
14.812945 
12.791648 
13.105824 
13.094660 
12.354411 
18.237810 
12.037695 
12.670466 
12.904411 
12.827927 
39.968400 
14.904355 
13.821986 
12.892341 
14.479868 
13.097580 
12.669799 
11.778375 
12.850733 
19.394384 
14.460244 
45.597587 
12.196362 
14.707232 
13.969548 
12.340429 
11.190312 
12.894033 
13.224686 
14.556959 
12.959821 
13.840128 
14.564862 
14.329068 
14.857026 
13.310774 
13.777268 
19.935322 
12.752685 
13.035587 
18.525586 
15.217757 
12.558322 
13.140861 
12.814572 
13.847169 
24.912707 
24.441585 
11.784182 
12.321402 
13.462002 
14.707331 
13.442751 
11.805880 
15.064091 
12.787313 
14.751430 
16.807638 
14.822426 
15.321238 
18.682309 
13.987213 
12.561467 
15.631826 
12.353421 
12.536937 
13.578577 
16.290342 
14.899278 
14.560248 
15.238176 
15.334198 
18.725037 
19.410227 
18.920333 
14.207511 
16.015568 
28.576452 
34.220710 
20.939277 
23.012436 
65.021646 
67.365010 
