18.243126 
15.521413 
12.955939 
12.694549 
16.646541 
15.074663 
12.467500 
12.168790 
13.439878 
12.532207 
14.846158 
12.523918 
14.263980 
12.694707 
14.802830 
16.985246 
11.574758 
14.744647 
12.983101 
13.331279 
13.147023 
12.437123 
18.035980 
12.127409 
12.729161 
13.135279 
12.924987 
26.581516 
11.631136 
13.854827 
12.857245 
14.558012 
13.175236 
13.048219 
11.917464 
12.655649 
18.678750 
14.718928 
28.089527 
12.468390 
14.698923 
14.044529 
12.397499 
11.198224 
12.919353 
13.327632 
14.594780 
13.027041 
13.969833 
14.674644 
14.471486 
14.609418 
13.344864 
13.811290 
19.686350 
12.768644 
12.773122 
13.253479 
15.851513 
12.653269 
13.243250 
12.801477 
13.810527 
21.661037 
21.289263 
11.763289 
12.298021 
13.651974 
14.762570 
13.617384 
11.833128 
15.148037 
49.730089 
14.912995 
16.407621 
14.814601 
15.078967 
13.376182 
13.515575 
12.820786 
12.265675 
12.064268 
12.191915 
12.899324 
15.252775 
14.808314 
14.492533 
14.633814 
14.793128 
17.871017 
17.870573 
17.266841 
15.129116 
22.254589 
27.789013 
57.675635 
34.438222 
36.708902 
88.128834 
85.759787 
