16.706004 
13.149125 
12.283918 
12.769002 
16.863271 
11.885166 
12.304307 
12.430170 
13.851442 
12.672019 
15.392221 
14.577646 
13.015837 
14.296880 
16.103562 
12.649927 
14.959228 
13.011175 
14.001512 
13.299410 
17.446702 
14.280836 
12.562933 
13.207276 
12.746387 
13.025173 
12.953811 
11.721979 
14.722900 
12.886484 
17.895726 
13.165122 
12.602978 
12.669035 
16.773516 
14.626662 
11.473672 
12.909895 
14.512541 
14.361145 
12.805644 
23.390829 
13.402601 
13.686043 
14.789543 
13.462261 
11.793996 
14.965050 
15.494936 
14.989059 
13.378905 
14.780847 
16.328661 
12.487219 
12.000146 
18.086637 
16.944271 
13.062524 
13.136125 
13.308136 
13.823071 
17.108408 
18.212171 
12.236887 
19.791693 
14.148951 
14.079781 
13.633091 
11.915625 
13.555870 
18.731621 
15.105275 
14.023577 
14.242448 
15.011433 
13.955750 
13.677569 
12.032200 
11.926305 
12.347130 
12.460456 
10.723942 
14.580922 
13.818594 
14.432851 
12.490514 
20.630184 
14.173079 
15.051463 
12.856522 
17.146566 
13.643983 
15.379900 
17.149826 
18.772355 
17.888729 
16.849412 
17.830534 
21.235446 
21.017436 
