16.664815 
12.974968 
13.887028 
13.603628 
16.100572 
11.310031 
15.621762 
17.924471 
16.068691 
16.133620 
12.785348 
15.664449 
19.321740 
11.195766 
13.194467 
13.966779 
15.973897 
16.394378 
13.807594 
12.876497 
13.249838 
13.836174 
13.916690 
14.270284 
14.832969 
13.074745 
13.297248 
12.807570 
13.421891 
14.379796 
13.788094 
17.431027 
17.361534 
14.526036 
14.910623 
13.158078 
13.086061 
17.893119 
18.700116 
12.460627 
16.891107 
14.588286 
16.617508 
14.447765 
11.472077 
13.425414 
13.253484 
13.414960 
12.593776 
16.175391 
11.981397 
14.362677 
12.449930 
15.306598 
13.580827 
14.130486 
12.080929 
11.973170 
17.401523 
13.097313 
14.301331 
11.911615 
13.735388 
14.207128 
14.205908 
15.661756 
12.050953 
15.284962 
12.482908 
11.074614 
17.104029 
13.273620 
12.163106 
13.656550 
14.679078 
12.557933 
13.181451 
11.046287 
13.552822 
11.920560 
12.327757 
12.802366 
13.340200 
12.944322 
12.645479 
12.208185 
15.359389 
15.082853 
12.553194 
17.902202 
14.795637 
11.714737 
16.498375 
14.163631 
14.786802 
15.224341 
19.099586 
19.538460 
15.494246 
19.390036 
