16.824958 
13.171768 
12.181961 
12.601649 
13.295531 
11.969579 
12.226291 
12.652845 
11.813208 
12.462347 
15.654119 
14.413969 
25.481049 
13.930746 
16.168150 
12.759510 
14.866811 
12.816420 
13.980330 
12.239026 
16.180859 
14.555101 
13.057857 
13.179730 
12.648196 
12.876662 
12.858627 
11.558130 
14.746499 
12.605718 
17.141799 
20.725893 
12.924528 
12.814424 
16.821930 
14.665152 
11.291931 
12.810736 
14.174578 
12.998846 
19.993751 
13.406315 
13.072956 
14.525824 
11.594140 
14.797244 
15.718443 
14.866568 
13.352970 
14.716791 
14.004566 
12.941574 
11.903728 
17.149428 
17.255310 
27.178098 
13.217974 
13.779969 
16.493595 
17.113927 
19.782875 
14.198554 
14.166125 
13.183619 
11.544343 
13.563331 
17.612011 
14.581621 
14.040872 
14.201791 
15.051081 
13.997620 
13.464965 
12.071386 
11.888582 
12.245055 
12.330145 
10.772276 
14.561370 
13.952175 
14.738701 
12.755297 
19.698525 
14.464527 
15.008649 
12.221787 
15.342554 
13.738770 
13.747644 
15.223536 
16.622617 
15.684953 
15.173438 
16.277861 
16.752839 
16.669840 
26.818494 
21.547570 
33.305706 
33.754307 
