15.789143 
13.061430 
13.726219 
13.364493 
25.444931 
11.390815 
15.759893 
17.941079 
15.935439 
12.584854 
12.915233 
14.259431 
18.205873 
11.315898 
15.393967 
13.994288 
15.692109 
15.829014 
13.638833 
12.787617 
13.492122 
13.794343 
13.983162 
14.283425 
14.703433 
13.377239 
13.093860 
12.950841 
13.711105 
13.691350 
17.338090 
17.244851 
14.806950 
14.965047 
13.488387 
12.901327 
17.748173 
17.417407 
13.602187 
14.537504 
16.628394 
14.328764 
11.286406 
12.605157 
13.063044 
13.339568 
11.001876 
16.018604 
11.925599 
13.975466 
12.268216 
15.220157 
13.692977 
14.281859 
12.307615 
12.074812 
16.616374 
22.444684 
14.226156 
11.959860 
13.928755 
14.086584 
14.449288 
16.795524 
12.076365 
15.402601 
12.782472 
11.469788 
17.373882 
13.289830 
12.275324 
13.350619 
13.546993 
12.497442 
13.193091 
14.596887 
13.466710 
11.834791 
12.320917 
12.683967 
13.216993 
12.765819 
12.542635 
12.302075 
15.528972 
15.010784 
13.309135 
16.315027 
11.450929 
15.802909 
13.190673 
13.458391 
13.831387 
16.962700 
17.401002 
15.774385 
15.798356 
13.207902 
27.816356 
25.016296 
