14.815799 
13.433420 
13.680140 
13.055646 
24.224884 
11.396485 
15.690856 
17.767621 
16.036489 
12.581556 
23.616291 
14.316283 
17.728153 
11.687128 
15.476926 
13.809586 
15.412255 
15.656232 
12.806945 
12.724484 
13.570975 
13.855286 
13.570075 
14.263628 
14.702932 
13.436968 
12.929649 
12.909253 
14.217454 
13.981523 
17.269397 
17.212276 
14.736235 
14.869942 
13.766182 
12.900004 
16.928634 
13.552815 
14.415394 
16.521655 
13.426781 
12.222468 
14.167993 
12.876555 
13.063731 
11.058739 
13.330669 
12.135757 
14.517474 
12.208223 
15.140017 
13.647606 
14.273583 
12.265617 
12.060839 
14.523860 
21.172871 
13.832495 
11.857844 
13.868629 
23.950319 
14.329122 
14.727226 
13.757685 
13.234172 
12.795867 
11.440013 
17.342279 
13.202919 
12.363989 
13.672378 
13.598521 
12.622081 
13.629662 
14.296760 
13.338516 
11.612294 
12.010523 
14.464929 
12.423069 
13.613158 
12.301032 
15.461055 
14.750440 
13.321103 
16.007586 
11.596626 
15.946258 
13.814313 
14.088200 
12.721959 
16.256521 
16.708357 
15.289912 
15.325925 
13.120651 
25.374596 
22.564604 
29.150254 
29.137249 
