15.265329 
13.499394 
13.148481 
13.753380 
18.399791 
15.894734 
15.560314 
16.164821 
13.878545 
13.497727 
15.877915 
14.920693 
18.372021 
13.849958 
15.159445 
14.628563 
12.361953 
14.131557 
18.684765 
13.183236 
12.497380 
14.327829 
14.327970 
13.801461 
17.372111 
13.234418 
15.980763 
16.516962 
13.952386 
14.374363 
13.976220 
12.844907 
13.169831 
15.216038 
14.380555 
14.586830 
13.569507 
13.314718 
12.308105 
13.611807 
12.441775 
12.220084 
23.483472 
12.750791 
11.999117 
15.192439 
12.990113 
13.284449 
11.320233 
14.139594 
19.248439 
14.366840 
11.503956 
13.238834 
24.461393 
13.077917 
13.696712 
13.204332 
18.387418 
12.179982 
10.953527 
15.201307 
12.521108 
11.730948 
14.958471 
13.476663 
12.129452 
12.610428 
13.512677 
12.800644 
11.248949 
11.829779 
15.614452 
11.521819 
13.424836 
15.875154 
12.488869 
11.982645 
14.241308 
12.896167 
13.314655 
15.607944 
13.314651 
13.886155 
12.711969 
13.423147 
12.096534 
14.925230 
12.761622 
13.639499 
14.418027 
14.729142 
15.127771 
17.389377 
17.011338 
16.865307 
16.800423 
18.997564 
28.195467 
27.528491 
