15.494180 
13.075348 
13.117424 
13.718060 
17.999743 
14.499968 
15.488861 
16.459315 
14.053053 
13.802769 
15.632152 
15.316386 
17.302203 
13.694317 
15.134238 
12.119144 
12.167331 
14.518386 
17.491935 
12.511562 
14.564950 
14.574053 
14.004939 
17.460812 
13.273790 
16.136496 
14.239748 
14.006762 
14.498820 
14.125261 
12.975309 
13.274175 
15.238592 
14.516377 
14.528531 
13.653900 
11.286136 
14.654594 
13.501860 
11.652758 
12.503617 
17.541351 
12.812963 
12.043113 
15.223078 
12.957668 
13.307188 
11.511860 
19.086256 
14.425895 
11.367811 
13.205371 
18.533543 
13.068993 
13.675502 
13.136117 
17.075974 
12.376378 
10.979485 
15.212600 
12.344889 
11.745221 
13.587735 
14.285132 
20.497176 
13.234548 
13.783042 
20.361883 
12.520045 
13.199733 
15.792500 
11.543839 
13.447600 
16.492621 
12.642780 
12.277291 
13.353941 
13.751041 
11.358797 
16.782043 
13.321334 
13.993033 
13.023099 
13.570965 
11.771328 
14.470342 
12.335254 
13.117103 
14.023562 
13.076797 
14.070852 
16.537455 
14.508248 
14.457134 
14.415864 
16.546159 
16.910350 
16.653718 
23.874483 
22.916198 
