12.365962 
13.460392 
13.366256 
15.932946 
13.556754 
15.848195 
16.954234 
11.672422 
13.495325 
15.841769 
14.916014 
14.657899 
13.266999 
15.418139 
12.301279 
12.473896 
14.205713 
17.262016 
12.298164 
15.059814 
14.699254 
17.339050 
13.337004 
16.454670 
15.171005 
14.021681 
14.880461 
14.315530 
13.100511 
13.302759 
15.397714 
14.513697 
14.950708 
12.766549 
11.655784 
15.209415 
13.355620 
11.821444 
13.773987 
15.087165 
12.550539 
12.524896 
15.495616 
13.107010 
13.311351 
11.717370 
15.931973 
14.646261 
11.803777 
13.511156 
14.553896 
13.015418 
13.681560 
12.916805 
16.265611 
31.431694 
11.157762 
15.337099 
12.510738 
11.834593 
12.665990 
13.614924 
18.462544 
31.030395 
13.426859 
16.459766 
12.870552 
14.098502 
16.219910 
11.589258 
13.301609 
14.459438 
12.338419 
13.195100 
13.481052 
13.589767 
11.861413 
14.039988 
13.648258 
14.274068 
12.612950 
15.485116 
11.871920 
15.601028 
14.414971 
13.644918 
14.878817 
13.911627 
13.797840 
13.074100 
13.731614 
13.642999 
14.653783 
13.487240 
15.255460 
15.677121 
14.754308 
12.370125 
40.037214 
42.852399 
