12.559867 
13.456717 
13.550685 
15.922771 
13.558302 
16.954134 
11.673593 
13.497184 
13.096484 
15.002091 
14.659278 
15.420952 
12.302756 
12.474831 
14.203356 
17.263718 
12.387584 
15.216758 
14.709551 
771.976623 
13.337719 
16.455173 
15.173833 
14.028203 
14.468146 
13.985753 
13.101584 
13.302307 
14.066114 
14.514410 
11.888721 
12.790573 
11.656438 
15.211550 
13.322446 
11.924844 
13.776019 
15.073284 
12.547495 
12.520181 
15.497657 
14.226245 
12.239002 
11.718259 
15.927447 
14.648500 
13.696636 
12.082958 
14.541306 
13.050910 
13.722069 
12.942933 
703.555659 
31.334766 
11.340100 
15.064409 
11.928134 
10.612928 
12.667271 
13.616385 
18.447021 
30.780934 
13.291651 
16.671825 
12.872817 
14.106065 
16.224378 
11.592421 
13.349448 
14.517731 
12.347518 
13.196055 
13.482748 
13.591470 
11.862525 
14.041322 
14.352943 
12.464922 
12.612226 
15.486894 
11.872998 
15.591840 
14.464366 
13.759449 
14.879063 
13.912649 
13.297290 
12.938046 
13.740371 
13.643985 
14.651489 
13.470126 
15.235073 
15.645228 
14.711405 
12.371450 
39.754645 
42.839078 
1448.322439 
1449.121484 
