12.934081 
12.975623 
11.920149 
15.536928 
13.229336 
16.350811 
12.610207 
13.490262 
13.058751 
26.217167 
14.387633 
15.244941 
12.142591 
12.487054 
15.909773 
23.430654 
13.746489 
14.256923 
18.696989 
12.604587 
15.712726 
15.178678 
14.112478 
14.152635 
14.103668 
12.562499 
12.958210 
13.131574 
14.669587 
12.603266 
11.547710 
15.224262 
15.375803 
12.152724 
14.142545 
14.492838 
25.315416 
11.943934 
13.489981 
14.869839 
12.534085 
11.702563 
15.785220 
15.044789 
14.342212 
11.066877 
13.918414 
12.110327 
12.584754 
14.519936 
20.604210 
11.539422 
15.195457 
13.158504 
11.223236 
12.823927 
13.407285 
17.184815 
20.959285 
12.395948 
15.414464 
12.879694 
14.194857 
16.487455 
11.490027 
13.118352 
13.017985 
12.259077 
12.614856 
13.144595 
13.520251 
25.222830 
11.166760 
13.378169 
12.530038 
15.551268 
11.171705 
15.505579 
14.315119 
13.636809 
15.492680 
14.107952 
12.838400 
12.658209 
13.350898 
13.370292 
14.428445 
12.768407 
14.106514 
13.241978 
12.584199 
12.532804 
19.183305 
21.625313 
27.495498 
30.321982 
28.403513 
39.971410 
44.357568 
34.076908 
