21.435245 
13.147881 
12.022978 
15.782898 
13.227344 
16.242948 
12.659830 
13.522984 
13.209760 
14.158711 
14.368641 
15.428611 
12.224362 
12.611606 
15.839063 
19.545474 
14.021721 
14.621225 
14.697139 
23.471305 
15.550858 
15.726690 
14.144044 
14.219948 
14.472060 
12.601338 
13.228224 
13.287948 
14.700118 
13.374345 
11.682022 
15.118881 
15.459355 
12.238972 
14.151923 
14.627304 
18.147268 
12.107932 
13.670594 
15.184427 
12.774841 
11.745137 
15.626070 
15.103436 
14.482067 
11.201220 
13.991351 
12.350580 
12.707476 
14.909615 
16.280243 
11.578801 
15.314672 
22.645494 
12.808636 
13.452731 
17.420233 
15.708938 
12.431196 
15.711208 
13.055655 
14.300308 
16.410430 
11.733464 
13.370530 
12.826132 
12.238419 
12.564373 
13.196887 
13.582883 
14.030937 
11.224455 
13.505788 
12.493835 
15.550729 
11.213745 
15.444129 
13.766904 
13.734897 
15.603782 
14.203008 
12.937897 
12.650230 
13.209523 
13.345729 
14.399819 
12.691385 
13.979998 
13.513628 
13.289469 
12.560057 
15.653937 
13.989987 
20.440800 
18.292771 
18.134223 
19.989914 
19.585515 
26.993221 
24.706109 
