14.585366 
12.991017 
10.927583 
15.485966 
13.114824 
16.118871 
12.567293 
12.236953 
13.300618 
19.598808 
14.259842 
14.924081 
33.675571 
15.648725 
18.877445 
14.005286 
14.499110 
14.375223 
22.623434 
15.461101 
15.643062 
14.255540 
14.544150 
14.515554 
12.366717 
13.142513 
12.779294 
14.746263 
13.465713 
12.036357 
15.630464 
15.225316 
12.525640 
13.991563 
14.753066 
17.683878 
11.929512 
13.516671 
15.294820 
12.889627 
11.918419 
15.644906 
14.508530 
14.374826 
11.304537 
14.107309 
12.394046 
12.640014 
15.120575 
15.962673 
11.658731 
15.479198 
21.927625 
11.128498 
17.161821 
15.395587 
12.186270 
15.655157 
32.946859 
14.448372 
16.788959 
11.902496 
13.456385 
12.631632 
12.251308 
12.491230 
12.614060 
12.652208 
11.964368 
11.231238 
13.411766 
12.473014 
15.485157 
11.007552 
15.171199 
13.615825 
13.706841 
15.513641 
15.056608 
12.680394 
12.434291 
12.917047 
13.271414 
14.309579 
12.865167 
13.985988 
13.422092 
13.154942 
12.204842 
15.354511 
13.651039 
16.260335 
18.606540 
18.147860 
19.196711 
18.709164 
25.378237 
23.063361 
47.755267 
48.350492 
