14.388160 
13.486695 
10.981845 
21.829783 
16.387125 
12.590723 
12.358477 
13.033941 
18.004832 
14.300506 
14.794561 
22.311640 
15.622802 
17.653173 
12.566676 
15.686294 
14.004721 
19.084198 
15.641620 
17.434071 
14.030230 
14.524224 
15.031417 
12.361817 
13.628454 
12.414163 
14.633788 
12.969488 
12.395559 
16.002681 
15.228693 
12.683468 
13.960288 
15.258017 
16.694667 
11.576945 
12.715528 
15.256158 
12.844743 
11.975834 
15.334431 
14.613418 
14.173528 
11.204169 
14.431318 
12.150838 
12.573115 
15.629275 
14.297585 
11.545052 
15.279469 
19.143817 
11.191038 
15.377356 
12.207238 
16.969136 
22.656438 
14.939700 
17.400980 
11.685444 
13.154150 
12.516405 
12.113031 
12.624490 
12.744495 
12.811453 
12.110121 
11.046629 
12.864755 
12.457207 
15.439071 
11.030883 
15.320157 
13.599672 
13.845128 
15.881075 
15.250587 
12.663791 
12.346604 
12.739150 
21.211966 
14.297159 
13.154107 
14.204002 
15.260024 
12.845674 
11.510115 
13.378226 
13.548766 
13.948813 
15.643657 
17.013129 
16.899450 
16.368232 
19.023296 
16.988005 
25.884922 
26.541145 
22.924518 
22.840876 
