13.865409 
13.522967 
11.002873 
21.071389 
16.398088 
12.586093 
12.344441 
12.970288 
13.387812 
14.277504 
14.815333 
21.087521 
15.624728 
13.188867 
12.535428 
15.632297 
13.421656 
18.704655 
15.641990 
17.362334 
14.077126 
14.684334 
15.102240 
12.274404 
13.687449 
12.424519 
14.724662 
12.844384 
12.430932 
16.009289 
15.042553 
12.646369 
13.937963 
15.318325 
16.488910 
11.559097 
12.697110 
26.772954 
13.201201 
11.986106 
15.215142 
14.551505 
14.225704 
11.466333 
14.400373 
12.333305 
12.382634 
14.038718 
14.082660 
11.750021 
18.723055 
11.227175 
15.283125 
12.164603 
16.911810 
21.595824 
14.932784 
17.459945 
23.637718 
13.414021 
12.571794 
12.146944 
12.601907 
12.691543 
12.782992 
12.101253 
10.935978 
12.824110 
12.450070 
15.449228 
10.952659 
15.278127 
13.574559 
13.665292 
15.937285 
15.265466 
12.697499 
12.339583 
12.825454 
20.438847 
14.289337 
13.147758 
14.210801 
15.207410 
12.808260 
11.436686 
13.230801 
13.457314 
11.927684 
16.787113 
16.499420 
15.962508 
18.215876 
16.212576 
23.680099 
24.346119 
21.470574 
21.365823 
32.690487 
29.829512 
