8.660254037844384856e-01
8.928096946231324216e-01
8.836993916167739105e-01
8.408013628975133935e-01
8.018753738744800463e-01
7.872958216222167849e-01
7.465736239521021389e-01
7.401926528072124700e-01
6.873217490352686587e-01
6.462876147645063574e-01
6.415002990995840593e-01
6.462876147645064684e-01
6.415002990995840593e-01
6.462876147645064684e-01
6.610880944919378388e-01
6.415002990995841703e-01
5.931680847838619597e-01
5.735267574731380824e-01
5.660296756761036274e-01
5.313039287021095181e-01
5.379039775058622741e-01
