8.660254037844385966e-01
8.660254037844383745e-01
8.574508948360779481e-01
8.170050979098476551e-01
7.945187190682923006e-01
7.401926528072125810e-01
7.339198337156258578e-01
7.339198337156257468e-01
7.530655685082074946e-01
7.465736239521022499e-01
7.401926528072124700e-01
7.530655685082076056e-01
7.465736239521020279e-01
7.157234742020154306e-01
7.040856941336899322e-01
6.415002990995840593e-01
6.367833851356164976e-01
6.367833851356166086e-01
5.697535551213410709e-01
5.313039287021095181e-01
5.412658773652740951e-01
