0 0 0 0 0 31 43 21 5 0 0 0 0 0 0 0 0 0
0 0 0 0 0 25 60 17 4 0 0 0 0 0 0 0 0 0
0 0 0 0 0 25 57 17 4 0 0 0 0 0 0 0 0 0
0 0 0 0 0 25 63 19 3 0 0 0 0 0 0 0 0 0
0 0 0 0 1 26 62 24 2 0 0 0 0 0 0 0 0 0
0 0 0 0 1 28 64 24 3 0 0 0 0 0 0 0 0 0
0 0 0 0 0 29 64 27 1 0 0 0 0 0 0 0 0 0
0 0 0 0 2 25 73 21 4 0 0 0 0 0 0 0 0 0
0 0 0 0 0 29 68 23 3 0 0 0 0 0 0 0 0 0
0 0 0 0 0 33 65 23 5 0 0 0 0 0 0 0 0 0
0 0 0 0 2 34 57 32 3 0 0 0 0 0 0 0 0 0
0 0 0 0 2 31 68 25 5 0 0 0 0 0 0 0 0 0
0 0 0 0 1 27 79 21 4 0 0 0 0 0 0 0 0 0
0 0 0 0 1 33 63 26 3 1 0 0 0 0 0 0 0 0
0 0 0 0 1 36 58 36 1 0 0 0 0 0 0 0 0 0
0 0 0 0 0 33 77 25 4 0 0 0 0 0 0 0 0 0
0 0 0 0 0 32 77 30 1 0 0 0 0 0 0 0 0 0
0 0 0 0 0 31 85 29 1 0 0 0 0 0 0 0 0 0
0 0 0 0 2 28 91 26 3 0 0 0 0 0 0 0 0 0
0 0 0 0 1 22 98 24 0 0 0 0 0 0 0 0 0 0
0 0 0 0 1 28 97 24 3 0 0 0 0 0 0 0 0 0
