0 0 0 0 1 21 56 21 1 0 0 0 0 0 0 0 0 0
0 0 0 0 1 22 53 20 2 0 0 0 0 0 0 0 0 0
0 0 0 0 0 27 52 21 3 0 0 0 0 0 0 0 0 0
0 0 0 0 3 30 50 20 8 0 0 0 0 0 0 0 0 0
0 0 0 0 3 30 54 22 7 0 0 0 0 0 0 0 0 0
0 0 0 0 0 29 67 25 2 0 0 0 0 0 0 0 0 0
0 0 0 0 0 30 68 26 2 0 0 0 0 0 0 0 0 0
0 0 0 0 1 31 69 31 1 0 0 0 0 0 0 0 0 0
0 0 0 0 1 28 73 28 1 0 0 0 0 0 0 0 0 0
0 0 0 0 0 32 71 24 4 0 0 0 0 0 0 0 0 0
0 0 0 0 1 31 73 29 2 0 0 0 0 0 0 0 0 0
0 0 0 0 1 28 77 28 1 0 0 0 0 0 0 0 0 0
0 0 0 0 1 24 85 24 1 0 0 0 0 0 0 0 0 0
0 0 0 0 1 33 73 31 2 0 0 0 0 0 0 0 0 0
0 0 0 0 2 25 94 25 2 0 0 0 0 0 0 0 0 0
0 0 0 0 2 22 104 24 1 0 0 0 0 0 0 0 0 0
0 0 0 0 1 31 96 31 1 0 0 0 0 0 0 0 0 0
0 0 0 0 1 40 92 32 5 0 0 0 0 0 0 0 0 0
0 0 0 0 1 39 106 31 5 0 0 0 0 0 0 0 0 0
0 0 0 0 6 40 94 44 4 0 0 0 0 0 0 0 0 0
0 0 0 0 6 46 88 46 6 0 0 0 0 0 0 0 0 0
