0 0 0 0 0 23 56 19 2 0 0 0 0 0 0 0 0 0
0 0 0 0 0 20 59 18 1 0 0 0 0 0 0 0 0 0
0 0 0 0 0 19 62 15 2 0 0 0 0 0 0 0 0 0
0 0 0 0 0 26 46 22 2 0 0 0 0 0 0 0 0 0
0 0 0 0 2 19 59 17 3 0 0 0 0 0 0 0 0 0
0 0 0 0 0 27 54 21 3 0 0 0 0 0 0 0 0 0
0 0 0 0 0 27 62 25 1 0 0 0 0 0 0 0 0 0
0 0 0 0 1 35 51 30 2 1 0 0 0 0 0 0 0 0
0 0 0 0 1 27 68 29 0 0 0 0 0 0 0 0 0 0
0 0 0 0 0 25 75 25 0 0 0 0 0 0 0 0 0 0
0 0 0 0 2 30 71 26 4 0 0 0 0 0 0 0 0 0
0 0 0 0 0 26 75 26 0 0 0 0 0 0 0 0 0 0
0 0 0 0 0 27 75 23 2 0 0 0 0 0 0 0 0 0
0 0 0 0 1 26 77 24 2 0 0 0 0 0 0 0 0 0
0 0 0 0 0 28 74 26 1 0 0 0 0 0 0 0 0 0
0 0 0 0 1 28 77 24 3 0 0 0 0 0 0 0 0 0
0 0 0 0 0 34 72 30 2 0 0 0 0 0 0 0 0 0
0 0 0 0 1 36 75 30 4 0 0 0 0 0 0 0 0 0
0 0 0 0 3 38 75 40 2 0 0 0 0 0 0 0 0 0
0 0 0 0 2 29 99 28 1 1 0 0 0 0 0 0 0 0
0 0 0 0 0 30 106 28 1 0 0 0 0 0 0 0 0 0
