0 0 0 0 1 23 52 23 1 0 0 0 0 0 0 0 0 0
0 0 0 0 1 23 50 21 2 0 0 0 0 0 0 0 0 0
0 0 0 0 1 28 41 26 2 0 0 0 0 0 0 0 0 0
0 0 0 0 1 27 49 23 3 0 0 0 0 0 0 0 0 0
0 0 0 0 0 31 50 23 4 0 0 0 0 0 0 0 0 0
0 0 0 0 0 32 52 20 6 0 0 0 0 0 0 0 0 0
0 0 0 0 1 32 55 22 6 0 0 0 0 0 0 0 0 0
0 0 0 0 0 31 57 27 2 0 0 0 0 0 0 0 0 0
0 0 0 0 1 26 73 24 2 0 0 0 0 0 0 0 0 0
0 0 0 0 1 29 74 29 1 0 0 0 0 0 0 0 0 0
0 0 0 0 0 29 79 25 2 0 0 0 0 0 0 0 0 0
0 0 0 0 1 26 79 28 0 0 0 0 0 0 0 0 0 0
0 0 0 0 1 27 78 29 0 0 0 0 0 0 0 0 0 0
0 0 0 0 1 29 76 25 3 0 0 0 0 0 0 0 0 0
0 0 0 0 0 30 72 28 1 0 0 0 0 0 0 0 0 0
0 0 0 0 1 33 67 33 1 0 0 0 0 0 0 0 0 0
0 0 0 0 4 35 69 33 5 0 0 0 0 0 0 0 0 0
0 0 0 0 1 30 93 22 5 0 0 0 0 0 0 0 0 0
0 0 0 0 2 27 97 23 4 0 0 0 0 0 0 0 0 0
0 0 0 0 3 36 84 38 2 0 0 0 0 0 0 0 0 0
0 0 0 0 0 35 93 31 2 0 0 0 0 0 0 0 0 0
