8.660254037844384856e-01
8.574508948360778371e-01
8.018753738744801574e-01
7.802030664724673992e-01
7.216878364870321638e-01
7.040856941336897101e-01
6.713375223135181757e-01
6.560798513518473207e-01
6.367833851356166086e-01
6.056121704786282534e-01
6.056121704786282534e-01
6.056121704786282534e-01
6.056121704786284754e-01
6.056121704786282534e-01
5.851522998543503551e-01
5.587260669577022165e-01
5.345835825829867716e-01
4.948716593053935076e-01
4.681218398834803285e-01
4.487178257950458216e-01
4.224514164802139482e-01
