0 0 0 0 0 24 53 22 1 0 0 0 0 0 0 0 0 0
0 0 0 0 0 26 53 24 1 0 0 0 0 0 0 0 0 0
0 0 0 0 0 30 50 26 2 0 0 0 0 0 0 0 0 0
0 0 0 0 1 32 49 26 4 0 0 0 0 0 0 0 0 0
0 0 0 0 2 28 60 24 4 0 0 0 0 0 0 0 0 0
0 0 0 0 1 28 65 26 2 0 0 0 0 0 0 0 0 0
0 0 0 0 0 27 75 27 0 0 0 0 0 0 0 0 0 0
0 0 0 0 0 26 83 24 1 0 0 0 0 0 0 0 0 0
0 0 0 0 1 24 86 24 1 0 0 0 0 0 0 0 0 0
0 0 0 0 1 28 91 22 4 0 0 0 0 0 0 0 0 0
0 0 0 0 1 20 109 22 0 0 0 0 0 0 0 0 0 0
0 0 0 0 1 27 105 24 1 1 0 0 0 0 0 0 0 0
0 0 0 0 1 29 104 31 0 0 0 0 0 0 0 0 0 0
0 0 0 0 2 24 117 22 3 0 0 0 0 0 0 0 0 0
0 0 0 0 1 25 119 25 1 0 0 0 0 0 0 0 0 0
0 0 0 0 0 31 116 25 3 0 0 0 0 0 0 0 0 0
0 0 0 0 1 38 104 38 1 0 0 0 0 0 0 0 0 0
0 0 0 0 7 43 90 42 6 1 0 0 0 0 0 0 0 0
0 0 0 0 6 51 84 49 7 0 0 0 0 0 0 0 0 0
0 0 0 0 7 52 91 44 11 0 0 0 0 0 0 0 0 0
0 0 0 0 6 61 88 55 7 0 1 0 0 0 0 0 0 0
