0 0 0 0 0 26 51 20 3 0 0 0 0 0 0 0 0 0
0 0 0 0 0 22 56 18 2 0 0 0 0 0 0 0 0 0
0 0 0 0 1 22 56 16 4 0 0 0 0 0 0 0 0 0
0 0 0 0 0 25 57 17 4 0 0 0 0 0 0 0 0 0
0 0 0 0 0 24 62 22 1 0 0 0 0 0 0 0 0 0
0 0 0 0 1 28 62 26 2 0 0 0 0 0 0 0 0 0
0 0 0 0 1 27 71 25 2 0 0 0 0 0 0 0 0 0
0 0 0 0 3 28 71 32 1 0 0 0 0 0 0 0 0 0
0 0 0 0 1 41 69 37 3 0 0 0 0 0 0 0 0 0
0 0 0 0 0 26 98 22 2 0 0 0 0 0 0 0 0 0
0 0 0 0 2 32 82 30 3 0 0 0 0 0 0 0 0 0
0 0 0 0 1 29 97 27 2 0 0 0 0 0 0 0 0 0
0 0 0 0 0 28 106 24 2 0 0 0 0 0 0 0 0 0
0 0 0 0 3 23 109 23 3 0 0 0 0 0 0 0 0 0
0 0 0 0 0 20 124 20 0 0 0 0 0 0 0 0 0 0
0 0 0 0 0 28 119 24 2 0 0 0 0 0 0 0 0 0
0 0 0 0 5 32 102 36 3 0 0 0 0 0 0 0 0 0
0 0 0 0 3 40 97 44 1 0 0 0 0 0 0 0 0 0
0 0 0 0 5 57 79 45 11 0 0 0 0 0 0 0 0 0
0 0 0 0 3 59 96 43 11 0 0 0 0 0 0 0 0 0
0 0 0 0 7 57 90 51 10 0 0 0 0 0 0 0 0 0
