72 64 60 29  5 33 
44 64 80 79 20 76 83 
74 18 75 82 49 84 85 
 7  4 50 18 22 87 86 
 7  3 93 92 33 87 
52 92 56 29  0 33 
26 19 94 38  7 22 
 4  3 93  6 38 22 
32 10  9 19 52 38 
10 45 61  8 19 21 
32 35 34 45  9  8 
23 43 99 57 13 51 
16 45 34 78 91 
25 23 99 98 11 97 
37 36 25 47 23 48 
77 30 97 98 68 20 
47 36 45 81 66 12 90 91 
37 25 82 85 96 76 
50  3 22 63 74  2 49 
 6 26  9  8 38 21 
76 96 97 30 15 79  1 
67 62 26 19 61  9 71 
94 63  7  3  6 18 
25 14 13 48 43 11 
55 46 60 59 40 39 
37 14 17 23 13 96 97 
 6 19 94 70 21 71 
35 54 77 78 34 68 
40 95 59 75 63 74 
60 55 56  5  0 
77 15 31 20 79 
42 73 30 77 41 79 
52  8 53 35 10 56 
 0 72 87  5 92  4 
10 35 27 45 12 78 
27 54 53 10 34 32 
14 37 47 16 81 
14 36 25 17 85 81 
 6  7 93 19  8 52 
70 40 89 88 24 46 71 
95 28 59 70 24 39 
77 78 31 90 65 91 42 
65 50 73 31 86 41 
89 88 51 23 48 11 67 
 1 64 60 75 83 59 
47 16 12 61 34 10  9 
51 89 24 55 69 39 
14 36 16 45 48 61 62 
47 14 23 43 62 67 
 2 18 50 65 66 84 
18  3 42 65 49 86 
89 46 43 57 11 69 
56  5 32  8 93 38 92 
35 54 58 69 32 56 
35 27 53 58 68 
24 46 60 69 29 56 
52  5 69 53 32 55 29 
99 11 51 58 69 
53 54 99 57 69 68 
40 28 75 44 60 24 
44 64 59 24 55 29  0 
47 45  9 62 21 
48 47 61 67 21 
95 28 94 22 18 74 
44  1 80 60 72  0 
49 66 90 41 42 50 
49 84 81 16 90 65 
62 48 43 88 21 71 
98 15 77 27 54 99 58 
51 46 57 55 58 53 56 
40 95 39 94 26 71 
67 88 21 26 70 39 
80 73 87 64  0 33 
42 86 31 79 80 87 72 
63 18  2 28 75 
83 44 59 28 74  2 82 
96 20  1 83 17 82 
27 78 30 15 31 41 68 
77 27 41 34 12 91 
31 73 30 80  1 20 
79 73  1 64 72 
37 36 66 84 85 16 
83 75  2 76 17 85 
75 44  1 76 82 
49 66  2 85 81 
82 17 37  2 84 81 
42 73 87 50  3 
73 72 33  4  3 86 
89 43 39 67 71 
51 46 43 88 39 
16 66 65 41 91 
12 16 90 78 41 
33  4 93  5 52 
 4  7 38 52 92 
 6 26 70 95 63 22 
40 28 70 63 94 
25 17 97 76 20 
25 13 96 98 15 20 
99 13 97 15 68 
98 13 11 57 58 68 
