29 59  5 63 71 33 
81 44 75 20 78 63 
74 73 80 83 82 18 49 
18 50  7  4 84 85 22 
33 85 90  3  7 91 
55 29 51  0 33 90 
26 92 19 38  7 22 
 6 38  3  4 91 22 
19  9 10 38 51 32 
60 21 19 45 10  8 
45 34 35  9  8 32 
56 98 97 13 43 23 
45 16 89 34 77 
11 97 95 25 23 96 
37 36 23 48 25 47 
76 30 67 95 96 20 
45 47 36 88 89 65 12 79 
25 94 37 83 80 75 
62 73  2  3 50 49 22 
26 21  6  9  8 38 
75  1 78 30 94 95 15 
66 61 60 26 70 19  9 
18 62  3  7 92  6 
25 13 11 43 48 14 
40 58 59 39 46 54 
95 13 94 17 23 37 14 
69 92 70 21  6 19 
35 53 67 76 77 34 
58 40 62 73 93 74 
55  5  0 59 54 
76 31 15 78 20 
42 72 30 76 41 78 
10 35  8 51 55 52 
 0  5 85  4 71 90 
77 27 45 12 35 10 
27 53 32 10 34 52 
47 16 79 37 14 
17 25 83 79 36 14 
19  8  6 51  7 91 
40 24 87 86 46 69 70 
58 24 28 39 93 69 
31 76 42 64 77 89 88 
84 50 64 72 31 41 
66 86 48 11 98 87 23 
59 58 74 81  1 63 
47 16 60 12 34 10  9 
99 68 87 39 24 54 
45 16 36 60 61 48 14 
61 66 43 23 47 14 
 2 82 18 50 64 65 
18  3 84 49 64 42 
55  5 38  8 90 32 91 
55 68 32 57 35 53 
35 27 67 57 52 
55 68 29 46 24 59 
29  5 51 32 54 68 52 
11 98 97 99 68 57 
68 56 97 67 53 52 
40 24 59 44 28 74 
58 24 44  0 29 63 54 
21 61 47 45  9 
66 48 21 60 47 
28 73 93 92 18 22 
 1 44  0 71 78 59 
42 41 65 49 88 50 
49 82 64 88 16 79 
61 48 43 86 21 70 
76 15 27 53 96 97 57 
99 56 57 46 54 55 52 
39 40 93 92 26 70 
39 86 69 26 21 66 
85 72 78  0 63 33 
84 85 71 42 31 78 
28 62 74  2 18 
58 44 28 73  2 80 81 
17 94 80 81  1 20 
30 31 15 67 27 41 77 
34 27 76 41 89 12 
31 72 30 71 20  1 63 
36 16 65 82 37 83 
17 75 74  2 83 81 
75 80 74 44  1 
83  2 49 65 79 
 2 82 37 17 79 80 
72 85  3 50 42 
33  4 71 72 84  3 
39 87 43 66 70 
39 86 43 98 99 46 
64 41 89 65 16 
77 41 88 16 12 
51  5 91 33  4 
38 51 90  7  4 
62 93 69 26  6 22 
28 40 62 92 69 
25 95 17 75 20 
25 13 94 96 15 20 
95 15 67 97 13 
11 13 56 67 96 57 
56 11 43 87 99 
87 98 56 68 46 
