70 33 62 58 29  5 
44 62 96 20 74 
18 49 80 78 72 79 73 
22 18  7 50 81  4 82 
33 86  3  7 87 82 
55 29 86 33 51  0 
26 88 22  7 38 19 
22  6  3 38 87  4 
32 51 10 38  9 19 
 8 10 45 59 21 19 
45 34 35 32  8  9 
56 94 93 13 23 43 
45 34 76 98 16 99 
25 23 91 92 93 11 
25 23 48 47 36 37 
75 30 66 20 91 92 
47 45 12 36 77 64 85 99 
74 78 80 90 25 37 
49  2 61 22 72  3 50 
26  6 38 21  9  8 
 1 74 90 96 30 15 91 
60 59 26 69 65  9 19 
 6 88  7 61 18  3 
25 13 48 43 14 11 
58 54 46 40 57 39 
23 13 91 90 17 14 37 
 6 88 21 69 68 19 
66 53 35 34 75 76 
40 57 61 72 89 73 
55 54 58  0  5 
75 31 97 96 15 20 
71 42 41 75 30 97 
35 52  8 51 55 10 
70 82  4 86  0  5 
10 45 35 12 76 27 
32 52 53 27 34 10 
16 47 77 14 37 
14 25 17 80 77 36 
 7  6 87 51  8 19 
46 84 68 40 83 69 24 
28 57 89 68 39 24 
42 31 63 85 98 76 75 
31 71 41 63 50 81 
48 23 84 83 94 65 11 
 1 62 58 57 73 74 
47 59 10 34 12 16  9 
39 84 95 24 54 67 
45 59 60 48 16 36 14 
47 60 65 43 23 14 
18  2 64 63 79 50 
49 18  3 63 42 81 
 5 86 87  8 32 38 55 
32 35 53 56 55 67 
66 27 35 52 56 93 
29 55 58 24 46 67 
29 54 32 52 51  5 67 
53 52 93 95 94 11 67 
40 28 44 58 73 24 
29 54  0 62 44 57 24 
47 45 60 21  9 
47 59 48 65 21 
22 18 88 72 28 89 
44  1 70  0 58 96 
50 49 42 41 85 64 
63 49 85 16 77 79 
69 83 48 60 21 43 
53 27 75 15 93 92 
55 54 46 95 52 56 
26 88 69 89 40 39 
65 83 21 26 68 39 
82 33 71 97  0 62 96 
81 82 70 97 42 31 
61 28 18  2 73 
72 28 57 44 78  2 74 
 1 20 90 73 78 17 44 
66 27 31 30 41 15 76 
12 34 98 41 75 27 
16 36 64 79 80 37 
80  2 17 73 74 
 2 49 80 64 77 
78 17  2 79 77 37 
50  3 42 71 82 
 4 33 81 71  3 70 
65 69 84 43 39 
43 83 94 39 46 95 
63 41 64 98 16 99 
 4 33 87 51  5 
86 51 38  7  4 
26  6 22 61 68 89 
61 88 28 68 40 
74 17 25 91 20 
25 13 90 15 20 92 
93 66 15 91 13 
53 66 56 92 13 11 
43 84 95 56 11 
94 84 46 56 67 
 1 20 30 97 62 70 
71 70 30 31 96 
41 85 76 12 99 
98 12 16 85 
