33 69  5 29 98 61 99 
44 73 94 20 61 
77 79 72 71 78 49 18 
81 80 50 18  4  7 22 
81 33  3  7 85 
51 85 33 29 55  0 
26 19 38  7 86 22 
 6 38  4  3 22 85 
10 32 51  9 19 38 
58 21 19 10 45  8 
35 34 45 32  8  9 
43 92 23 13 91 56 
16 45 34 75 97 
90 89 91 25 23 11 
37 36 47 48 25 23 
65 90 89 30 74 20 
47 36 76 45 63 84 12 97 
37 79 77 73 88 25 
 2 71 49 50  3 60 22 
 9 21  8  6 26 38 
73  1 88 89 94 30 15 
64 59 58 68  9 19 26 
18  3 60  7 86  6 
48 43 14 25 13 11 
46 39 40 54 57 98 
14 37 13 89 17 88 23 
68 67  6 19 21 86 
35 53 74 75 34 65 
72 57 40 87 71 60 
54 55  5  0 98 
74 31 95 94 20 15 
70 42 41 74 95 30 
10  8 51 55 52 35 
81 69  0 85  5  4 
35 10 45 12 75 27 
27 53 32 10 52 34 
16 47 76 37 14 
76 36 79 14 17 25 
19  8  6 51  7 85 
83 82 68 67 46 40 24 
87 67 39 28 57 24 
42 31 62 84 74 75 96 
41 62 31 70 80 50 
83 82 92 64 48 23 11 
72 57 73  1 61 99 
16 47 10 34 58 12  9 
54 66 39 83 24 93 
16 36 45 58 59 14 48 
64 59 43 47 14 23 
78  2 18 50 62 63 
18 49  3 80 62 42 
 5 55 32  8 38 85 
55 66 32 35 53 56 
35 27 52 91 56 65 
55 66 46 29 24 98 
54 66 29 51 32 52  5 
93 92 91 53 52 66 11 
28 72 40 24 44 98 99 
21 59 47 45  9 
21 64 58 47 48 
18 71 28 87 86 22 
 1 44  0 69 94 99 
41 84 42 63 49 50 
62 49 84 16 76 78 
21 59 68 82 43 48 
74 27 53 91 90 15 
54 55 46 52 93 56 
39 68 87 40 26 86 
64 82 21 39 67 26 
81 33 70  0 94 95 61 
81 69 42 80 95 31 
 2 72 28 18 60 
 2 71 77 28 57 73 44 
72 77 20 88 17 44  1 
41 75 31 27 30 65 15 
12 34 41 74 96 97 27 
16 36 63 37 79 78 
17 79  2 72 73 
79 76 63 49  2 
37 76 78 17 77  2 
81  3 42 70 50 
69 70 33 80  3  4 
64 68 39 83 43 
39 82 46 93 92 43 
62 41 63 16 96 97 
38 51  5  7  4 33 
60 87 26  6 67 22 
40 67 28 60 86 
73 20 17 89 25 
13 90 20 88 25 15 
13 89 91 65 15 
56 53 90 13 65 11 
93 83 43 56 11 
46 66 83 92 56 
30 20 95 69  1 61 
30 94 69 70 31 
41 84 75 97 
12 75 96 16 84 
 0 29 54 24 57 99 
61 44 57 98  0 
