32 68  4 28 60 97 96 
17 70 71 76 78 77 48 
49 17 21  6  3 80 79 
 2  6 80 32 84 
50 84 32 28 54  0 
25 18 37  6 21 98 99 
 5 37 21  2  3 84 
 9 31 50  8 18 37 
57 20 18  9 44  7 
34 33 44 31  7  8 
12 89 55 90 42 22 
44 33 74 94 15 95 
24 87 10 89 88 22 
36 35 46 47 24 22 
29 73 88 87 19 64 
46 35 44 11 75 62 83 95 
86 72 36 78 24 76 
49  2  1 70 21 48 59 
 8 20  7  5 25 37 
86 87 72 14 29 92 
63 58 57 67  8 18 25 
 5  6  2 17 59 98 
47 42 10 13 12 24 
45 38 39 53 56 96 
13 36 12 87 86 16 22 
67 66  5 18 20 99 
34 52 33 74 73 64 
71 56 70 39 85 59 
53 54  4  0 96 
73 30 14 19 92 93 
69 41 40 73 29 93 
 9  7 50 54 34 51 
80 68  0 84  4  3 
34  9 44 11 74 26 
31  9 51 52 26 33 
36 75 15 46 13 
75 35 78 13 24 16 
18  7  5 50  6 84 
82 81 67 66 45 39 23 
27 56 85 66 38 23 
74 94 41 30 83 61 73 
30 69 40 61 49 79 
82 81 90 63 47 10 22 
72 92 71 56 60 97 
 9 33 11 57 46 15  8 
53 65 38 82 23 91 
57 58 44 15 35 13 47 
63 58 42 46 13 22 
 1 77 17 49 61 62 
17  2 41 61 79 48 
 4 54 31  7 37 84 
54 65 31 34 52 55 
51 34 26 89 55 64 
54 65 45 28 23 96 
53 65 28 50 31 51  4 
91 90 89 52 51 65 10 
27 71 39 43 23 97 96 
20 58 46 44  8 
20 63 57 46 47 
27 70 85 17 21 98 
 0 68 92 43 97 
62 48 83 49 41 40 
61 48 83 15 75 77 
20 58 67 81 42 47 
14 73 88 26 52 89 
53 54 45 51 91 55 
38 67 85 39 25 99 
63 81 20 38 66 25 
80 32 69  0 92 93 60 
80 68 41 79 30 93 
71 27 17  1 59 
76 72 27 56 70 43  1 
19 86 92 76 71 43 16 
40 74 30 26 29 14 64 
11 33 94 40 73 26 
36 35 78 15 62 77 
72 71  1 78 16 
78 75 62 48  1 
36 75 77  1 16 76 
49 41 69 80  2 
68 69  3  2 32 79 
63 67 38 82 42 
38 81 45 91 90 42 
62 61 15 40 94 95 
37 50  4  6  3 32 
27 39 66 59 98 99 
24 87 16 72 19 
24 12 86 88 19 14 
12 87 89 14 64 
55 52 12 10 88 64 
91 82 42 55 10 
45 65 82 90 55 
72 19 43 93 68 29 60 
30 69 92 68 29 
74 11 40 83 95 
11 94 15 83 
 0 28 97 53 23 56 
60  0 43 56 96 
21  5 59 85 99 
25  5 98 66 85 
