 4 32 95 94 60 28 68 
71 70 78 76 17 77 48 
80 79 21  6 17  3 49 
 6  2 80 32 83 
50 83 32  0 54 28 
97 96 25 18 37  6 21 
21  2  3  5 37 83 
 9 31 50 37 18  8 
20 57 18  7  9 44 
33 34 31  7  8 44 
55 89 88 12 42 22 
15 93 44 33 74 
88 87 10 24 22 86 
36 24 22 35 46 47 
19 29 86 87 64 73 
62 75 35 46 98 93 44 99 11 
78 76 72 85 36 24 
70 59  1 21  2 49 48 
25 20  5 37  8  7 
60 72 91 85 29 86 14 
67 63 25 18 58 57  8 
59 96  6  2 17  5 
24 12 13 10 42 47 
56 94 39 38 45 53 
36 13 22 12 86 85 16 
20 67 18 66 97  5 
74 73 64 52 34 33 
71 56 59 70 39 84 
54  4  0 94 53 
91 19 30 73 14 
91 29 69 73 40 41 
34  9 51 54 50  7 
 4 83  3  0 68 80 
26 34  9 44 74 11 
26 52 31  9 33 51 
46 13 36 75 15 
13 24 78 75 35 16 
 5 18  6 83 50  7 
23 45 39 82 81 66 67 
56 27 23 84 66 38 
61 41 30 73 98 74 92 
61 40 69 79 30 49 
10 89 63 81 82 22 47 
72 60 71 56 95 
46 57 15  9 33  8 11 
90 82 65 38 23 53 
35 13 47 58 57 15 44 
46 13 42 63 22 58 
17  1 77 49 61 62 
 2 79 17 41 61 48 
31 54  4 83 37  7 
65 55 52 34 31 54 
26 64 34 88 55 51 
54 65 28 45 23 94 
 4 50 51 65 31 28 53 
10 89 88 52 90 65 51 
23 94 71 27 43 39 95 
58 46 20  8 44 
46 57 47 63 20 
70 27 17 21 96 84 
72 43  0 95 19 91 68 
41 49 48 62 40 98 99 
77 75 48 61 15 99 
67 81 42 20 47 58 
26 73 52 88 87 14 
90 55 45 51 54 53 
25 67 97 84 39 38 
63 81 20 25 66 38 
69 91  0 60 32 80 
91 30 41 68 79 80 
59 27 71  1 17 
72 43 56 27 70  1 76 
16 85 60 43 71 76 19 
26 74 40 64 30 29 14 
40 73 26 33 92 93 11 
77 62 78 36 35 15 
78 16 72 71  1 
62 75 78  1 48 
 1 76 77 75 36 16 
69 41 80  2 49 
69 79  2 68  3 32 
63 67 42 82 38 
42 81 89 90 45 38 
 4 50 37 32  3  6 
39 27 66 59 97 96 
19 72 86 24 16 
19 85 87 12 24 14 
88 64 12 86 14 
55 52 10 64 87 12 
55 10 42 82 90 
82 89 45 55 65 
29 30 19 60 69 68 
98 93 40 74 
15 98 92 74 11 
23 56 95  0 28 53 
 0 94 60 43 56 
21 59 84 97  5 
25 66 84 96  5 
15 93 40 61 99 92 
15 62 98 61 
