 4 32 28 68 93 94 60 
71 75 70 76 48 77 17 
49 78  6 21 79 17  3 
 6  2 79 82 32 
54 50 28 82 32  0 
25 18 37 21 95  6 
 2 21  5 37 82  3 
 8 18 31 50  9 37 
20 57 18  7  9 44 
 7 31  8 44 33 34 
22 12 42 88 87 55 
44 15 33 74 91 92 
24 85 22 86 10 87 
22 47 35 36 24 46 
19 85 64 73 86 29 
44 11 35 98 97 46 92 
24 36 84 72 77 75 
 2 21 49 48 59 70  1 
 5 25 20  8  7 37 
90 29 14 84 72 85 60 
25 18  8 57 67 63 58 
95  5 59  6  2 17 
24 12 10 42 47 13 
39 38 56 45 53 93 
84 85 12 16 36 22 13 
66 67  5 18 20 95 
33 34 74 73 64 52 
39 83 56 59 70 71 
54 53  4 93  0 
73 14 30 90 19 
29 73 90 40 41 69 
34  9 51 54 50  7 
79  3 68 82  4  0 
44 11  9 74 26 34 
33  9 31 51 26 52 
99 36 98 13 15 46 
24 16 99 35 77 13 
 5 18  7 82 50  6 
67 80 66 39 23 81 45 
27 83 66 38 23 56 
73 74 30 96 61 41 91 
61 40 49 78 30 69 
22 47 10 88 81 80 63 
94 56 71 72 60 
 8 57  9 15 11 33 46 
23 53 65 38 81 89 
44 57 15 58 35 47 13 
58 63 42 22 13 46 
49 61 76  1 62 17 
61 48  2 78 41 17 
31 54  7 82 37  4 
31 34 54 65 55 52 
26 64 87 34 55 51 
54 65 45 23 28 93 
31 51 50 65 53  4 28 
65 51 89 88 10 87 52 
27 39 23 43 94 93 71 
 8 20 58 44 46 
63 47 20 57 46 
27 83 95 21 70 17 
94 43 19 90 68 72  0 
49 48 41 40 62 96 
96 61 97 48 76 98 99 
67 80 20 58 47 42 
73 14 86 26 87 52 
54 51 53 45 89 55 
25 67 38 39 83 95 
38 80 63 25 66 20 
79 69 32 90  0 60 
78 79 68 90 30 41 
59 27 71  1 17 
70 27 56 43 75 72  1 
75 16 84 71 43 19 60 
64 14 26 74 29 30 40 
73 40 26 33 11 91 
16 72 71  1 77 
 1 48 77 62 99 
16 36 99 75  1 76 
49  2 41 79 69 
68 32  2 78  3 69 
67 38 63 81 42 
38 80 42 88 45 89 
37 50  4 32  6  3 
27 39 66 95 59 
24 85 19 72 16 
84 24 12 19 14 86 
64 14 85 12 87 
86 64 12 10 55 52 
10 42 81 89 55 
45 65 81 88 55 
68 69 30 29 19 60 
74 40 96 11 92 
96 97 91 15 11 
56 23 94 53 28  0 
43 56 93  0 60 
21  5 25 66 83 59 
61 40 62 97 91 92 
15 98 62 96 92 
35 99 15 97 62 
35 36 98 77 76 62 
