32 67 59 92 91 28  4 
74 70 47 17 69 76 75 
48 77 78  3 21  6 17 
81 32  6 78  2 
81 32  0 28 49 53 
25 93 18 21  6 36 
21  5 36 81  3  2 
18  8  9 49 36 31 
18  7  9 43 56 20 
 8  7 34 33 43 31 
12 86 22 41 54 87 
90 15 99 43 33 73 
85 86 10 22 24 84 
45 46 35 22 97 24 
84 85 19 29 72 63 
95 90 11 43 45 96 35 
83 71 74 76 24 
47  1 58 21 69 48  2 
 5 25  8  7 20 36 
29 14 89 59 71 84 83 
25 18  8 56 57 66 62 
58 93  5  6 17  2 
12 24 10 46 41 13 
37 38 55 91 52 44 
22 12 84 83 16 76 97 13 
65 93  5 18 66 20 
51 34 72 63 73 33 
69 70 58 55 38 82 
91  0 52  4 53 
30 89 19 14 72 
89 68 72 39 29 40 
50 34  9 53 49  7 
 0 67 78  3 81  4 
34  9 26 43 11 73 
26 51 50 31  9 33 
45 15 96 97 13 
 5  6 49  7 18 81 
65 38 80 79 66 23 44 
37 65 23 55 27 82 
60 40 94 98 73 72 30 
48 77 60 68 39 30 
80 79 22 46 10 62 87 
71 70 55 92 59 
 9 33 11  8 56 15 45 
80 37 23 52 88 64 
46 57 56 43 15 35 13 
45 57 22 41 62 13 
 1 17 48 60 75 61 
60 47 17 77 40  2 
36  7 53  4 81 31 
51 34 54 31 53 64 
54 86 26 34 50 63 
91 28 23 44 53 64 
52 28 31 49 50  4 64 
10 86 51 50 87 88 64 
42 92 23 38 27 70 91 
57 45 43  8 20 
46 45 56 20 62 
21 93 17 69 27 82 
42 92 89 67 71  0 19 
48 47 40 39 94 61 
94 95 96 75 60 47 
66 79 41 20 57 46 
72 26 85 86 14 51 
53 50 54 88 52 44 
37 38 25 93 66 82 
25 65 37 79 20 62 
32  0 78 59 89 68 
89 67 78 77 40 30 
 1 70 17 58 27 
 1 74 71 69 42 27 55 
74 16 70 42 59 19 83 
30 39 29 14 63 26 73 
72 26 33 39 11 99 98 
 1 70 71 16 76 
76  1 96 61 97 47 
75  1 74 16 24 97 
48 40 68 78  2 
67 32  3 68 77  2 
80 41 37 66 62 
41 79 37 44 87 88 
 4 32  3 49 36  6 
27 58 65 93 38 
19 71 84 24 16 
85 14 19 83 12 24 
12 86 84 14 63 
85 12 10 54 51 63 
54 10 80 41 88 
87 54 44 80 64 
59 67 68 19 29 30 
95 15 11 99 94 98 
 0 28 92 55 23 52 
55 42 59  0 91 
65 25  5 21 58 82 
95 61 90 60 39 98 
90 15 94 61 96 
95 61 75 15 35 97 
75 76 96 24 35 13 
90 99 94 39 73 
11 90 98 73 
