90 91 58 28 66 32  4 
68 17 69 73 47 74 75 
21 17  6  3 48 77 76 
 6  2 77 32 80 
 0 32 28 53 49 80 
18 36  6 21 92 25 
21  2  5 36  3 80 
31  9  8 18 36 49 
20 56 43  9 18  7 
 8 43 33 34 31  7 
85 12 22 54 86 41 
97 89 15 43 33 72 
83 24 10 85 22 84 
95 35 24 45 22 46 
19 83 84 29 71 62 
43 56 45 35 94 89 11 
24 75 82 73 70 
 1 68 21  2 98 47 48 
 8 20  5 36 25  7 
58 70 88 29 14 83 82 
57 56  8 18 61 25 65 
 2 17  6  5 92 98 
10 12 24 13 46 41 
55 38 37 44 52 90 
83 12 82 95 75 13 16 22 
64 92 18 20  5 65 
33 34 51 72 71 62 
55 38 81 69 68 99 
90 52  0 53  4 
19 14 71 30 88 
40 67 39 71 29 88 
 7  9 49 50 34 53 
 0 66 77  3  4 80 
43  9 34 26 11 72 
 9 33 26 51 50 31 
95 13 45 15 94 
 5 18  6  7 49 80 
23 38 44 64 79 78 65 
55 23 37 64 81 27 
93 96 59 40 30 72 71 
39 59 30 48 76 67 
61 78 46 79 86 10 22 
91 55 58 70 69 
 8 56  9 33 15 11 
23 52 37 79 63 87 
57 56 35 13 46 15 
61 57 45 13 22 41 
59 60 74  1 17 48 
47 59 40  2 17 76 
 7 36 31 53  4 80 
51 34 54 63 31 53 
26 34 50 54 85 62 
44 23 90 63 28 53 
31 49 63 52 28 50  4 
10 86 85 51 87 50 63 
23 38 90 91 42 69 27 
20 57  8 43 45 15 
20 56 61 45 46 
42 70 91  0 19 88 66 
39 93 40 47 48 60 
95 74 47 59 93 94 
57 20 46 65 78 41 
71 26 84 85 14 51 
44 52 87 54 50 53 
37 38 81 92 25 65 
25 64 37 78 61 20 
88 58  0 67 32 77 
30 40 76 88 77 66 
 1 17 69 98 27 99 
42 55 70  1 68 73 27 
58 42 69 73 19 16 82 
30 39 72 26 29 14 62 
26 33 11 97 39 96 71 
69 70  1 75 16 
75  1 47 95 60 
 1 74 73 95 24 16 
48  2 77 40 67 
 3  2 32 76 66 67 
37 79 65 61 41 
37 78 44 87 86 41 
 3 32 49 36  6  4 
64 38 92 27 99 
24 83 19 70 16 
24 12 82 19 14 84 
85 12 83 14 62 
10 12 84 54 51 62 
79 87 54 10 41 
79 44 63 86 54 
30 67 29 19 58 66 
93 96 97 94 15 11 
23 52 55 91  0 28 
90 55 42 58  0 
81 64  5 21 25 98 99 
39 96 59 89 60 94 
89 93 60 15 35 95 
35 13 24 75 74 60 94 
93 39 89 97 72 
89 96 11 72 
68 17 21 92 99 
27 81 92 98 68 
