88 89 27  4 31 64 56 
67 71 66 73 72 45 16 
16 20 46 74 75  3  6 
78  6 75 31  2 
78 47 27  0 31 51 
 6 20 90 35 17 24 
78 35  5 20  3  2 
 8  9 17 35 47 30 
42  9 19 17 54  7 
42 32  8  7 30 33 
52 84 40 21 12 83 
70 95 32 42 87 14 
10 21 83 23 82 81 
28 18 69 60 82 81 
42 11 87 54 92 34 44 
71 68 73 23 80 
66 96 46 45  1 20  2 
19 24  8  7 35  5 
68 80 81 13 28 56 86 
17 24 55 54 59 63  8 
96 90  5  6 16  2 
40 10 12 23 98 44 99 
43 36 88 53 50 37 
12 21 15 73 80 99 81 93 
62 63 19 17 90  5 
32 70 33 49 69 60 
37 53 79 67 97 66 
88  0  4 50 51 
29 86 18 13 69 
39 65 86 28 38 69 
47  7 33 48  9 51 
78  3  4 75  0 64 
70 25 11 42  9 33 
48 30 49 25 32  9 
92 14 44 98 93 
 7 17 47 78  6  5 
77 76 43 22 63 37 62 
22 36 53 62 79 26 
70 69 57 39 91 29 94 
65 74 29 38 46 57 
10 84 21 55 59 76 77 44 
56 68 89 67 53 
32 11  9  8 54 14 
77 85 36 22 61 50 
34 14 55 54 98 21 40 
72 58 57 46  1 16 
39 74 57 45 16  2 
 7 30 35 78  4 51 
52 49 61 33 30 51 
52 48 83 33 25 60 
43 22 88 61 27 51 
50 61 27 47 30  4 48 
84 85 48 49 10 61 83 
88 22 89 37 26 67 41 
19 55 42  8 14 44 
40 59 19 54 44 
18 68 64  0 89 41 86 
91 58 46 39 38 45 
57 91 92 45 72 93 
40 55 76 63 19 
69 13 25 83 49 82 
52 85 48 43 50 51 
63 24 36 37 79 90 
59 76 36 62 24 19 
75 65 31  0 56 86 
74 39 75 64 29 86 
67 26 97 96  1 16 
26 53 71 68 41 66  1 
15 80 71 18 56 67 41 
28 29 38 70 13 25 60 
11 95 69 25 38 32 94 
68 15 67 73  1 
73  1 45 58 93 
71  1 72 15 23 93 
65 39 75 46  2 
65 74 64 31  3  2 
36 77 40 59 63 
84 85 36 76 43 40 
 6 35 47  4 31  3 
37 62 26 97 90 
15 23 18 68 81 
23 12 80 82 13 18 
60 13 83 12 81 
52 49 10 12 60 82 
77 85 52 10 40 
84 77 52 43 61 
28 18 56 64 65 29 
11 95 94 91 14 92 
22 53 89  0 50 27 
88 53  0 56 41 
96 20 62 24 79 97  5 
57 58 38 94 87 92 
91 58 87 14 34 93 
98 34 99 92 58 72 73 23 
70 95 38 91 87 
70 11 87 94 
90 20 97 66 16 
26 79 90 96 66 
44 34 21 99 93 
23 21 98 93 
