87 16 85 72 71  8 
10 35 24  3 94  4 
25 75 74 10 73 
 1 94 35 95 15 84 70 
61 78 94 34 18  1 24 
68 26 39 41 52 32 
41 62 63 74 39 50 
49 65 31 66 14 53 
 0 87 71 46 77 59 
68 79 78 32 12 61 
35 36  1 24 25  2 73 
23 62 29 93 63 92 22 
76 77 32  9 61 18 59 
46 44 87 27 16 58 
36 15 66  7 53 82 
14 36 82 86 84  3 35 
27 13 87  0 85 47 
45 44 23 38 90 91 22 
34 33 81 12 61 59  4 
72 43 53 83 54 51 55 
26 48 57 40 96 60 
48 26 39 42 75 50 
31 92 11 23 17 91 49 
11 62 45 17 69 22 
 1 10 89 34 73  4 
75  2 65 66 36 10 
48 20 68  5 60 21 39 
13 16 40 57 47 58 
54 55 56 29 93 
56 28 98 64 93 63 11 
45 46 76 77 69 41 52 
22 49  7 53 54 92 
68  9  5 52 76 12 
34 18 88 81 80 56 
33 18 88 89 24  4 
10 36  1 15  3 
14 15 66 25 35 10 
96 97 42 38 65 90 49 
17 44 58 97 37 90 
 6 41  5 26 21 50 
57 20 27 47 70 60 67 
 6 62 69 30 39  5 52 
75 65 21 48 96 37 
72 71 19 81 80 55 
46 13 45 17 58 38 
46 44 17 23 69 30 
13 44 87 45 30 77  8 
85 16 27 86 40 70 84 
20 26 21 96 42 
90 37  7 65 91 31 22 
39  6 21 74 75 
82 83 86 19 72 85 
 5 41 30 76 32 
 7 14 31 82 83 54 19 
53 31 92 19 55 28 93 
54 28 19 43 80 56 
33 88 80 55 28 29 98 
40 20 27 96 97 58 
57 97 13 44 27 38 
12 18 81 77  8 71 
20 40 68 26 67 
12 18 78  9  4 
23 11  6 41 63 69 
 6 62 11 74 64 29 
73 99 74 98 29 63 
66  7 25 75 42 37 49 
36 14  7 65 25 
60 40 79 70 68 
 9 79  5 26 60 32 67 
23 62 45 41 30 
95 79 40 47 84 67  3 
72 43  0 81  8 59 
 0 85 71 43 19 51 
64 99 89 74  2 10 24 
75  2 73 64 63  6 50 
25  2 74 42 21 50 65 
30 77 12 52 32 
30 76 46 12  8 59 
 9 79 95 94 61  4 
95 70  9 68 78 67 
81 33 43 55 56 
33 18 80 71 43 59 
14 15 86 53 83 51 
53 82 19 51 
 3 70 47 86 15 
 0 16 47 86 72 51 
47 85 82 15 51 84 
13 46 16  0  8 
89 99 33 34 56 98 
99 88 34 24 73 
37 38 91 17 49 
90 17 22 49 
22 31 54 93 11 
29 28 54 92 11 
78 95  3  1  4 
79 70 78 94  3 
48 20 57 97 42 37 
57 96 58 38 37 
64 99 29 56 88 
89 88 73 64 98 
