83 15 85 69 70 
 9 34 92  4 23  3 
71  9 24 72 73 
14 34 82  1 92 93 68 
59 76 92  1 23 17 33 
66 25 31 50 40 38 
60 61 40 72 48 38 
98 63 64 13 51 30 99 
76 59 11 31 66 77 
 1 34 35 23 71 24  2 
60 61 90 91 21 28 22 
74 75 31  8 59 57 17 
26 15 85 45 56 43 
35 14 64  7 51 80 
35 34 13 84 82 80  3 
 0 83 26 12 85 46 
43 44 37 22 21 89 88 
59  4 32 79 57 11 33 
52 81 53 42 49 70 
25 58 47 39 55 94 
38 48 47 41 25 73 
90 30 99 10 22 16 89 
67 44 16 60 10 21 
 1  9 71 87  4 33 
35  9  2 64 73 63 
58 66 19  5 38 47 20 
12 15 56 55 46 39 
52 53 28 91 54 
61 10 62 96 91 27 54 
74 75 45 44 67 50 
90 21 51  7 52 99 
74 11  8 66  5 50 
17 79 86 54 33 78 
86 32 17  4 87 23 
 9  1 35 14  3 
 9 34 14 13 64 24 
94 41 95 37 63 98 88 
43 56 16 95 36 88 
 5 25 40  6 48 20 
65 58 26 55 46 68 19 
67 60  6 50  5 38 
47 20 73 94 36 63 
69 79 18 53 70 78 
56 37 12 45 44 16 
29 45 67 43 16 22 
29 44 85 12 75 43 
83 15 26 39 68 82 84 
41 94 19 25 20 
 6 72 38 73 20 
84 83 81 80 18 70 
67 29 40 74  5 31 
13  7 30 80 81 52 
90 30 51 81 53 27 91 18 
52 27 18 42 54 78 
86 32 53 27 96 28 78 
56 26 39 19 94 95 
26 55 12 43 37 95 
69 79 11 75 17 
66 65 39 19 25 
76  4  8 11 17 
67 40  6 61 10 22 
 6 60 72 10 28 62 
72 61 71 28 96 97 
41 73 36 98 64  7 24 
13  7 35 63 24 
66 58 39 68 77 
58 65 25  8 31 77  5 
29 44 60 40 50 22 
39 65 46 77 93 82  3 
85 75  0 57 79 42 70 
69  0 42 83 49 18 
72 62 23  9 87 97  2 
 6 61 48 73  2 71 62 
41 63 72 48  2 24 20 
11 75 29 31 50 
74 11 29 45 85 69 57 
59  4 92 93  8 77 
76 93 68 65  8 66 
54 32 53 42 79 
69 57 17 32 42 78 
14 13 51 81 49 84 
51 80 49 52 18 
68 46 84 14  3 
 0 15 46 84 49 70 
14 82 83 49 46 80 
 0 15 12 45 75 69 
97 87 96 54 32 33 
23 71 97 86 33 
98 99 89 36 37 16 
16 21 99 88 
21 10 30 52 91 
90 10 28 27 52 
 1  4 76 93  3 
92 76 77 68  3 
41 36 47 19 55 95 
36 37 94 56 55 
28 62 97 86 54 
71 87 96 62 86 
99  7 63 36 88 
21 30  7 98 89 88 
