82 15 69 84 68 
 9 33  3 23  4 91 
70 71 72 24  9 
81 67  1 33 14 92 91 
58 75 32 17 23  1 91 
39 49 30 37 25 65 
59 60 71 47 39 37 
50 98 99 97 62 63 13 
11 30 58 75 76 65 
 1 33 34 24  2 70 23 
59 22 28 60 90 21 
56 17 73 74 30  8 58 
26 15 44 42 84 55 
50  7 63 80 79 34 14 
83 79 81 34 33 13  3 
26 12 84 45 82  0 
43 22 42 36 87 88 21 
56 11 78 31 32 58  4 
48 80 69 51 52 41 
46 93 25 54 57 38 
40 72 47 46 25 37 
90 10 22 89 16 88 98 99 
59 66 43 10 16 21 
86 32  4  1  9 70 
34  9  2 72 62 63 
46 19 20 57 37  5 65 
12 15 55 45 38 54 
28 90 53 52 51 
90 10 60 27 53 95 61 
43 66 44 74 73 49 
11 73  8 49  5 65 
53 85 78 17 32 77 
31 85 17 86  4 23 
 9  1  3 14 34 
 9 24 63 33 14 13 
40 93 87 36 94 97 62 
16 42 55 35 87 94 
47 20 39  5  6 25 
26 45 57 19 64 67 54 
 5 49  6 59 66 37 
35 93 20 72 62 46 
18 69 52 77 78 68 
16 43 36 44 12 55 
22 66 29 16 42 44 
43 42 29 74 84 12 
26 38 15 81 83 82 67 
40 93 20 19 25 
 6 71 72 20 37 
79 83 82 69 80 18 
29 66 73 39  5 30 
98  7 89 13 80 51 
52 27 89 90 50 80 18 
53 27 51 18 41 77 
95 85 28 27 52 31 77 
94 55 26 19 93 38 
12 26 36 42 94 54 
11 17 74 78 68 
19 25 38 64 65 
11  8 75 17  4 
22 66 10 60  6 39 
28 61 10 59 71  6 
95 28 60 71 70 96 
72 40 24 63 35 97  7 
34 24 62  7 13 
76 67 38 57 65 
 5 25 57 30  8 76 64 
22 59 43 29 49 39 
81  3 92 76 64 38 45 
78 41  0 69 56 84 74 
48 82  0 18 41 68 
71 61 96 86  2  9 23 
61 70 60  2 72  6 47 
24 62  2 71 40 20 47 
29 74 49 11 30 
44 29 84 73 11 56 68 
58  8 76 92  4 91 
75  8 92 64 67 65 
41 52 53 31 78 
56 17 31 77 41 68 
83 14 48 80 13 
79 48 50 13 18 51 
83 14 45 67  3 
45 15 83 48 69  0 
79 14 81 45 82 48 
44 74 12 15  0 68 
95 53 31 32 96 86 
32 85 96 70 23 
99 88 35 36 16 97 
87 99 16 21 
21 90 98 50 51 
28 10 21 89 27 51 
 4  1  3 92 75 
 3 67 76 75 91 
40 35 94 54 19 46 
55 36 35 93 54 
53 85 28 61 96 
95 85 61 70 86 
87 35 99  7 62 
50 89  7 99 21 
87 88  7 98 21 97 
