15 78 63 64 76 
 9 31 23  4 85  3 
24  9 66 65 99 98 
 1 31 85 14 75 86 62 
54 17 23  1 85 30 69 
46 36 29 61 25 34 
55 56 36 34 44 65 
92 93 47 58 59 91 13 
11 54 29 61 70 69 
32 31  1 24 23  2 98 
84 21 27 56 55 22 
 8 54 17 95 94 68 67 29 
41 78 15 52 39 
47 74 73  7 59 32 14 
31 32 13 73  3 75 77 
12 78 52 51 35 42  0 76 
22 21 40 39 33 81 82 
54  4 72 95 30 11 97 
38 64 49 48 74 45 
53 35 51 25 43 87 88 
34 44 25 43 37 66 
84 10 22 16 83 82 92 
10 21 16 40 55 
 9  1  4 30 80 98 
 9 32 59  2 66 58 
61  5 53 34 20 43 19 
27 50 84 83 49 48 
89 50 57 56 26 10 84 
41 68 67 40 46 
46  5 67 11  8 61 
79 96  4 17 80 23 97 
14 32  9  1  3 
31  9 13 59 14 24 
16 39 52 81 88 
36  5 25  6 44 20 
60 53 62 51 15 42 19 
46  5 55  6 34 
58 91 87 66 20 43 
18 64 72 71 49 63 
41 40 16 33 12 52 
28 41 46 55 16 22 39 
78 68 12 28 40 39 
15 35 62 75 77 76 
25 20 19 87 37 
34  6 20 65 66 
74 18 73 77 64 76 
36  5 28 67 40 55 29 
92 83  7 13 74 48 
26 83 47 49 74 18 
71 50 26 38 18 48 
71 96 89 27 79 26 49 
15 35 52 19 88 
15 12 39 33 51 88 
61 25 35 60 19 
 4 17 11  8 69 
10 56 46 40 36  6 22 
10 27 55  6 57 65 
89 90 56 65 27 99 
37 91 24 59 66  7 
 7 58 13 32 24 
35 62 53 70 61 
29  5  8 25 53 70 60 
75  3 86 70 60 35 42 
78 68 94 72  0 64 38 
 0 63 38 18 76 45 
 2 99 57  6 44 56 66 
20 44 37 58 65  2 24 
28 68 46 11 29 
78 41 28 67 11 94 63 
 8 54 70 86 85  4 
86 62 61  8 60 69 
96 50 72 49 38 
95 94 96 71 17 97 63 38 
13 74 14 77 45 
47 13 73 48 18 45 
62 42 77  3 14 
77 42 15  0 64 45 
42 75 76 14 73 45 
41 68 12 15 63  0 
96 50 89 90 80 30 
90 79 30 23 98 
16 33 82 87 91 93 88 
16 21 81 92 93 
26 84 21 92 47 48 
26 27 10 21 83 
 4  1  3 86 69 
 3 85 62 70 69 
81 91 37 43 19 88 
19 51 87 52 33 81 
27 50 79 90 57 
79 80 89 57 99 98 
37 58 81 87 93  7 
83 21 82 47 93  7 
82 81 92 91  7 
95 72 11 68 63 
72 94 17 11 
71 50 72 79 30 97 
30 17 96 72 
 2  9 99 23 80 90 
57 65 90  2 98 
