69 58 57 71 14 11 
21 60  8 59 91 90 
13 28 92 78 93 79 68 
50 16 92 78 27 20 63 
31 22 42 97 26 55 
95 51 96 59 40 97 31 
84 86 12 43 53 52 85 
10 50 63 64 26 55 
29 28 93 20 21  1 90 
24 51 19 77 94 95 
62 61 87 50  7 99 26 
35 37 48 71  0 14 
66 67 43 53 29 13  6 
68 70  2 66 28 29 12 
38 32 69  0 47 48 11 
75 74 19 36 35 30 
27 89 65 50  3 87 
39 22 80 81 49 32 47 
40 60 31 22 39 33 
15 36 75 77  9 94 
93  8 92 73 27  3 90 
53 52 60  1  8 29 
31 18  4 39 17 49 55 
76 77 24 82 44 46 
 9 51 77 23 83 82 
37 36 62 61 42 
10 61  7 42  4 55 
88 72 89 16 73 20  3 
29  8 93 13  2 
28 13  8 12 53 21 
35 15 74 81 48 
40 18 22  4 97  5 
38 14 56 54 49 17 47 
84 80 39 18 60 52 
58 41 57 45 88 89 65 
37 36 15 30 48 11 
15 19 37 35 25 42 94 
35 36 25 62 71 11 
69 70 32 14 68 56 
80 17 22 18 33 
60 18 31 59  5 
69 58 70 34 66 67 45 
25 61 36 94 97  4 26 96 
67 44 12 76  6 85 
43 67 45 46 76 23 
67 44 46 41 34 88 
88 72 82 45 44 23 
17 81 32 48 14 
30 35 81 47 14 11 
22 17 32 54 55 
 3 16 87 10 63  7 
 9 24 83 59 95  5 
 6 84 33 60 21 53 
12 29 21 52  6 
49 32 64 55 56 
64 54  7 49 26  4 22 
68 79 38 32 54 64 
71 98 34 58  0 65 
69 41 34 57  0 
91  1 60 40 83 51  5 
40 18 21  1 52 59 33 
62 25 10 42 26 
25 61 71 98 37 10 99 
 3 78 50  7 64 79 
63  7 55 54 56 79 
57 98 34 89 16 87 99 
70 41 67 13 12 
66 41 43 44 45 12 
38 70 13  2 79 56 
58 41 70 38 14  0 
69 41 38 68 13 66 
57 98  0 62 37 11 
46 88 27 83 82 73 
27 72 20 83 91 90 
75 15 30 81 86 84 80 
76 77 15 74 19 86 85 
43 44 75 77 23 85 
75 76 19  9 24 23 
92  3 63  2 79 
 2 78 56 64 63 68 
84 33 39 81 74 17 
30 74 80 17 48 47 
83 72 46 24 23 
82 72 73 91 59 51 24 
86 74 80 33  6 52 
43 76 75 86  6 
75 74 84 85  6 
10 50 16 65 99 
46 72 27 45 34 89 
34 88 27 16 65 
73 20 91  8  1 
73 83 59  1 90 
93 20  3 78  2 
 8 28 20 92  2 
42 36 19  9 96 95 
96 94  9 51  5 
94 42 97 95  5 
42  4 31 96  5 
57 71 65 62 99 
87 10 62 98 65 
