54 65 14 53 67 11 
55 56 87  8 20 86 
89 88 27 75 64 74 13 
48 16 59 74 88 26 19 
25 41 52 21 30 93 
49 55 39 91 92 30 93 
80 50 82 81 42 12 
59 60 48 10 25 52 
27 28 89 20  1 86 19 
96 73 23 97 90 49 91 
83 95 58 48  7 25 57 
 0 67 36 46 14 34 
42 63 13 28  6 50 62 
66 64  2 27 28 12 62 
37 65 45 46 31  0 11 
29 70 71 96 34 35 97 
61 83 85 48  3 26 
45 77 31 47 21 38 76 
39 56 32 38 21 30 
86 69 26 88 89  3  8 
 8  1 56 50 28 32 
17 38 47 52  4 18 30 
73 72 42 63 44 23 78 
22 73  9 78 79 49 
41 35 36 58 57 
41  4  7 10 57 52 
 3 16 85 84 68 69 19 
89  2 13 28  8 
 8 27 20 50 13 12 
70 15 77 46 34 
21  4 18 39  5 93 
45 14 37 17 47 99 98 51 
80 50 56 18 38 76 20 
85 84 61 54 53 40 43 
29 46 11 36 15 35 
41 24 36 90 34 15 97 
24 35 67 58 11 34 
14 65 31 64 99 66 
17 21 18 32 76 
55 56  5 18 30 
54 33 65 43 63 66 62 
24 35 25  4 90 92 57 93 
22 72 63 81  6 12 
63 44 33 84 40 
63 43 84 22 68 78 
17 77 46 14 31 
45 14 77 29 11 34 
17 31 21 52 51 
83 16  3 59  7 10 
23 79  9 55  5 91 
80  6 20 28 32 12 
98 31 47 60 52 
 7 60 25  4 21 47 51 
67 94 61 54 33  0 
53 33  0 65 40 
87 79  1 56 49  5 39 
 1 20 55 32 39 18 
24 41 25 58 10 
67 94 95 10 36 24 57 
 7 60  3 48 75 74 
59  7 75 98 52 51 
85 33 95 94 83 16 53 
66 40 13 12 63 
43 44 40 22 42 12 62 
 2 75 99 37 66 13 
37 14  0 54 40 66 
40 65 37 64 13 62 
58 94 53  0 36 11 
26 84 69 44 79 78 
68 26 86 87 79 19 
29 15 77 80 82 71 76 
96 15 70 82 73 72 81 
22 73 42 71 81 
22 72 96  9 23 71 
 3 59 88 75  2 
 2 64 59 60 98 74 99 
70 77 80 17 38 32 
45 17 46 70 29 76 
22 44 23 68 79 
87 69 68 23 49 55 78 
70 82  6 50 76 32 
42 72  6 82 71 
70 80  6 71 81 
95 10 61 16 48 
33 85 43 44 26 68 
33 84 61 16 26 
 8  1 87 69 19 
 1 55 86 69 79 
89  2 74  3 19 
88  2 27  8 19 
41 35 92 97  9 91 
49  5 90 92  9 
90 41 91  5 93 
 5 92 30  4 41 
67 58 95 61 53 
83 10 58 94 61 
73  9 71 15 97 
96  9 90 35 15 
60 75 99 31 51 
64 75 98 37 31 
