12  9 63 65 52 51 
85 84 18 54 53 
72 57 86 46 14 17 24 
23 50 19 28 91 39 
37 28 53 90 89 47 91 
48 10 80 78 40 79 
 8 23 58 50 46 57 
89 88 47 21 95 71 94 
55 23 46 81 93 56  6 
34 65 32  0 12 44 
 5 48 26 40 11 61 60 
99 98 25 26 10 62 64 60 
63 35 29 43  0  9 44 
68 69 27 94 95 32 33 
81 46 59  2 24 83 
43 75 19 45 36 74 29 
37 28 36 19 54 30 
87 84 67 24 86  2 
25 84 30 54 48 26  1 
45 50 15 36  3 28 16 
71 70 21 76 40 61 42 
77 47 71 20 76  7 
55 56 34 33 39 
 3 50  8 55  6 39 
82 66 67 17  2 14 83 
87 84 98 18 26 11 
48 10 18 25 11 
68 75 44 32 13 
37  4  3 19 16 91 
45 49 96 15 43 97 12 35 
74 78 36 16 54 18 48 
52 38 51 59 83 82 41 
34  9 33 44 27 13 
95 88 22 34 32 39 13 
65  9 56 22 33 32 
62 97 12 63 29 64 
15 19 74 30 16 
28  4 53 54 16 
63 52 64 31 60 61 41 
33 88 22 90 55 91 23  3 
 5 10 20 70 79 61 
42 61 38 31 82 
61 20 76 66 82 41 
15 75 29 12 44 
43 75 27 12  9 32 
50 19 49 29 15 
81 14  8  6 57  2 
53  4 89  7 77 21 
30 78 18  5 10 26 
58 50 45 96 29 
45 19 49 58 23  3  6 
59 92 65 31 52  0 
63 38  0 31 51 
 1 54 37  4 47 77 85 
 1 18 53 30 37 16 
 8 23 56 22 39 
93 92 65  8 55 34 22 
73 58  6 46 72  2 
96 73 49 50 57  6 
81 14 93 92 51 31 83 
64 38 11 10 61 
40 20 10 42 60 38 41 
97 35 73 99 11 64 
12 35 52 38 64  0 
11 62 63 38 35 60 
56 92 34  9  0 51 
77 76 82 24 67 42 
24 66 17 77 85 84 
74 75 78 80 69 27 13 
70 71 79 94 68 80 13 
71 69 20 40 79 
70 69  7 21 20 94 
57 73 99 98 86  2 
96 97 58 57 62 72 99 
68 75 15 36 78 30 
43 15 74 68 27 44 
20 21 77 66 42 
21 47 76 66 67 85 53 
68 74 30 80  5 48 
70 69 40  5 80 
68 69 79 78  5 
46 14  8 93 59 
24 66 42 31 83 41 
31 82 59 14 24 
17 87 25 18  1 85 67 
 1 84 67 77 53 
87 98 72 17  2 
17 84 25 98 86 
 7 89 90 95 33 39 
 7 88 90  4 47 
89 88  4 91 39 
 3 28  4 90 39 
56 93 65 59 51 
56 92  8 81 59 
95  7 71 69 13 
 7 88 33 94 13 
58 49 73 97 29 
62 35 73 96 29 
25 87 72 99 86 11 
62 73 72 98 11 
