51 62 50 64  9 12 
85 24 17 83 53 52 
45 14 23 16 56 71 84 
22 49 18 27 38 89 
36 27 52 46 89 88 87 
47 77 10 39 78 79 
57 49 22 56 45  8 
20 70 46 86 93 92 87 
54 22  6 91 80 45 55 
33 31 43 64  0 12 
47 25 39 60 11  5 59 
10 25 59 24 96 97 61 63 
28 42 34  0  9 62 43 
26 31 67 68 32 93 92 
58 80 82 23 45  2 
36 27 35 18 53 29 
66 23 85 83  2 84 
24 25 29 53 47  1 
44 49 98 35  3 27 15 
75 41 60 39 20 70 69 
76 46 75  7 70 19 
38 32 54 55 33 
 3 49  6 54 38  8 
82 81 65 14 66 16  2 
17 25 85 96  1 11 
10 47 17 11 24 
43 74 31 67 13 
36  4  3 18 15 89 
42 99 12 34 95 94 44 48 
35 15 47 77 53 73 17 
82 58 81 50 40 37 51 
33  9 32 43 26 13 
33 31 13 93 38 21 86 
 9 31 32 64 55 21 
28 12 62 95 61 63 
98 18 73 15 29 
27  4 52 53 15 
40 60 30 51 62 59 63 
54 22  3 21 32 89 86 88 
10 60  5 19 78 69 
30 81 37 60 41 
40 60 65 81 75 19 
74 99 43 28 12 
74 42 26  9 31 12 
49 18 48 28 98 99 
80 14  6 56  2  8 
52 76  4 20  7 87 
10 25 17 29 77  5 
57 49 44 94 28 
44 18 48 57 22  3  6 
58 90 30 51  0 64 
50 30 37 62  0 
83 76  1 53 36  4 46 
52  1 36 15 29 17 
38 22  8 55 21 
91 90 64 33  8 54 21 
 6 57 45 72 71  2 
48 49 94  6 56 72 
80 14 82 30 50 90 91 
11 10 60 37 63 
37 40 41 39 10 19 59 
95 34 72 97 11 63 
51 37  0 34 12 63 
59 11 61 37 62 34 
50 90  0  9 33 55 
23 81 41 66 76 75 
76 83 65 23 16 
26 74 13 68 73 77 79 
13 67 92 70 69 78 79 
19 39 78 70 68 
20  7 19 92 68 69 
72 97 56 96  2 84 
97 71 94 95 57 56 61 
77 29 35 67 74 98 
42 99 43 26 67 98 73 
76 65 41 19 20 
52 46 83 66 65 75 20 
47  5 29 73 67 79 
39  5 69 68 79 
67 68 78 77  5 
58 14 91 45  8 
30 82 40 23 65 41 
58 14 30 81 23 
52 76 66 16 85  1 
16 85 96 71  2 
16 83 96 24  1 84 
93 32 38  7 88 87 
46  7 86  4 88 
89 38 86  4 87 
 3 27 38  4 88 
58 50 55 91 64 
55 90 58 80  8 
13 93 68 70  7 
13 32 86  7 92 
72 57 28 95 48 
28 94 34 61 72 
85 24 97 71 84 11 
72 71 96 61 11 
74 99 35 18 44 73 
74 42 28 44 98 
