 8 63 49 50 11 61 
44 13 55 83 15 22 70 
21 37 87 26 48 17 
85 45 86 87 26 51 35 
46 76  9 78 77 38 
48 21 56  7 44 55 
85 91 45 19 90 69 
53 21 79 44 89 54  5 
30 32 42 63 11  0 
46  4 24 10 58 38 59 
 9 24 58 94 95 23 62 60 
41 27  8 42  0 33 61 
30 25 31 91 66 67 90 
81 57 22 44  1 79 
34 28 17 26 35 52 
82 84 65 83 22  1 
23 98 24 46 99 52 28 
26  2 48 43 96 34 14 
74 19 69 68 40 38 59 
74 75 18 45  6 69 
31 37 32 54 53 
 2 37 53 48  7  5 
15 65 64 81 13 80  1 
98 84 94 10 16 24 
 9 46 10 23 16 
30 42 73 12 66 
87  2  3 17 14 35 
41 97 43 11 47 92 93 33 
72 34 16 52 76 46 14 
81 80 57 49 50 39 36 
42 25 31 32 12  8 
37 20 32 30 85 91 12 
31 20 30 54 63  8 
11 27 93 60 62 61 
28 72 14 96 17 
51  3 26 14 52 
29 50 39 62 58 59 61 
31 20 85 86  2 21 87 53 
77  4  9 68 18 59 
40 80 29 59 36 
74 18 64 80 39 59 
27 97 73 42 11 
30 25 73  8 41 11 
47 27 97 48 96 17 
 1 13 55 79  7  5 
85  6  3 19 75 51 
 4 76 28  9 24 16 
43 27 92 56 48 
21  2 47 43 56 17  5 
57 88 63 29 50  0 
49 29  0 36 61 
45 75 82  3 35 52 99 
35 51 16 28 14 99 
37 20 21 54  7 
32 20 63 88 89 53  7 
 1 44 56 71 70  5 
47 92 71 55 48  5 
89 88 81 13 79 29 49 
 9 10 62 59 36 
39 40 18 38  9 58 36 
10 95 62 71 93 33 
33 62 36 50  0 11 
10 58 36 60 33 61 
54 32 88  8 49  0 
75 65 22 80 74 40 
15 82 75 64 22 
67 78 12 25 73 72 76 
66 78 12 90 69 77 68 
38 18 77 69 67 
18 19 90 67  6 68 
71 55  1 83 95 94 
93 92 60 95 56 55 70 
28 34 96 73 66 76 
42 25 96 97 72 66 41 
18 19 75 64 40 
45 19 51 82 65 64 74 
72 28 66 78 46  4 
67 78  4 38 68 
67 66 76 77  4 
44 13 57 89  7 
81 22 64 40 29 39 
57 13 22 80 29 
15 84 65 75 51 98 99 
84 94 15  1 70 
82 15 83 94 98 23 
 6 91 31 37 45  3 86 
85 37  3 87 
86  3  2 37 26 
89 57 63 54 49 
57 88 54 79  7 
12 91 67  6 69 
 6 85 31 12 90 
93 27 47 71 56 
92 71 27 60 33 
84 83 95 10 23 70 
10 94 60 71 70 
73 97 72 34 43 17 
96 73 41 27 43 
82 84 23 16 99 
52 51 82 98 16 
