11  8 60 62 49 50 
22 13 69 82 54 44 15 
86 26 48 21 37 17 
51 45 35 26 86 84 85 
76 38  9 46 75 77 
48 21 54 44  7 55 
45 19 68 89 90 84 
 5 44 78 21 52 53 88 
11 42 30  0 32 62 
 4 46 38 24 10 58 57 
59 61  9 24 57 94 93 23 
42  8 41 27 33  0 60 
30 31 25 90 89 66 65 
56 78 44 80 22  1 
35 26 34 28 99 98 17 
64 22  1 82 83 81 
97 23 24 46 28 99 
 2 48 43 26 14 34 95 
40 73 19 68 67 38 58 
18 73 68 74  6 45 
37 31 32 53 52 
48  5 52 37  7  2 
80 13 79  1 63 64 15 
97 83 10 24 16 93 
16 46  9 10 23 
30 42 72 12 65 
35 14  3 86  2 17 
11 33 41 96 92 91 43 47 
34 71 75 14 99 16 46 
80 79 56 49 50 36 39 
42 25  8 12 31 32 
30 12 37 20 32 90 84 
30  8 20 53 31 62 
27 11 61 59 60 92 
14 28 71 95 17 
14 26  3 51 98 
61 60 57 58 50 29 39 
20 31 52 21  2 86 84 85 
76  4 67 18  9 58 
79 40 29 58 36 
18 73 58 63 79 39 
42 11 27 72 96 
11  8 41 30 25 72 
47 48 17 95 96 27 
78 13  5 54  7  1 
74 19  6 51  3 84 
 9  4 75 16 24 28 
43 48 55 91 27 
 5 21  2 43 47 55 17 
56 87 62  0 29 50 
29 49 36 60  0 
45 74 81 97  3 35 98 
37 21 20 53  7 
32 20 52 62 87  7 88 
 5 44 69 70  1 55 
48  5 47 54 70 91 
49 87 78 13 80 29 88 
61 36 58  9 10 
 9 38 18 40 57 36 39 
61 10 33 92 70 94 
61 36 33 11  0 50 
59 10 33 60 36 57 
32  8  0 53 87 49 
74 73 22 79 40 64 
63 22 74 81 15 
77 66 12 25 72 71 75 
67 68 89 12 65 77 76 
68 18 38 66 76 
 6 19 18 67 66 89 
54 70  1 82 93 94 
69 54 55 91 94 59 92 
72 95 34 65 75 28 
42 25 41 96 95 71 65 
18 40 19 74 63 
19 73 63 45 64 81 51 
65 71 77  4 46 28 
67 38 77 66  4 
65 66 76 75  4 
56 13 44  7 88 
80 22 63 40 29 39 
56 13 22 79 29 
83 97 74 64 51 15 
 1 69 93 83 15 
97 81 23 93 82 15 
90  6 45  3 37 31 85 
 3 86 84 37 
 3 26  2 37 85 
56 49 62 53 88 
53 87  7 78 56 
68  6 90 66 12 
12 31 89  6 84 
55 70 47 92 27 
59 33 27 91 70 
69 82 10 23 83 94 
69 70 93 59 10 
72 96 71 43 17 34 
27 41 72 95 43 
83 81 23 16 51 98 99 
51 35 14 99 97 
14 28 98 97 16 
