49 50 98 11 61  8 
44 13 15 81 54 22 68 
48 17 85 26 21 37 
85 26 35 83 45 51 84 
 9 38 75 46 76 74 
54 44 48 21  7 55 
67 19 89 83 45 88 
 5 44 52 53 21 77 87 
61  0 11 42 30 32 
 4 38 10 24 58 46 57 
 9 24 92 93 57 60 59 23 
98  0 41 42 33  8 27 
30 25 31 64 89 65 88 
44  1 79 56 22 77 
35 26 34 28 97 17 
82 80 81  1 63 22 
28 46 97 96 23 24 
34 94 14 26 43 48  2 
40 72 19 67 58 38 66 
18 72 67  6 73 45 
53 32 31 37 52 
52 37 48  5  7  2 
79 78 13 63 15  1 62 
92 10 82 24 96 16 
10  9 46 16 23 
42 71 12 30 64 
35 14 85  3 17  2 
90 47 41 95 91 43 11 33 
74 70 34 14 97 16 46 
79 78 50 49 56 36 39 
12 25 42 31 32  8 
30 12 37 20 83 32 89 
53 20 61 31 30  8 
11 98 27 91 99 60 59 
14 28 17 94 70 
14 26 97 51  3 
99 60 57 50 58 29 39 
31 20 83 52 21 84 85  2 
 4  9 75 58 18 66 
78 40 29 36 58 
18 72 58 62 78 39 
11 42 71 95 27 
71 25 30 11 41  8 
94 95 17 27 47 48 
 1 13 54  5  7 77 
73 19 51  3 83  6 
 9  4 24 16 28 74 
43 27 48 90 55 
 5 21 43 47 17  2 55 
50  0 56 86 61 29 
49  0 98 99 29 36 
45 73 80 96 97 35  3 
37 20 21 53  7 
32 20 61 86 52  7 87 
 1 44  5 68 69 55 
54  5 90 47 69 48 
49 86 79 13 29 77 87 
58  9 10 60 36 
 9 38 18 40 57 36 39 
33 91 60 69 93 10 
99 33 57 10 59 36 
49 86  0 53 32  8 
22 78 63 40 72 73 
73 80 15 22 62 
12 25 74 70 71 65 76 
64 12 67 66 88 76 75 
38 18 67 65 75 
18 66 19 65  6 88 
 1 81 54 69 93 92 
91 59 93 90 68 54 55 
71 94 34 74 64 28 
42 25 41 95 94 70 64 
18 40 19 73 62 
19 72 63 80 45 51 62 
64 70 28 76  4 46 
65 66 76  4 38 
64 74 65  4 75 
 7 44 13 56 87 
79 22 29 62 40 39 
56 13 22 78 29 
15 82 73 63 51 96 
82 15 92  1 68 
15 80 81 92 23 96 
 3 45 37 31 84 89  6 
37 85 83  3 
 3 26 37 84  2 
56 49 61 53 87 
 7 53 77 86 56 
65 67  6 89 12 
31 12 83  6 88 
27 47 91 69 55 
90 27 33 69 59 
10 23 82 81 93 68 
92 10 59 69 68 
71 95 70 34 17 43 
71 41 94 43 27 
82 23 80 51 97 16 
14 28 35 16 96 51 
50  0 11 33 99 
98 50 33 60 36 
