60 48 49 96  8 11 
15 79 13 22 43 53 
21 47 17 26 83 37 
44 50 35 81 26 83 82 
72 45  9 74 73 38 
47 54 21 53 43  7 
66 86 19 87 44 81 
85 52  5 21 75 43 51 
41 30 60  0 32 11 
24 10 56 57 45  4 38 
58 59 56  9 24 91 90 23 
40 27 33 96  0  8 41 
64 86 63 31 30 25 87 
77 22 55  1 43 75 
28 95 34 35 17 26 
80 79  1 22 78 62 
94 23 24 45 95 28 
 2 47 14 34 26 42 92 
19 66 70 65 39 57 38 
44 71 66 18 70  6 
32 31 52 37 51 
 2 47  5 37  7 51 
76 77 13 61  1 15 62 
94 80 16 24 10 90 
 9 10 45 23 16 
12 63 69 41 30 
14 35  3 17  2 83 
40 93 42 89 88 33 11 46 
72 68 45 34 14 95 16 
48 55 36 49 77 76 99 
12 31  8 41 25 32 
12 30 87 32 20 81 37 
31 30  8 60 20 52 
96 97 59 58 89 27 11 
14 28 17 68 92 
50  3 95 14 26 
49 97 29 56 57 98 59 99 
20 31 81  2 21 83 82 51 
 9 57  4 73 65 18 
99 76 98 61 70 18 57 
27 93 69 41 11 
 8 30 40 69 25 11 
17 47 46 27 93 92 
 1 13 75  5 53  7 
19 71  6 50  3 81 
72 28 24  9  4 16 
47 54 42 88 27 
21  2 17 46 54  5 42 
55 84 29 60  0 49 
36 97 29 48  0 96 
78 71 95 94 44  3 35 
 7 21 52 20 37 
20 32 60 84 85  7 51 
67 54  5 43  1 79 
47 46  5 67 53 88 
48 84 29 77 13 75 85 
36 57 59 10  9 
56 36 98  9 39 18 38 
59 10 91 67 33 89 
58 10 56 36 97 33 
48 84  0  8 32 52 
70 71 76 22 39 62 
78 15 61 22 71 
69 68 64 12 74 25 72 
66 86 65 12 63 74 73 
64 66 73 18 38 
 6 86 64 65 19 18 
58 89 91 79 53 54 88 
63 69 72 28 34 92 
63 68 40 93 41 25 92 
19 71 18 61 39 
44 19 70 61 50 78 62 
63 68 74 28 45  4 
64 65 74  4 38 
64 63 72  4 73 
13 55 43 85  7 
77 22 29 99 61 39 
76 22 55 29 13 
15 80 94 50 71 62 
80 15  1 67 91 53 90 
94 23 15 79 78 90 
87  6 44  3 31 37 82 
37 81 83  3 
26  3  2 37 82 
55 48 60 52 85 
52 84 55 75  7 
66  6 64 12 87 
 6 86 12 31 81 
46 54 67 89 27 
58 67 88 33 27 
10 23 91 80 79 
67 58 79 10 90 
34 17 42 93 69 68 
40 27 69 42 92 
80 23 16 95 50 78 
50 94 35 16 28 14 
49 97  0 33 11 
49 36 96 59 33 
36 57 99 39 
76 29 36 98 39 
