47 48 59 94  8 11 
43 52 13 77 15 22 
46 21 37 81 26 17 
44 49 35 79 80 81 26 
24  9 16 71 72 70 38 
21 46  7 52 43 53 
79 85 44 65 19 84 
51 50 83 73 21  5 43 
 0 59 41 30 32 11 
 4 24 55 56 38 10 
58 57 24 23 55  9 89 88 
40 27 94  0  8 41 33 
84 63 25 30 85 31 62 
54 73 43  1 75 22 
17 26 34 35 93 28 
76 61 78  1 77 22 
92 23 24 70 28  4 93 
26 14 46  2 34 90 42 
68 19 39 65 64 56 38 
69 44 68 18  6 65 
51 50 37 31 32 
46  2 37 50  5  7 
75 74 13 15 61  1 60 
92 78 16 24 88 10 
23 16  4  9 10 
41 67 30 12 62 
81  2 17 14 35  3 
91 42 40 45 11 33 86 87 
34 66 70 14 93 16 
75 74 47 48 36 54 97 
31 32 41 25 12  8 
79 85 37 20 32 30 12 
20 51 31 30 59  8 
11 27 94 95 58 57 87 
17 14 28 66 90 
93 49 26 14  3 
56 55 96 29 48 58 97 95 
20 50 79 80 21  2 81 31 
18 64 56 71  9  4 
68 18 56 96 97 74 60 
91 67 41 27 11 
25 67 30 40  8 11 
17 46 90 45 27 91 
13 73 52  5  7  1 
79  6 49 69 19  3 
42 27 86 46 53 
21  2  5 17 42 45 53 
54 82 59  0 48 29 
 0 47 29 36 94 95 
76 69 44 93 35 92  3 
 7 51 20 37 21 
 7 50 20 83 82 32 59 
43  5  1 77 98 53 99 
52  5 45 86 46 99 
83 82 73 47 13 75 29 
56  9 36 58 10 
96 39 18 55  9 36 38 
58 10 33 89 98 99 87 
36 55 10 57 95 33 
51 82 32 47  0  8 
22 61 74 69 68 39 
76 69 15 22 60 
72 63 12 25 66 67 
84 65 64 71 72 12 62 
63 65 71 18 38 
18 19  6 84 63 64 
90 67 28 70 72 34 62 
90 66 91 25 41 40 62 
69 19 18 39 60 
19 44 76 61 49 68 60 
66 28 72  4 16 
64 63 38 72  4 
71 63 66 70  4 62 
83  7 54 13 43 
29 75 22 97 39 60 
13 54 29 74 22 
69 61 49 92 78 15 
 1 15 78 88 89 98 52 
92 23 76 15 88 77 
 6 85 37 80 31 44  3 
37 79 81  3 
37 80  2 26  3 
51 83 54 47 59 
 7 73 51 82 54 
63 65  6 85 12 
 6 79 31 84 12 
87 27 45 53 99 
33 27 86 57 99 
78 23 10 89 77 
57 10 88 98 77 
66 67 91 42 17 34 
27 42 90 67 40 
49 76 78 23 16 93 
35 49 14 92 16 28 
 0 48 95 11 33 
36 48 58 94 33 
56 39 36 97 
29 74 96 39 36 
57 89 77 52 99 
87 86 53 98 57 52 
