 8 57 45 46 92 11 
50 41 13 20 99 75 
79 24 16 35 48 44 
79 78 24 77 42 47 33 
15 22  9 36 68 70 69 
41  7 48 50 51 44 
77 83 82 42 18 63 
41  5 71 81 48 49 
30 57 28 39  0 11 
22 10 53 54 36  4 
22  9 53 56 21 86 55 87 
38 25 31 92  0  8 39 
29 83 82 61 60 23 28 
41 71 52 73  1 20 
16 24 33 91 26 32 
91 26 90 21 68  4 22 
14 24  2 88 40 32 44 
63 62 18 66 36 54 37 
67 42 66  6 63 17 
29 35 48 49 30 
98 99  1 13 59 73 58 72 
15 90 22 76 86 10 
10  9 21 15  4 
12 60 65 28 39 
79  3 14 16  2 33 
43 40 85 31 89 38 84 11 
91 14 64 68 15 32 
73 72 52 45 46 34 95 
23 12 29 30  8 39 
77 83 35 19 12 30 28 
29 19 49 57 28  8 
85 25 56 55 93 92 11 
14 16 88 26 64 
 3 47 24 14 91 
54 53 56 46 27 94 93 95 
79 78 29 19 48 77  2 
54  9 17 62  4 69 
17 54 66 58 72 94 95 
89 65 39 25 11 
65 23 28  8 38 11 
88 16 89 25 43 44 
 7  5 71 50 13  1 
 6 77  3 18 67 47 
40 25 44 51 84 
40 43  2 16 48  5 51 
52 80 27 57 46  0 
27 34 45 93 92  0 
74 67 90 42  3 33 91 
 7  5 35 19 49  2 44 
81  7 48 19 80 57 30 
41  5 51 97  1 96 75 
50  5 97 44 43 84 
81 80 71 13 73 27 45 
10  9 54 34 56 
53 34  9 36 17 37 94 
56 10 85 97 31 87 96 
53 10 34 55 31 93 
49 80 45 30  8  0 
67 59 66 20 72 37 
74 67 58 98 20 
70 61 12 64 23 65 
63 82 70 69 60 12 62 
69 61 63 36 17 
18  6 82 61 62 17 
70 60 32 88 68 65 26 
23 60 64 88 89 39 38 
58 67 18 17 37 
74 59 47 42 58 66 18 
 4 70 64 26 15 
70 61  4 62 36 
69 61 60  4 68 64 
 7 41 81 52 13 
27 73 20 58 37 95 
13 52 27 72 20 
67 59 90 47 98 76 
 1 99 76 50 96 86 87 
90 74 98 21 99 75 86 
29 83  6 35 78  3 42 
79 35 77  3 
35 78  3 24  2 
81 52 49 57 45 
 7 71 52 80 49 
 6 83 63 61 12 
77 29  6 82 12 
25 43 51 97 85 
25 31 55 97 84 
76 21 75 87 10 
55 96 75 86 10 
16 32 64 40 65 89 
65 88 40 25 38 
15 21 91 47 74 76 
90 47 33 15 14 26 
46 93 31  0 11 
46 92 56 31 34 
54 34 37 95 
37 72 94 27 34 
50 97 75 55 87 
50 51 96 55 84 85 
74 59 20 99 76 
98 20  1 76 75 
