42 43 88 53  7 10 
71 95 12 38 19 47 
45 41 23 75 34 15 
75 74 23 39 44 32 73 
38  6 48 41 45 47 
59 17 78 79 39 73 
38 67 77 46 45  4 
27 29 37 53  0 10 
21  9 50 96 65 49 
82 20 83 51 52 21  8 49 
24 36  7 37  0 88 30 
56 57 79 28 78 22 27 
38 67 69 19  1 
32 87 25 31 23 15 
86 87 64 21 20 25 
 2 23 13 31 98 41 84 
62 35 17 59 58 50 97 
 5 59 16 62 39 63 
45 46 29 28 34 
69 12 55 54 94 95 68  1 
14 86 72 82 21  9 
 9 20 14 64 65  8 
56 11 61 37 27 
75  3  2 32 13 15 
85 36 99 10 30 81 80 40 
87 14 31 60 13 64 
43 42 69 68 33 91 
11 28 29 22  7 37 
11 79 29 18 34 27 73 
28 18 46 27  7 53 
52 89 51 88 10 24 81 
25 60 13 15 84 
23  3 44 87 13 
52 89 43 26 91 90 49 
74 75 45 18 28  2 73 
68 54 62 16 91 50 90 
61 37 24 85 10 
36 61 22 27  7 10 
 6 67 12  4  1 47 
 5 17 44  3 63 73 
98 41 48 80 24 99 
48  4 45 98 40  2 15 
43  0 26 69 76 53 
42  0 26 88 89 33 
39  3 32 87 63 70 86 
46 18  6  4 41  2 34 
77 76  6 45 18 29 53 
 1 71 92 38  4 48 93 
 4 41 40 80 47 93 
 8 50 90  9 52 33 
16 35 97 96  8 90 49 
 9 83 52 92 93 30 81 
33 89  9 51 30 49 
46 76 29 42  0  7 
55 19 68 35 62 63 
54 19 94 70 63 
60 61 66 57 11 22 
58 59 65 66 56 11 78 
59 57 96 97 65 16 
58 57  5 17 78 16 
66 64 25 31 56 61 84 
60 56 36 37 84 85 22 
54 35 16 63 17 
54 55 62 70 44 39 17 
14 21 66 60 25 65 
64 21 66 96 58 57  8 
60 64 65 57 56 
 6 38 77 76 12 69 
54 35 69 26 19 91 
67 76 12 19 42 26 68 
86 44 72 55 94 63 
83 82 72 95  1 92 47 
86 70 94 95 20 82 71 
39  5 79 74  3 28 34 
75  3 34 73 
74  3 23  2 34 
46 77 67 69 42 53 
46 76  6 67 
59 57 11 79  5 
11 28 78  5 73 
24 81 40 48 93 
51 93 30 80 24 
20 72  9 83 71 
 9 82 51 71 92 
60 31 61 98 99 85 15 
24 36 99 84 61 
44 87 70 14 72 20 
32 44 86 14 25 13 
43 89  0 10 30 
88 43 33 52 30 
91 33 35 50 49 
33 26 68 35 90 
83 51 71 47 93 
47 48 92 80 81 51 
55 19 95 70 72 
94 19 72 71  1 
58 65 97 50  8 
58 96 16 50 
40 41 99 15 84 
40 24 85 98 84 
