42 53  7 43 87 10 
12 38 93 70 19 47 
15 41 45 23 74 34 
39 72 44 32 23 74 73 
 6 38 45 41 48 47 
39 72 17 58 77 78 
 4 38 66 45 46 76 
 0 53 37 27 29 10 
 9 21 49 50 94 64 
49 52 51 20 21  8 82 81 
37  7 36  0 87 24 30 
28 27 78 22 77 99 56 
66 38  1 68 19 
25 31 23 32 15 86 
86 85 63 21 20 25 
 2 41 96 23 83 31 13 
61 35 17 58 50 57 95 
61 62 16 58 39  5 
45 46 34 29 28 
55 92 93 54  1 12 67 68 
71 85 81 14 21  9 
20  9  8 64 63 14 
60 98 37 27 99 11 
 2 15  3 32 74 13 
40 97 79 80 30 84 36 10 
31 59 13 86 14 63 
67 89 33 68 42 43 
37  7 22 29 28 11 
34 72 18 29 27 78 11 
 7 53 27 46 18 28 
80 24 51 52 10 87 88 
25 59 83 15 13 
 3 44 23 13 86 
49 52 89 26 43 50 88 
45 18  2 74 73 72 28 
67 54 61 89 16 50 
37 60 84 24 10 
22 60 27  7 36 10 
 6  4 12 66  1 47 
 3 72 44 62 17  5 
96 41 97 24 79 48 
 2 15 96 40 45  4 48 
53 75  0 68 26 43 
 0 42 26 33 87 88 
85 69  3 32 39 62 86 
 2 41  4  6 46 18 34 
53 75 45  6 18 76 29 
48 91  1 38  4 70 90 
91 79 40  4 41 47 
33 52  9  8 50 
33 49 89  8 94 35 16 95 
 9 52 80 91 30 90 82 
33 49  9 51 30 88 
42 75  0  7 46 29 
35 67 62 61 55 19 
62 54 19 92 69 
77 58 57 64 65 99 11 
16 95 58 94 64 56 
16 17 57  5 77 56 
63 25 31 83 60 98 65 
22 98 37 36 84 83 59 
62 54 35 16 17 
61 54 55 17 69 44 39 
64 21 14 25 59 65 
63 65 57 94 21  8 56 
63 64 56 59 98 99 
12 38  6 68 75 76 
35 54 89 26 68 19 
66 12 67 26 75 42 19 
55 92 71 85 62 44 
93  1 71 81 47 82 90 
93 70 92 69 85 81 20 
39  3 73 34  5 28 78 
 3 72 74 34 
23  2  3 34 73 
42 53 46 66 68 76 
46 75  6 66 
 5 58 56 78 11 
28 72  5 77 11 
40 24 80 91 48 
79 91 24 30 51 
71 70 82  9 20 
81 70 51  9 90 
31 15 60 84 97 96 59 
60 83 97 36 24 
69 71 44 86 14 20 
25 14 85 13 32 44 
43  0 10 30 88 
87 43 33 52 30 
67 26 35 33 50 
82 70 47 91 51 
80 79 48 51 47 90 
93 71 55 19 69 
 1 70 71 92 19 
 8 50 57 64 95 
50 16 94 57 
15 41 40 97 83 
40 96 24 83 84 
22 60 99 59 65 
22 98 65 56 11 
