42 53  7 43 10 85 
68 47 91 38 12 19 
45 41 23 72 34 15 
72 71 23 39 32 44 
38 47 45 41 48  6 
76 75 57 70 39 17 
45  4 38 46 74 64 
37 27 29 53  0 10 
62 21  9 49 50 92 
49 52  8 21 20 79 80 51 
37  7  0 36 85 30 24 
75 76 56 97 28 27 22 
66 19 64 38  1 
23 15 32 25 31 84 
83 84 20 25 61 21 
41 94 23 13 81  2 31 
59 17 57 99 93 35 
39  5 59 16 57 60 
28 34 29 45 46 
65 66 54 55 90 91 12  1 
69 79 83  9 14 21 
14 20  8 62 61  9 
97 96 11 27 37 58 
72  3 13 15  2 32 
36 82 95 77 78 30 10 
84 14 13 63 31 61 
66 42 65 43 33 87 
37  7 29 28 11 22 
29 27 11 76 18 34 70 
 7 53 27 28 18 46 
10 85 78 24 86 52 51 
63 25 96 81 13 15 
23  3 13 44 84 
49 52 43 26 87 86 50 
71 72 18 28 70 45  2 
93 16 54 59 65 87 50 
10 37 58 82 24 
27  7 10 22 36 58 
 4 47 12 64  1  6 
71  3 70  5 17 44 60 
95 77 48 94 41 
15 94 45  4 48  2 40 
73 53 66  0 26 43 
 0 42 26 33 85 86 
32  3 39 60 67 84 83 
41  4 18 34 46  6  2 
45 18 29 53 74  6 
38  4 89 88 68 48  1 
89 77 41  4 47 40 
33 52  9  8 50 
49 33 87  8 35 93 92 
88 80 78 89 30 52  9 
33 49  9 30 86 51 
73 42  7 29 74  0 46 
65 19 55 59 35 
54 19 59 60 67 90 
75 11 57 99 62 63 97 98 
75  5 16 99 56 17 
22 96 81 82 36 37 
54 55 60 17 16 35 
55 67 39 17 59 44 
14 21 62 25 63 
56 63  8 21 61 98 92 
62 56 31 25 96 97 61 
12 38 74 73 66  6 
66 19 54 26 87 35 
65 19 73 42 26 12 64 
60 55 90 69 83 44 
88 47 69 79 91 80  1 
90 67 91 83 20 79 68 
28 76  5 71 34 39 
72 34  3 39 70 
71 34  3 23  2 
42 53 66 74 64 
73 53 64 46  6 
76  5 11 57 56 
75  5 11 28 70 
24 78 95 89 48 40 
89 77 24 30 51 
80  9 20 69 68 
 9 79 88 51 68 
95 82 31 96 15 58 94 
95 81 58 36 24 
69 67 44 84 20 14 
44 32 14 25 13 83 
10 30 43  0 86 
30 52 85 33 43 
26 65 33 35 50 
51 80 89 47 68 
77 78 51 88 47 48 
55 67 69 19 91 
90 69 19 68  1 
98 99 93  8 62 50 
99 16 35 50 92 
41 15 81 95 40 
81 82 77 40 24 94 
31 63 81 97 22 58 
56 11 96 63 22 
56 99 62 92 
16 57 56 98 93 92 
