 7 48 10 39 40 76 
95 82 12 35 43 18 
38 91 90 31 63 14 21 
63 62 36 41 21 30 
91 38 44 43  6 35 
61 67 66 51 16 36 
 4 91 90 42 65 35 57 
27 48  0 10 34 25 
45 83 55  9 98 19 
47 46 98  8 71 19 70 
 7  0 34 76 33 22 28 
26 25 87 66 67 20 
57 35  1 18 58 
29 14 23 21 75 30 
38  2 85 13 29 21 72 
32 84 92 89 51 16 
15 92 51  5 36 53 93 
27 42 26 31 90 
81 82  1 12 97 49 50 58 
55  8  9 54 74 70 
52 34 25 11 87 86 
63  3 13 14  2 30 
33 73 10 68 28 69 
54 56 29 13 75 
39 40 78 96 97 58 
26 11 27  7 34 20 
17 27 31 25 11 61 67 
42 48  7 17 26 25 
22 10 76 69 46 47 77 
56 23 86 72 14 13 
21  3 13 75 41 
90  2 17 26 61 62 63 
49 96 92 45 84 78 15 
52 73 34 22 10 
 7 10 25 33 52 20 
 4 43  6 57 12  1 
16 53  3 62  5 41 61 
85 38 44 68 73 
91  2  4 85 37 44 14 
 0 48 40 24 64 58 
 0 39 76 24 78 77 
53 59 74 36  3 75 30 
27 48 17 90  6 65 
 4 44 35 80 79 95  1 
37 38  4 43 68 80 
32 84 83  8 78 99 98 
69 28 47  9 71 80 79 
28 46  9 98 99 77 
27 42  7  0 39 65 64 
32 96 92 93 50 97 18 
93 49 53 59 81 18 
66  5 16 15 89 
72 73 86 33 34 20 
93 50 59 16 36 41 
75 23 19 55 56 74 
 8 83 88 56 19 54 
55 88 87 86 29 23 54 
65  6 35 64 12 58 
64 57 12 97 24 18 39 
53 50 60 74 41 81 
94 82 70 74 59 81 
31 62 26 67  5 36 
31 61  3 63 36 
 3 62 31  2 21 
57 65 39 48 58 
42 48  6 57 64 
87 11 88 67  5 51 89 
61 26  5 11 66 
22 73 37 44 69 80 
28 46 68 22 80 
19  9 74 71 94 60 
70  9 46 79 94 
85 14 29 73 52 86 
37 85 72 52 33 22 68 
70 19 54 75 60 59 41 
13 23 41 74 54 30 
 0 10 40 28 77 
28 76 47 40 99 78 
45 32 96 24 99 40 77 
46 71 94 80 43 95 
79 43 44 46 69 68 
60 82 59 50 18 
94 60 95 81  1 18 
89 84 45 88  8 55 
89 83 45 32 15 
37 38 73 14 72 
56 87 29 72 52 20 
56 88 86 66 11 20 
56 55 87 66 83 89 
66 88 51 83 84 15 
91  2 31 17 42  6 
38  2 90  4  6 
49 32 93 15 16 
49 50 92 53 16 
71 70 79 60 82 95 
79 43 94 82  1 
49 32 78 24 97 
49 96 24 18 58 
 9  8 45 99 47 
78 45 98 47 77 
