 4 24 28 82 53 98 83 
14 42 62 63 68 69 67 
43 14 70 96 97 90 71  3 
 2 97 71 28 32  4 
 0 24 48 44 28  3 32 
84 21 15 32 97 96 
17 51 15 39  7 94 
30 27 29 39  6 94 
18 10 78 49 79 37 
66 29 39 12 81 89 
20 18 78 77  8 76 
25 16 77 57 65 76 
31 86 81 41 51 39  9 
64 67 69 20 75 
62 91 43 42  2  1 90 
17  6 21  5 32 95 94 
64 75 53 80 25 11 76 
60 56 51  6 52 15 21 
93 92 41 20 10  8 37 
40 47 50 82 33 34 
87 69 93 18 10 13 76 75 
84  5 17 60 15 59 
65 57 46 30 29 66 
34 50 74 63 62 91 
48 47  0  4 82 
16 11 80 26 65 
25 80 65 36 61 35 
 7 94 95 44 48 45 30 
 4  3  0 98 71 99 
30  7 39 22 66  9 
29  7 27 22 46 45 
87 86 92 41 12 
44 95 15  5 97  4  3 
40 19 60 72 59 73 34 
50 19 33 74 59 23 
85 54 88 26 65 66 36 
61 26 70 43 54 35 
 8 18 79 56 72 52 41 73 
64 53 63 50 83 
51  6  7 29 12  9 
19 47 58 33 73 
51 52 31 92 12 18 37 
14 43  1 55 68 54 
14 42 36 70  2 54 
 4 48 32 95 27 
58 48 49 27 46 30 
49 78 57 22 45 30 
24 48 58 40 19 82 
24 47 58  4 44 45 27 
79 58 45  8 78 46 
63 38 82 19 83 34 23 
17  6 52 39 41 12 
17 56 51 41 37 
64 38 16 80 98  0 83 
42 43 55 85 35 36 
42 54 85 86 87 68 
60 72 17 52 37 
77 11 78 65 22 46 
48 47 40 73 79 45 49 
21 60 84 74 33 34 
56 72 17 21 59 33 
26 80 36 70 71 99 
14 91  1 63 23 
64 38 50  1 62 67 23 
13 75 16 53 38 63 67 
57 22 26 25 11 66 35 
22 29 65 35 88  9 89 
64 13 63  1 69 
55 42 87 69  1 
87 20 68 67  1 13 
61 36 43  2 71 
61 70  2 99 28  3 
56 60 33 73 37 
40 58 79 33 72 37 
84 91 59 34 23 
64 16 13 76 20 
20 10 77 16 11 75 
78 10 57 11 76 
77 10 57  8 49 46 
73 58 49  8 37 
26 61 53 16 25 98 99 
85 86 88 12  9 89 
50 19  0 24 47 83 
53 38  0 82 50 
21  5 59 96 90 91 74 
55 54 86 81 88 35 
55 85 87 31 81 12 
55 86 31 93 92 20 69 68 
81 85 35 66 89 
88 81  9 66 
14 91  2 96 84 
14 62 90 84 74 23 
93 87 31 41 18 
87 92 20 18 
 7  6 15 95 27 
44 27 32 15 94 
 2 97  5 84 90 
32  5  2 96  3 
53 80  0 28 99 
98 28 71 61 80 
