69 38 37 10  7 44 
84 95 12 18 73 33 
58 29 14 36 19 80 81 
34 39 57 28 58 19 
33  6 95 81 36 41 
56 62 61 47 16 34 
 4 33 53 60 40 80 81 
32 10 25 44  0 23 
87  9 91 74 51 92 
65 42 64 43 87 91  8 
31 20 32 69  7  0 
61 62 77 48 32 24 23 
54 18  1 33 53 
28 68 21 19 14 27 
36  2 19 13 27 66 75 
30 82 16 74 79 47 
15 82 34  5 83 47 49 
80 29 40 25 24 
73 46 54 12  1 45 86 
28  3 58 13 14  2 
31 10 69 90 26 63 
68 13 50 27 52 
37 38 71 54 85 86 
32 11 24 25  7 
62 11 56 23 25 29 17 
 7 44 23 24 40 17 
69 20 99 42 43 70 63 
13 21 52 76 66 14 
39  3 68 13 19 
24 56 57 58  2 80 17 
87 88 15 82 71 74 85 
10 20 89 48 32 90 
31 10 11 48  7 23 
 1 95 12  4  6 53 
16 49  5 56 39  3 57 
75 36 90 63 89 41 
14  2 75 35  4 81 41 
 0 38 44 22 54 59 
69  0 37 70 71 22 
55 49 34  3 28 68 67 
25 44 60  6 80 17 
 4 36 35 95 63 98 
65 72 99  9 26 43 
26 42  9 87 88 70 
 7 25 37  0 59 60 40 
83 82 85 46 18 86 
73 18 55 49 83 45 
16  5 61 79 15 
77 11 89 66 31 32 76 
34 16 83 39 55 46 
68 21 52 67 92 51 
52 50  8 74 92 78 
27 21 78 77 76 50 51 
33  6 60 12 59 54 
22 37 12 18 86 59 53 
97 67 39 46 73 96 49 
62  5 24 34 29 57 
34 56  3 29 58 
57 29  2  3 19 
54 37 44 60 53 
59 44 53  6 40 
62 11  5 77 47 79 78 
56  5 61 11 24 
90 20 35 26 99 41 98 
 9 65 91 97 67 93 
 9 64 93 72 42 
89 48 27 76 75 14 
68 39 97 64 91 92 55 50 
28 39 13 21 50 67 
10 20 26  0 38 70 
26 69 43 38 88 71 
30 88 70 38 22 85 
84 95 93 65 42 99 98 
46 18 84 94  1 55 96 
87 30 15 79  8 51 78 
66 14 36 89 35 
27 66 48 77 52 
11 48 61 78 52 76 
77 52 61 79 74 51 
47 61 78 74 15 
 2 29 40  6 81 17 
 4 36  2 80  6 
15 30 16 83 85 45 
16 82 49 46 45 
72 95 94 73  1 93 
71 30 22 82 45 86 
54 22 85 45 18 
30 88 43  9 74  8 
30 87 43 71 70 
66 48 31 75 90 35 
31 20 89 35 63 
 9 64 67  8 92 
50 67 91 51  8 
94 97 64 65 72 84 
84 73 96 97 93 
72 84  1 33  4 41 98 
94 73 97 55 
64 67 55 96 94 93 
99 63 41 95 72 
26 63 42 72 98 
