 7 44 37 38 10 68 
71 18 82 12 33 93 
29 58 78 79 36 19 14 
57 58 34 19 28 39 
33  6 93 79 36 41 
62 56 16 47 34 61 
 4 33 40 78 79 53 60 
25 44  0 23 32 10 
85  9 51 90 72 89 
42 43 85  8 89 64 
 0  7 32 68 20 31 
32 48 23 24 62 61 75 
53 33 54 18  1 
21 27 67 14 19 28 
19 13 27  2 36 65 73 
47 16 77 30 72 80 
34  5 47 15 80 81 49 
40 25 78 24 29 
84 45 46 54 71 12  1 
 2 58  3 14 13 28 
63 26 88 10 68 31 
27 13 52 67 50 
70 38 37 83 84 54 
32 11 24 25  7 
17 25 29 56 23 11 62 
 7 44 40 17 24 23 
63 20 68 69 97 42 43 
14 13 65 74 52 21 
67 13 19  3 39 
78 17 57 58  2 56 24 
70 83 86 15 72 85 80 
88 20 10 32 87 48 
48 11 23  7 10 31 
 4  6 93 53 12  1 
57  3 56 16 49  5 39 
41 36 63 73 87 88 
 4 79  2 41 35 14 73 
 0 38 59 44 22 54 
70 69  0 37 68 22 
28 67 66 55 49  3 34 
25 44 17 78  6 60 
 4 36 35 93 96 63 
97 26 99 43  9 64 
42  9 69 86 26 85 
 7 25 40  0 59 37 60 
84 83 18 46 81 80 
81 45 18 49 55 71 
16  5 15 61 77 
65 87 32 11 74 31 75 
55 39 34 46 81 16 
66 90 51 52 21 67 
76 72 52  8 90 50 
76 51 50 74 27 21 75 
33  6 60 59 54 12 
18 84 53 59 22 37 12 
66 39 94 49 46 71 
57 29 24 34 62  5 
 3 58 29 56 34 
57  3 29  2 19 
37 44 60 53 54 
40  6 53 59 44 
 5 47 62 11 77 76 75 
24 11 56  5 61 
20 26 88 35 97 96 41 
99 42 89 95 91  9 
48 87 14 27 74 73 
67 39 50 94 95 55 89 90 
21 13 28 50 66 39 
 0 38 69 10 20 26 
70 38 86 68 26 43 
69 38 86 30 83 22 
46 18 92 82 94 55  1 
77 76 30 15 85 51  8 
65 14 35 36 87 
27 52 48 65 75 
76 52 74 61 11 48 
52 51 72 77 61 75 
76 72 15 47 61 
40  6 17 29  2 79 
 4 36  2 78  6 
81 45 83 15 16 30 
46 45 80 16 49 
93 98 91 92 71  1 
30 70 84 45 80 22 
45 83 18 22 54 
30 72 86 43  9  8 
69 70 30 85 43 
65 48 88 35 73 31 
20 63 35 87 31 
 8  9 90 66 95 64 
 8 51 89 66 50 
99 64 95 98 82 92 
82 91 95 94 71 
98 96  4 33 41 82  1 
95 66 55 92 71 
94 66 89 64 91 92 
99 98 93 97 41 63 
99 96 42 63 26 
99 96 93 91 82 
98 96 97 42 64 91 
