65 10  7 35 41 36 
17 12 31 89 79 68 
55 18 27 70 34 75 76 
18 26 46 32 54 55 
 6 31 89 38 34 76 
15 32 58 44 59 53 
37 57  4 31 50 75 76 
23 41 21 30 10  0 
69 48 82 99  9 86 98 
39 61 40 82  8 86 
97 29 65 30  7  0 
59 22 21 58 72 45 30 
17 51 50 31  1 
19 64 26 18 25 70 
69 28 15 44 77 74 
44 14  5 32 46 77 78 
23 22 27 37 75 
12 51 81 42  1 68 43 
 3 26 55 13  2 70 
64 47 49 25 13 
35 51 80 67 81 36 
22 23  7 11 30 
23 16 27 21 53 59 11 
22 16 21  7 41 37 
66 65 96 40 39 93 60 
71 62 49 70 19 13 
52 64 18  3 46 13 
22 16 53 54 55  2 75 
69 14 67 83 80 77 82 
97 10 85 30 45 84 
 7 21 29 45 10 11 
12 50  1  6  4 89 
15  5 53 46  3 54 
34 38 70 62 84 85 60 
 4 38 33  2 70 76 
56 41 51 20  0 36 
67 20 66 35 65  0 
23 16 41 57  6 75 
89  4 34 92 33 60 
24 40 93 95 61  9 
66 83 24 39 82  9 
56 35 57  7 23 37  0 
77 80 78 81 17 43 
68 52 78 46 42 17 
58  5 74 14 15 
71 72 62 11 30 29 84 
32 15 78 52 26  3 43 
19 64 63 99 48 49 
49 47  8 69 73 99 
71 25 72 73 48 19 47 
12 31 57 56 51  6 
35 56 20 12 17 50 81 
26 46 64 63 68 90 43 
27 22 59  5 32 54 
53 32  3 27 55 
18  3 54 27  2 
35 41 51 57 50 
56 41 37 50  6 
73 72 74 44  5 59 11 
58  5 53 22 11 
38 33 92 85 97 93 96 24 
91 86 39 95  9 87 
71 45 25 70 33 84 
91 86 47 64 52 99 98 90 
52 26 63 47 19 13 
97 10  0 96 66 24 36 
67 83 40 24 65 36 
80 20 66 83 28 36 
 1 17 79 88 90 52 43 
28 14  8 48 73 82 74 
 2 18 13 25 34 62 33 
45 72 62 25 49 
45 71 73 58 49 11 
74 69 58 72 49 48 
73 69 58 14 44 
 2 27 16 37  6 76 
 2 34 75  4  6 
15 14 80 42 28 78 
15 46 77 42 43 
89 94  1 68 88 87 
67 20 28 77 42 81 
20 51 80 42 17 
28 83 69  8 40  9 
66 67 28 40 82 
62 33 85 45 29 
33 60 97 29 84 
91 63 61  9  8 98 
79 94 88 95 61 91 
68 79 87 91 90 
 4 38 31 79 94  1 92 
88 91 68 52 63 
63 86 61 87 88 90 
89 38 93 94 60 
94 95 39 24 92 60 
93 95 79 89 87 92 
94 93 39 61 87 
97 65 60 24 
29 10 65 85 60 96 
99  8 86 63 
47 48  8 63 98 
