34 40  7 10 64 35 
30 12 67 77 17 87 
18 54 69 74 75 33 
18 54 26 53 45 31 
 6 30 87 37 75 33 
58 57 43 52 15 31 
56 49 30 36  4 74 75 
 0 40 10 23 21 29 
84  9 80 47 96 68 
84  8 60 80 39 38 
 7  0 29 28 64 95 
22 21 57 58 71 29 44 
50 49 30  1 17 
18 69 25 19 26 63 
43 15 76 27 73 68 
45 31  5 98 99 43 14 76 
23 22 36 52 74 54 53 
 1 12 67 42 50 79 41 
 3 54 13 69 26  2 
25 13 46 48 63 
34 50 79 78 35 66 
23  7 22 11 29 
21 11 23 16 58 52 
 7 40 21 22 16 36 
64 94 65 59 91 39 38 
61 70 69 13 19 48 
 3 18 13 45 51 63 
76 78 14 66 68 80 81 
29 10 44 82 83 95 
21 11  7 10 28 44 
49 12  1  6 87  4 
15  5 53  3 45 52 
61 69 33 82 83 37 59 
 2 69 75 37  4 32 
55 50  0 40 20 35 
20 34  0 64 65 66 
 6 56 23 16 40 74 
87 90  4 59 33 32 
24 91 39 93 60  9 
 9 80 24 65 81 38 
56 55 34  0  7 23 36 
42 98 17 79 78 76 
67 51 45 17 99 98 41 
73 14 57  5 15 
70 61 29 28 11 71 82 
51 42 26  3 15 99 31 
47 48 19 96 63 62 97 
72 48 46 96  8 68 
46 47 19 71 70 25 72 
50 12 55 56 30  6 
49 12 55 34 17 20 79 
63 26 45 42 67 88 62 
22 16 58  5 53 31 
16 54 52  3 31 
 3 18  2 74 16 53 
56 40 50 49 34 
55 40 49  6 36 
58 11 71 72 73 43  5 
57 11 22 52  5 
90 37 32 83 91 95 94 24 
84 89  9 38 85 93 
70 44 69 25 82 32 
88 89 63 51 84 97 46 
46 19 62 13 26 51 
 0 10 24 94 65 95 35 
24 64 35 66 39 81 
35 65 20 27 78 81 
 1 77 42 51 88 86 17 
80 27 14 73  8 47 72 
18 13 25 61  2 33 32 
71 48 44 61 25 
57 11 70 48 44 72 
68 47 73 48 71 57 
68 14 72 57 43 
36  6  2 54 16 75 
74  2  4  6 33 
98 15 14 41 78 27 
67  1 86 85 87 92 
20 79 41 76 27 66 
17 50 20 78 41 
 9  8 39 68 27 81 
39 80 27 66 65 
44 28 83 61 32 
82 28 32 95 59 
62 97  9  8 60 89 96 
86 77 60 89 93 92 
67 77 88 89 85 
 1 77 30  4 92 90 37 
67 51 86 89 62 
60 84 88 86 62 85 
92 87 91 37 59 
90 59 24 92 93 38 
87 90 77 85 93 91 
60 38 85 92 91 
64 24 95 59 
83 28 10 64 94 59 
47  8 84 97 46 
62 84 46 96 
42 99 15 41 76 
42 98 45 15 
