 7 39 33 10 34 62 
29 12 85 17 65 75 
72 53 73 18 67 32 
18 53 52 30 25 44 
32 36 73  6 29 85 
51 30 42 56 57 15 
 4 73 72 55 29 48 
 0 39 35 10 28 21 
78 66 46 94 82  9 
38 37 59 82  8 78 
 0  7 62 28 27 93 
57 56 22 28 43 21 69 
29  1 48 49 17 
67 24 18 25 19 98 
15 74 26 66 71 42 
14 74 96 30 44  5 42 97 
35 22 72 51 52 53 
 1 12 65 49 77 40 41 
13 67  2 53  3 25 
13 24 47 98 45 
76 64 34 33 77 49 
11 22 28  7 35 
11 57 51 16 35 21 
62 63 38 37 89 58 92 
67 13 47 68 19 60 
13 18  3 50 99 44 98 
76 74 64 66 78 79 14 
28 10 43 80 81 93 
11 43 10  7 21 27 
 1 12  6  4 85 48 
51  5 52  3 15 44 
32 67 81 80 36 58 60 
 4 36 73  2 67 31 
 0 39 54 34 20 49 
33  0 20 64 63 62 
 7 39 55 72 16 22 21 
 4 32 31 85 58 88 
23 38 59 91 89  9 
79 78 63 23 37  9 
 0  7 35 55 33 54 
76 74 77 17 41 96 
44 50 65 17 40 96 97 
 5 56 71 14 15 
11 28 69 68 27 80 60 
50 25 97 41 15 30  3 
46 47 94 19 61 95 99 98 
66  8 94 45 47 70 
46 45 70 19 24 68 69 
 6 29 12 54 55 49 
77 20 33 54 48 12 17 
44 41 65 86 25 61 99 
 5 30 52 57 22 16 
 3 53 51 30 16 
 2 72 18  3 52 16 
55 39 33 49 48 
35 39 72 54  6 48 
42  5 57 11 70 71 69 
11 56 22  5 51 
89 23 31 36 81 88 92 93 
37  9 82 87 91 83 
31 67 80 24 68 43 
86 87 50 45 95 82 99 
10  0 34 63 23 92 93 
34 64 79 62 38 23 
76 20 26 34 63 79 
86 84 41 50 17  1 75 
78  8 26 46 70 71 14 
13 24 18  2 32 31 60 
47 24 69 43 60 
47 70 68 56 11 43 
47 46 66 71 56 69 
66 70 56 42 14 
55 35  2 53 73 16  6 
32  4 72  2  6 
26 76 40 15 14 96 
85  1 65 84 90 83 
26 74 40 64 20 77 
76 20 40 49 17 
66  8 26 79 38  9 
78 26 64 63 38 
27 43 81 31 60 
58 31 80 27 93 
94  8 95 59 87 61  9 
75 84 90 91 59 87 
87 86 65 75 83 
 1 29  4 36 88 75 90 
87 84 65 50 61 
86 84 61 59 82 83 
85 36 58 89 90 
91 90 23 37 58 88 
88 85 75 89 91 83 
37 89 90 59 83 
23 62 58 93 
62 10 92 27 81 58 
46  8 45 95 82 
45 61 94 82 
40 74 15 41 97 
15 44 96 41 
19 13 25 99 45 
50 61 25 98 45 
