69  4 97 81 80 52 24 96 
66 41 61 65 14 67 60 
 3 69 95 94 68 88 42 14 
69  4  2 95 31 
69  3  0 24 31 43 47 
21 15 82 94 95 31 
15 17 50 38  7 92 
38  6 28 92 29 27 
18 36 77 10 76 48 
28 38 12 79 87 
18 20 74 75  8 76 
74 75 16 56 25 63 
30 84 79  9 38 50 40 
20 67 73 65 62 
88  2 42 41  1 89 60 
21 17  6 93 31  5 92 
52 62 78 25 11 74 73 
59 55 15 21  6 50 51 
36  8 91 90 20 10 40 
46 80 39 33 32 49 
85 67 91 18 13 73 74 10 
59 58 15 17 82  5 
56 45 28 64 29 63 
49 33 61 72 89 60 
46 80  0  4 47 
16 11 78 63 26 
63 25 34 78 99 35 
93 43 47 44 92  7 29 
38  9  7 29 22 64 87 
27  7 28 44 45 22 
85 90 84 40 12 
93 43  4  3 95 15  5 
59 70 58 33 71 39 19 
32 58 19 23 49 72 
53 35 83 86 64 63 26 
34 53 26 99 68 42 
55 70 18  8 51 77 71 40 
52 62 81 49 61 
 6 50 28  9  7 12 
57 46 71 32 19 
30 90 18 51 50 36 12 
53 54 66 42  1 14 
68  2 53 41 35 14 
31 93  4 47 27 
47 57 48 45 27 29 
22 56 76 48 44 29 
57 39 24 80 47 19 
24 46 57 44  4 43 27 
44 45 76 77 57  8 
23 33 19 81 37 80 61 
 6 17 51 38 40 12 
36 55 17 50 40 
37 62 81  0 96 16 78 
42 35 41 54 83 34 
85 66 84 41 53 83 
36 70 59 17 51 
22 45 76 75 11 63 
39 46 47 44 48 77 71 
59 21 32 33 82 72 
55 70 17 21 58 32 
14  1 89 23 61 
65 62 37  1 49 23 60 
52 37 16 61 65 13 73 
34 64 25 11 56 22 26 
22 63 34 86 28 87 
61 62  1 67 13 
85 54 67 41  1 
85 20 66 13 65  1 
69 98  2 99 35 42 
 4  3  0  2 97 68 98 
36 55 59 32 71 
77 57 39 36 70 32 
33 58 23 82 89 
13 20 74 16 62 
75 11 16 73 20 10 
74 11 10 76 56 
10  8 75 56 45 48 
36  8 48 57 71 
96 52 16 25 26 99 98 
83 86 84 12  9 87 
81  0 24 46 19 49 
 0 80 52 37 49 
21 58  5 94 88 72 89 
84 54 53 79 86 34 
85 54 83 30 79 12 
20 67 66 54 84 91 90 30 
79 83 34 64 87 
64 86 79  9 28 
 2 94 82 14 89 
88 82 72 23 14 60 
91 85 18 30 40 
85 90 20 18 
 7  6 15 93 27 
31 43 15 92 27 
95  2 82  5 88 
 2 94  3 31  5 
52  0 97 98 78 
69  0 96 98 
68 99 69 97 96 78 
35 68 26 98 78 
