33 39 61 10 34  7 
12 17 29 64 74 82 
32 72 66 71 52 18 
52 51 18 30 44 25 
32 36 72 83 29  6 
15 30 50 56 55 42 
 4 72 29 47 54 71 
10 28  0 39 35 21 
 9 81 77 92 46 65 
77 38  8 81 37 58 
61  0 91  7 28 27 
21 28 43 68 22 56 55 
48 17  1 29 47 
19 96 24 66 18 25 
42 15 73 26 70 65 
94 73 14 95 44 30  5 42 
71 35 52 51 22 50 
40 41 76 48 12  1 64 
 2 66 52 13  3 25 
45 46 67 96 13 24 
34 33 48 76 63 75 
 7 28 35 11 22 
21 35 16 11 50 56 
62 38 61 90 37 87 57 
66 59 67 19 13 
 3 44 49 97 96 13 18 
78 77 65 63 75 73 14 
43 28 10 91 80 79 
 7 10 27 43 21 11 
 4 83  6  1 12 74 47 
15 44  3 51  5 50 
32 36 66 59 79 80 57 
 4 36 72 31 66  2 
 0 39 34 20 48 53 
33  0 61 62 20 63 
54 39  7 71 21 16 22 
 4 32 83 31 86 57 
23 38  9 87 89 58 
23 62 77  9 37 78 
33  0  7 35 54 53 
17 41 76 94 73 75 
40 17 44 95 49 64 94 
55 70  5 14 15 
67 68 27 28 79 59 11 
41 95 49 15 30  3 25 
19 96 46 92 60 93 97 
69 67 45 92 19 65  8 
 6 29 12 54 48 53 
33 20 76 17 12 47 53 
25 97 44 41 64 84 60 
16 51 22 30  5 56 
52 16  3 30 50 
 2 71 18 16 51  3 
54 39 47 33 48 
 6 47 35 39 53 71 
11 68 56 69 70  5 42 
22 11 50  5 55 
31 80 36 86 91 90 87 23 
81 85  9 89 37 98 99 
79 31 67 43 24 66 
85 81 45 97 84 49 93 
10  0 91 90 23 62 34 
23 38 61 34 78 63 
26 78 34 20 62 75 
49 41 84 17  1 82 
26 77  8 46 69 70 14 
31 59 32 24  2 18 13 
43 68 69 46 19 59 24 
43 67 69 11 55 
67 68 46 65 70 55 
69 65 14 55 42 
 6 72 54  2 52 35 16 
32  4  6  2 71 
94 40 15 75 26 14 
83 88  1 29 82 98 99 
76 40 73 20 63 26 
40 17 48 20 75 
 9 38  8 78 26 65 
62 38 77 26 63 
31 80 27 43 59 
27 91 31 79 57 
 9  8 92 60 85 58 93 
64  1 74 85 84 99 
 4 29 36 86 88 74 
49 64 85 60 82 
81 58 60 84 82 99 
83 36 87 88 57 
37 89 23 88 86 57 
86 87 83 89 74 98 
87 88 37 58 98 
91 61 23 57 
61 90 10 27 80 57 
 8 81 45 46 93 
60 81 92 45 
95 15 40 41 73 
44 41 15 94 
45 19 13 97 25 
60 49 45 96 25 
74 88 89 58 99 
82 74 98 85 58 
