 9 58 31 37  6 32 
27 11 16 61 71 79 
63 96 30 69 49 68 
48 49 28 42 23 97 
30 34 69  5 27 80 
 4 69 51 45 68 27 
 9 26 19  0 37 33 
62 44 78 90  8 74 89 
55 35 78  7 74 36 
25 26  0 58  6 88 
41 26 65 19 52 53 20 
50 45 18 73 27  1 16 
63 96 22 17 23 92 97 
62 67 24 70 14 40 
70 91 13 40 99 28 42 
20 33 68 49 48 47 
73 11  1 38 39 61 
22 64 12 92 44 43 
50 11 31 72 60 73 32 
20 33 10 26  6 
15 33 19 10 53 47 
87 84 35 59 58 36 
63 56 12 17 64 
46 93 92 12 42  3 97 
74 75 60 72 62 13 70 
 9 26 41 88 77 76 
 9 25 41 10 19  6 
11 45  5  4 80  1 71 
14 42 48 47  3 99 
63 56 30 34 54 77 76 
 4 34 69 29 63  2 
50 37 18  0 32 
60 59 58 31 18  0 
51 37 20 15 19 68  6 
54 83  4 30 29 80 
55  8 21 84 36 86 
59 75 35  8 21 74 
33 51 50 31  0  6 
70 72 91 73 39 16 
91 38 42 46 16 61 
13 14 98 52 67 99 
65 64 25 26 10 56 76 
46 23 14 28 91 39  3 
57 93 90 92 17 89 44 
66 62  7 64 17 89 43 
50 51 11  5 27 
57 81 42 23 39 93 61 
53 20 15 48 98 28 99 
49 15 47 28  3 
68 15 48  2 96  3 97 
51 37 45 11 18 31 
33 37 50 45  5 68 
65 66 10 53 40 98 67 
10 52 20 98 47 
87 84 88 77 29 34 83 
35  8 78 86 82 94 
41 64 22 76 29 63 
46 81 90 78 43 82 93 
 9  0 59 21 87 32 88 
60 75 21 58 36 32 
59 75 72 18 24 32 
46 81 39 16  1 79 
13 67  7 44 74 24 66 
12 96 29 56 30 22  2 
66 65 41 22 17 56 44 
66 64 52 41 10 
65 64 52 67 62 44 
40 52 66 62 13 
 5 69 51 33 15 49  2 
30  4  5 68  2 
72 38 91 24 13 14 
80 27  1 85 95 79 
60 18 24 70 38 73 
11 18 72 38 16 
 7 62  8 24 75 36 
59 60 24 74 36 
25 41 56 77 29 
25 88 76 54 29 
55  8 57 90  7 82 
94 82 95 81 61  1 71 
27  4 83 34 71 85 
57 46 82 61 79 
57 78 81 55 94 79 
54 34 84 86 80 85 
87 21 35 54 86 83 
95 86 83 80 71 
84 83 55 94 95 35 85 
21 84 58 88 54 
25  9 58 87 77 54 
43 90 44  7 
57 78  7 43 89 
70 38 14 42 39 
23 12 93 17 43 
46 57 23 92 43 
55 86 82 95 79 
94 86 85 71 79 
12 63  2 49 97 
49 96  3 23 12 
40 52 53 47 99 
14 40 98 28 47 
