 7 54 29 28  5 98 
97 13 67 73 24 57 
90 45 65 27 64 59 
38 20 25 44 45 91 
65 27 31 74 24 41 
16 23 30  7 99 98  0 
72 94 95 58 84 40 83 
54 82  5 23 22  0 
16 17 23 49 48 37 61 
86 14 59 90 91 20 19 
21 58 66 11 36 63 
38 85 66 10 36 93 25 
45 64 17 43 30 44 
97 69 34 35  1 57 
19  9 60 40 86 39 
68 56 69 96 46 28 29 
 5 23 30 17  8 
30 16 12 43  8 49 
33 32 54 81 55 78 
60 14 52  9 59 
38 42 87  3 86 91  9 
68 56 66 95 58 70 10 
82 71  7 23 37 
16  5  7 22  8 37 
 4 74 41 96 67 97  1 
38  3 93 43 44 11 
31 27 50 59 71 52 
 4 65 31 26  2 59 
46 98 15 29  0 
55 54 56 15 28  0 
47 64 16 17  5 12 99 
 4 27 74 26 50 77 
33 18 51 80 78 
32 18 51 72 94 70 55 
13 69 68 35 85 66 
38 85 42 34 13 57 
93 92 48 63 10 11 
22 71 52 23  8 60 61 
42 20 35  3 25 85 11 
86 87 53 14 84 83 40 
83  6 60 14 39 58 62 
 4 65 47 24 46 96 
20 87 38 53 35 75 57 
12 17 93 25 92 44 49 
 3 45 12 43 25 
12 64 44  3 90  2 91 
28 98 41 47 96 15 99 
65 64 30 41 46 99 
92 49  8 36 63 62 61 
 8 17 43 92 48 
82 81 78 71 26 31 77 
32 33 72 76 88 80 
26 71 59 37 19 60 
76 84 39 87 42 75 
18 81 82 55  7 29  0 
54 18 70 56 33 29 
68 21 15 70 55 29 
35 42 75 13 73  1 
95 21  6 10 62 40 63 
26 27  2 90  9 52 19 
14 40 19 37 52 62 61 
62 48 60 37  8 
60 40 63 48 58 61 
36 10 48 58 62 
65 47 30 12 45  2 
 4 27 47 64 41  2 
21 68 11 85 10 34 
24 74 79 89 73  1 
21 56 66 15 69 34 
68 15 96 97 13 34 
21 56 33 94 95 55 
22 82 26 52 37 50 
33 51 94 76  6 84 
88 76 67 89 75  1 57 
 4 31 24 67 79 77 
53 42 76 73 57 
88 51 73 53 84 72 75 
50 31 78 74 79 80 
80 32 18 81 50 77 
67 74 89 80 77 
88 51 32 78 89 79 77 
54 18 82 78 50 
22 71 54 81  7 50 
84 39  6 40 
 6 72 39 53 76 83 
35 38 11 66 34 
87 20 39 14  9 
42 20 86 53 39 
80 51 76 73 89 
79 67 73 88 80 
 2 45 59 91  9 
 3 20 45 90  9 
93 43 49 48 36 
25 43 92 36 11 
72 33  6 95 70 
21 58  6 94 70 
41 24 46 69 15 97 
69 96 13 24  1 
46 28 99  5  0 
46 98 47 30  5 
