28 97  5  7 54 29 
13 96 24 67 73 57 
64 65 45 89 59 27 
44 25 45 38 90 20 
74 31 27 65 41 24 
 0 97  7 30 23 16 
93 94 58 72 40 83 84 
 5  0 54 23 22 82 
48 61 37 23 49 16 
90 89 59 14 19 86 20 
66 21 58 63 11 36 
10 66 25 92 36 85 38 
45 64 44 30 17 43 
96 69 34 35 57  1 
60 40 19  9 86 39 
46 28 56 68 29 69 95 
49 17 23  5  8 30 
49 43 16 30 12 
33 55 54 32 81 78 
14  9 59 52 60 
38  3 90 86 87  9 42 
68 66 56 10 70 58 94 
23  7 37 71 82 
 7  5 22 37  8 16 
 4 41 74 95 96 67  1 
 3 44 43 38 92 11 
27 31 59 50 71 52 
59  2 65 26 31  4 
 0 97 46 15 29 
15 28 56 55 54  0 
 5 97 47 64 16 17 12 
50 77 74 27 26  4 
33 51 18 78 80 
70 55 18 72 51 32 93 
66 68 85 69 35 13 
34 85 38 42 13 57 
10 63 48 91 92 11 
 8 61 23 22 60 52 71 
 3 25 20 42 11 85 35 
53 87 86 84 83 14 40 
62 60 58 14  6 39 83 
47 65 46  4 95 24 
53 87 20 38 35 75 57 
49 91 17 44 25 92 12 
 3 25 45 43 12 
 2 89  3 44 64 90 12 
15 28 97 47 41 95 
46 97 30 64 65 41 
 8 61 62 63 36 91 49 
48 91  8 43 17 16 
31 26 77 71 82 81 78 
33 72 32 76 88 80 
26 71 60 19 59 37 
87 42 39 84 76 75 
 7  0 29 55 18 81 82 
70 33 56 29 54 18 
68 21 15 70 55 29 
75 73 13 35 42  1 
10 21 63 62 94 40  6 
 9 89  2 19 52 27 26 
52 19 62 61 40 37 14 
48  8 60 62 37 
60 61 40 48 63 58 
48 62 58 10 36 
47 65 30  2 45 12 
47 64  2 41 27  4 
68 21 10 11 85 34 
74 79 24 98 99 73  1 
66 21 56 15 34 69 
15 68 34 95 96 13 
33 55 56 21 94 93 
26 52 37 22 82 50 
33 51 76 84 93  6 
88 99 76 75 67 57  1 
77 31 79  4 24 67 
53 42 76 73 57 
88 73 53 84 72 51 75 
50 78 31 80 79 74 
32 18 81 80 77 50 
77 80 74 98 67 
51 32 78 77 79 88 98 
18 54 78 82 50 
54  7 81 22 71 50 
39 84 40  6 
39 53 83 76 72  6 
11 66 38 34 35 
14  9 39 87 20 
53 42 20 39 86 
80 51 73 99 98 76 
 2 45 90  9 59 
 9 89 45  3 20 
48 36 49 43 92 
36 91 43 25 11 
70 33 94 72  6 
70 21 58 93  6 
46 15 69 96 41 24 
95 69 24 13  1 
28  0  5 46 30 47 
80 79 88 99 67 
88 73 98 67 
