22 91 70 93 64 11 54 
61 62 42 24 56 85 
42 41 23 35 18 86 
38 62 28 71 22 24 
25 92  6 27 14 21 
80 79 89 55 37 88 69 
25 51  4 78 20 21 
34 58 46 14 21 45 
17 56 85 12 82 86 
10 63 33 60 55 19 89 
35 23 87 33  9 63 81 
 0 91 66 54 31 32 
37 36 82 57 17  8 
26 25 90 66 65 43 53 
27 15  4 46  7 21 
27 14 46 40 97 96 
78 51 75 52 29 30 
49 57 56  8 12 
82 83 39 35  2 86 
 9 63 65 53 67 89 
78 68  6 34 21 
 4 14  7 20  6 34 
 0 91  3 71 38 90 64 
 2 41 40 35 10 87 
 1 56  3 28 62 98 
 6 51 26 13  4 92 43 
25 51 13 53 52 
14 15  4 92 44 61 96 
 3 71 24 98 47 74 
16 75 77 48 30 
48 29 88 67 69 52 16 
65 66 11 63 81 32 
54 11 31 81 39 35 
60  9 10 87 94 
58  7 57 49 68 20 21 
10 23  2 81 18 39 32 
82 83 79 37 12 50 80 
57 12 36  5 55 59 79 
 3 62 22 90 43 44 
50 83 18 35 72 54 32 
97 41 15 23 46 95 87 
 2 42 97 23 40 
 1 61  2 41 97 85 86 
90 38 13 25 92 44 
61 62 27 38 92 43 
46 95 58  7 94 60 59 
14  7 15 40 95 45 
98 99 68 74 28 75 78 
77 84 29 73 69 30 
57 34 68 99 56 17 
39 83 36 80 73 72 
 6 25 26 16 78 52 
26 51 16 53 67 30 
26 13 65 52 67 19 
70  0 11 72 39 32 
 9 60 59 89  5 37 
49 99 24  1 98 17  8 85 
12 37 34 49 58 17 59 
34  7 57 45 59 
45 60 55 37 58 57 
55  9 33 94 45 59 
 1 62 42 97 44 27 96 
61  1  3 38 24 44 
10  9 81 19 65 31 
 0 93 22 76 71 
66 13 53 19 63 31 
90 91 13 65 11 31 
52 53 19 89 88 30 
20 78 34 49 99 47 
73 80 48  5 88 30 
 0 93 84 73 54 72 
 3 28 22 64 76 74 
54 70 50 73 39 
48 69 84 70 80 50 72 
77 75 76 47 28 71 
78 16 29 77 74 47 
77 93 64 71 74 
76 93 84 48 74 75 29 
20 68 16 51 75  6 47 
80  5 37 36 
 5 79 50 73 36 69 
10 63 35 31 32 
36 83 12  8 18 86 
36 82 18 39 50 
77 93 48 73 70 
 1 42 56  8 86 
18  2 82 42 85  8 
10 23 40 95 33 94 
89 67  5 69 30 
 9 55  5 19 67 88 
22 91 38 66 13 43 
22  0 90 66 11 
25  4 27 43 44 
70  0 76 77 64 84 
45 95 60 33 87 
40 46 87 45 94 
27 61 97 15 
42 41 61 40 15 96 
28 47 99 24 56 
49 56 98 47 68 
