53 69 91 63 11 89 22 
60 61 24 55 83 41 
23 40 35 18 84 41 
24 61 28 74 63 99 22 
25 90 27  6 21 14 
54 77 68 86 87 78 
 4 25 21 20 50 76 
34 21 57 14 45 44 
12 17 80 84 83 55 
19 62 87 10 54 33 59 
23 85 62 79 35  9 33 
89 65 31  0 53 32 
17  8 80 36 56 37 
25 42 64 65 52 88 26 
 4 21  7 45 27 15 
14 45 39 27 94 95 
50 51 30 76 73 29 
12  8 56 48 55 
81 80  2 35 84 38 
64 52 62 66 87  9 
21  6 34 67 76 
 6 20  4 34  7 14 
99 98  3 63  0 89 88 
 2 40 85 10 39 35 
 3 61 28  1 96 55 
42 90 13  4  6 50 26 
50 51 13 52 25 
43 90 60 94  4 14 15 
 3 24 46 72 96 74 
30 47 16 75 73 
51 16 68 47 86 66 29 
64 62 79 65 32 11 
53 38 35 79 31 11 
 9 10 59 85 92 
21 20 67 48 56 57  7 
23 10 79  2 18 32 38 
80 81 12 49 78 77 37 
77 54 56 12 36 58 
53 70 32 49 35 18 81 
95 40 85 93 23 45 15 
23  2 95 39 41 
84 83 95 40  2  1 60 
25 90 13 43 98 88 
42 90 60 61 27 98 99 
 7 57 45 58 93 92 59 
39 93 14  7 44 15 
97 67 96 28 72 73 76 
68 71 30 29 75 82 
97 55 67 17 56 34 
70 38 36 78 71 81 
51 16  6 25 26 76 
66 52 50 16 30 26 
13 64 19 66 51 26 
70 38 32 69  0 11 
37 77 58  5 87  9 59 
96 97 17  8 83 24 48  1 
12 37 17 48 34 57 58 
34 56  7 58 44 
56 37 57 54 59 44 
 9 54 33 92 58 44 
43 61 95 94 27  1 41 
43 60 24  3  1 99 
19 64 79 10 31  9 
 3 74 91  0 22 
13 65 52 19 62 31 
64 13 31 88 89 11 
51 52 19 30 86 87 
97 48 46 34 20 76 
71 47 78 30 86  5 
71 82 70 53  0 91 
71 69 53 38 49 
68 78 69 82 70 49 47 
46 28 73 75 74 
75 72 46 76 16 29 
75 72 28  3 63 91 
73 72 74 47 82 91 29 
 6 20 50 73 46 16 67 
36 78 37 54  5 
36 77 49 71 68  5 
62 10 35 32 31 
81 18 12  8 36 84 
80 18 36 49 38 
71 69 47 75 91 
84  8 55  1 41 
 2 18 80  8 83 41 
10 33 23 39 93 92 
68 30 66 87  5 
66 86 19  5 54  9 
98 42 13 65 89 22 
88 65 11  0 22 
42 25 43 27  4 
75 82 74 63 69  0 
59 33 85 93 44 
85 39 45 92 44 
95 60 27 15 
60 94 39 40 15 41 
24 28 46 97 55 
46 96 67 48 55 
43 42 88 99 22 
43 61 98  3 22 
