20 85 59 87 65 50  9 
56 38 22 79 57 
22 26 57 70 59 95 20 
23 86 12 19 25  4 
 3 19 23 47 72 18 
12 19 53 41 32 42 
80 79 15 10 76 
17 58 51 55 83 31 
21 81 31 58 75 33 
 0 85 50 61 29 30 
52 34 73 77 15  6 76 
23 24 39 61 60 49 84 
 5 19  3 25 13 42 
91 90 25 12 36 42 
27 69 47 48 72 28 
93 45 52 79  6 10 
99 33 80 98 35 77 76 
 7 58 60 83 62 49 
72 63 32 19  4 
 5 12  3  4 32 18 
 0 85 59 84 94 95  2 
99 37 33  8 81 36 
26  2 92 79 57  1 
 3 86 11 24  4 39 47 
23 11 47 49 48 
 3 86 12 13 90 56 40 
22  2 92 43 68 70 
69 14 71 44 28 
27 44 62 82 48 14 64 
60 58 61  9 30 75 
 9 50 29 75 35 33 
 7 58 88 55 81  8 
 5 19 53 63 45 52 18 
35 30 75  8 21 99 16 
51 54 10 73 52 
46 66 77 50 30 33 16 
81 89 21 37 91 13 42 
21 99 38 91 98 36 
91 37 80 79 98 56  1 
23 86 11 94 84 40 
56 57 95 25 86 94 39 
53 54  5 88 89 42 55 
41  5 89 12 13 36 
63 93 69 68 26 92 72 
78 67 64 71 27 28 
15 93 63 32 52 
74 73 67 66 77 35 
23 24  4 48 14 72 
47 24 14 49 62 28 
60 17 62 11 24 48 
65  0 66  9 30 35 
54 34 96 73 55  7 97 83 
15 45 32 53 34 54 10 
41 54  5 32 52 
34 51 41 53 52 55 
41 54 88 51  7 31 
25 90 91 38  1 57 40 
22  2  1 56 95 40 
 7 17 60 31 29  8 75 
70  2  0 20 87 
17 58 61 11 49 29 
60 11 84 85 29  9 
83 17 82 49 48 28 
43 93 45 32 72 18 
82 97 74 44 67 28 
87  0 50 66 67 78 
50 65 67 46 35 
65 66 64 74 44 78 46 
43 26 69 70 71 
27 14 68 43 72 71 
26  2 68 59 87 71 
70 68 87 27 69 44 78 
69 43 63 47  4 14 18 
10 77 34 46 74 96 51 
96 97 73 64 67 46 
30 29 58  8 33 
 6 10 77 16 80 
10 73 46 35 16 76 
71 87 44 65 67 
92 22 38 80 93  6 15  1 
38 79  6 98 16 76 
 8 21 36 89 88 31 
64 97 62 83 28 
 7 17 62 82 97 51 
94 39 11 61 85 20 
61 84 20  0  9 
23  3 25 39 40 
59 70  0 71 65 78 
81 89 41 31 55 
81 36 88 41 42 
13 91 25 56 
38 37 13 90 56 36 
22 79 26 43 93 
45 63 43 92 79 15 
84 39 20 95 40 
57  2 20 94 40 
74 97 73 51 
96 74 64 82 51 83 
38 80 16 99 37 
21 37 33 16 98 
