85 64 58 49  9 83 20 
38 77 22 55 56 
69 26 22 58 56 93 20 
25 84 12 23  4 19 
 3 23 19 18 46 71 
19 12 32 52 41 42 
15 77 78 99 10 98 
54 50 17 57 31 81 
74 33 21 57 31 79 
60 83  0 49 29 30 
 6 15 72 34 51 75 98 
23 24 48 59 60 39 82 
25  3 19 13  5 42 
25 12 88 89 36 42 
47 28 46 27 68 71 
 6 77 44 91 51 10 
96 78 99 97 33 35 75 
 7 57 59 48 61 81 
19 32  4 62 71 
 3 12  4 18 32  5 
 0 58 83 92 93 82  2 
33  8 79 36 37 97 
 2 26 90 77  1 56 
 3 84  4 11 24 46 39 
23 11 48 46 47 
40 84 55 88  3 12 13 
90 67 69  2 22 
70 43 28 14 68 
80 61 63 43 14 47 27 
 9 60 59 57 74 30 
 9 49 74 33 29 35 
 7 57 54 86  8 79 
44 51 19 18  5 52 62 
35 16 97 21  8 74 30 
51 53 10 50 72 
16 33 45 75 65 49 30 
89 37 13 87 79 21 42 
38 89 36 21 96 97 
 1 77 55 78 89 37 96 
23 84 11 40 92 82 
25 84 55 56 93 39 92 
86 87 52 53  5 42 54 
13 36 87 12  5 41 
63 28 66 70 27 76 
51 32 15 91 62 
72 75 35 73 65 66 
23 24  4 47 14 71 
14 28 61 46 24 48 
17 61 59 11 24 47 
 0 64 65 35  9 30 
 7 54 94 72 95 81 53 34 
44 32 15 10 52 53 34 
41 53  5 51 32 
41 52 51 54 50 34 
41 53 86 50  7 31 
38  1 25 40 88 89 56 
22  2 55 40  1 93 
 7 17 59 31 74  8 29 
69  2 85  0 20 
17 57 48 11 60 29 
11 59  9 83 29 82 
48 17 81 80 28 47 
90 67 68 91 44 32 18 71 
28 80 43 66 73 95 
 0 85 76 49 65 66 
49 64 35 45 66 
73 63 76 43 64 65 45 
70 68 90 26 69 62 
70 67 27 14 62 71 
67 70 26  2 58 85 
27 68 67 69 43 85 76 
18  4 68 14 62 46 
50 94 34 73 10 75 45 
94 95 45 66 72 63 
 8 33 57 29 30 
45 35 72 16 99 10 98 
85 64 43 70 66 
 1 38 90 22 78  6 15 91 
38 77  6 96 99 16 
36 87 86  8 21 31 
81 95 61 28 63 
 7 50 95 80 17 61 
39 11 60 83 92 20 
 9 60  0 82 20 
25 40  3 23 39 
69 70 58  0 64 76 
87 41 79 54 31 
36 79 86 41 42 
55 25 13 89 
55 38 88 37 36 13 
67 26 22 77 62 91 
44 15 90 77 62 
93 40 39 82 20 
56 40  2 92 20 
50 72 95 73 
94 50 81 80 73 63 
38 37 78 97 16 
21 33 37 96 16 
99  6 10 75 
 6 78 16 75 98 
