83 62 47  9 81 56 20 
22 75 54 53 36 
67 26 22 54 91 56 20 
25 82 12 23  4 19 
18 19 69  3 23 44 
19 31 50 12 39 40 
76 75 15 97 10 96 
17 55 30 79 52 48 
21 77 30 72 55 32 
 0 47 81 29 28 58 
70 73 15  6 96 49 98 
46 24 58 80 57 37 23 
13 25  3 19  5 40 
25 12 86 87 34 40 
69 66 27 44 45 
89 42 75  6 10 49 
97 73 76 94 95 32 33 
55 57 59 79  7 46 
60 31 69 19  4 
18 31  4  3 12  5 
 0 81 56 80 90 91  2 
95 35 34 77  8 32 
88 26  1 75 54  2 
37 82  3  4 44 24 11 
44 23 46 45 11 
38 82 53 86 13 12  3 
88 65 67 22  2 
14 66 45 78 68 41 
55 57 72 29 58  9 
33 47 28 72  9 32 
84 77 52  7 55  8 
42 49 60 18 19 50  5 
29 33 72  8 21 16 95 
43 73 63 47 29 32 16 
21 35 77 87 13 85 40 
95 94 36 21 34 87 
53  1 75 76 94 35 87 
38 82 23 80 11 90 
25 82 53 54 37 91 90 
50 51 52  5 84 85 40 
13 12  5 34 85 39 
68 27 78 61 74 64 
49 31 60 89 15 
33 73 63 64 70 71 
23 24  4 69 14 45 
14 27 78 59 46 24 44 
17 57 59 45 24 11 
62 63 33  0 29  9 
99 51 52 70 92  7 79 93 
42 31 10 98 51 50 15 
49 31 51 39  5 
49 98 50 39 99 48 52 
51 39 30  7 48 84 
25 38 86 54  1 36 87 
53 38 22  1  2 91 
17 57 28 72  7 30  8 
 0 83 67  2 20 
55 17 28 46 58 11 
28 57 80 81  9 11 
17 79 46 78 45 
42 31 89 88 69 66 18 65 
78 93 41 71 64 
63 47  0 83 64 74 
62 47 33 43 64 
63 62 43 74 41 71 61 
68 66 88 26 67 60 
60 69 14 27 65 68 
65 68 26 83  2 56 
65 66 67 27 83 41 74 
60 66 14 18  4 44 
71 92 10 98 73 99 48 43 
92 93 61 70 43 64 
28 55  8 29 32 
70 10 43 97 16 96 33 
64 62 41 83 68 
22  1 88 89 15 36 76  6 
36 75 97 16  6 94 
21 34  8 30 85 84 
93 79 59 45 27 61 41 
59 17  7 48 93 78 
58 81 11 37 90 20 
58 80  0  9 20 
25 38 37 23  3 
67 68  0 62 56 74 
85 39 52 30 77 
34 77 84 39 40 
53 25 13 87 
53 86 36 35 34 13 
65 26 22 75 89 60 
88 75 60 42 15 
80 37 38 91 20 
54 38  2 90 20 
48 70 93 71 
48 79 92 78 61 71 
95 35 36 76 16 
94 35 16 21 32 
10 73 97  6 
16 73 76  6 96 
49 10 51 70 99 
51 98 70 48 
