61 81 46  8 79 55 19 
21 53 52 74 35 
53 21 25 66 89 55 19 
 4 18 11 22 80 24 
17 68 18  3 22 43 
18 30 11 39 38 49 
14 74 75  9 94 95 
20 76 29 31 71 54 
 0 46 79 28 27 57 
69 96 48 14 72 94  6 
23 22 36 57 56 45 78 
12 24 18  5 39  3 
24 84 11 85 33 39 
65 68 43 44 26 
48  9 41  6 74 87 
31 93 32 92 95 72 
45 58 56 29 99 54 98 
30 18  4 68 59 
30  5 11 17  4  3 
78 79 88  0 55 89  2 
34 33 93 31  7 76 
53  1  2 25 86 74 
10 23 36 80  3  4 43 
10 22 45 43 44 
37 80 12 84 52 11  3 
21  2 66 86 64 
44 13 67 40 77 65 
 8 28 56 57 71 54 
32 46  8 27 71 31 
82 51 76  7 99 16 54 
18  5 17 49 59 48 41 
20  7 71 93 15 28 32 
62 46 28 72 15 31 42 
20 34 85 12 39 83 76 
20 33 93 92 85 35 
85 34 92 75 52  1 74 
37 80 22 10 88 78 
24 80 53 89 52 36 88 
39  5 83 50 51 49 82 
11  5 12 33 83 38 
67 26 77 60 63 73 
48 14 30 87 59 
62 32 72 63 70 69 
13 68  4 22 23 44 
45 58 23 43 13 77 26 
56 10 23 16 58 44 
61 62 32  0  8 28 
69 97 50 51 99 90 91 98 
49 30  9 14 50 41 96 
30  5 38 50 48 
38 51 49 47 48 96 97 
38 50 47 82 29 99 
53 37 24 84  1 85 35 
21  1  2 89 37 52 
29 16 71 27  7 56 
 0 81 66  2 19 
57 10 27 45 16 54 
56 10 27  8 79 78 
45 16 44 77 98 
17 30 87 86 68 65 64 41 
77 91 40 70 63 
62 63 46 73 81  0 
61 63 46 32 42 
62 61 73 40 60 70 42 
67 66 25 86 59 65 
13 68 59 64 67 26 
67 64 81 25  2 55 
64 65 66 81 26 40 73 
17  4 13 65 43 59 
 9 72 42 90 47 70 96 97 
69 42 63 91 90 60 
28 27 31  7 54 
 9 69 94 95 15 32 42 
40 63 61 81 67 
21  1 86 35 75  6 14 87 
92 95 35 74  6 
 7 29 20 33 83 82 
44 58 26 40 60 91 98 
36 10 57 79 88 19 
 0  8 57 78 19 
24 37 36 22  3 
66 67 73 61  0 55 
38 51 83 76 29 
39 33 76 38 82 
24 12 52 85 
12 84 52 34 33 35 
25 21 64 74 59 87 
59 86 41 14 74 
89 37 36 78 19 
53 37  2 88 19 
47 91 69 70 
47 90 70 60 77 98 
34 93 75 95 15 35 
34 20 92 31 15 
72 95  9  6 
75 92 72 94 15  6 
48  9 50 69 97 
47 50 96 69 
47 91 99 77 58 16 
47 51 29 16 98 
