54 79 45  8 19 60 77 
85 21 51 35 52 73 
52 21 87 25 65 54 19 
11 24 18 78 22  4 
17 18  3 67 43 22 
30 48 11 39 38 18 
73 85 93 92 14  9 
74 20 31 70 53 29 
27 56 28 45  0 77 
92  6 14 94 68 47 71 
36 22 56 55 99 98 23 76 
 5 39 12 24 18  3 
82 83 11 39 24 33 
64 67 43 26 44 
41 47  6 85  9 
91 31 90 32 71 92 93 
53 29 55 99 57 96 97 
30 58 18 67  4 
 5 30 11 17  3  4 
54  0 86 76 87  2 77 
31 91  7 34 74 33 
 1 85  2 52 84 25 
36 78 10 23 43  3  4 
43 22 10 98 44 
37 78 82 12 11  3 
 2 21 84 65 63 
64 13 44 75 66 40 
56  8 55 53 70 28 
27  8 70 31 32 45 
 7 74 53 16 80 50 97 
41 58 47 48  5 18 17 
20  7 70 28 32 91 15 
28 31 42 71 61 15 45 
34 20 81 39 12 83 74 
91 20 83 35 90 33 
51 83  1 34 90 73 
22 78 37 10 76 86 
24 78 36 51 52 82 87 86 
81 39  5 48 49 80 50 
11  5 12 38 81 33 
75 26 59 66 62 72 
30 58 47 84 85 14 
32 71 68 69 61 62 
13 67 44 23 22  4 
57 98 13 26 43 23 75 
28 32 61  8  0 60 
49 50 96 89 88 95 97 
30 48 41 49 94  9 14 
30 47 49  5 38 
47 48 94 95 46 50 38 
46 49 97 38 80 29 
83 35  1 52 37 82 
 2 21  1 51 37 87 
 7 70 29 27 55 16 
 0 79 65  2 19 
10 56 99 27 53 16 
10 55 27  8 76 77 
99 98 44 16 75 96 
41 30 84 67 64 63 17 
69 62 89 75 40 
45  0 72 79 61 62 
42 32 45 62 60 
42 69 61 59 40 72 60 
84 58 25 64 65 66 
67 58 63 13 26 66 
66 79 25  2 63 54 
64 26 63 40 65 72 79 
64 58 13 43 17  4 
88 95 94 71 42  9 69 
68 42 62 59 89 88 
 7 31 53 27 28 
42 68 92 15 32  9 
66 79 40 62 60 
 1 85  6 35 90 93 
81 80  7 20 29 33 
44 26 57 59 89 96 40 
10 36 56 86 19 77 
 0  8 19 76 56 
24 37 36 22  3 
66 72 65  0 54 60 
74 81 38 50 29 
74 80 38 39 33 
83 51 37 24 12 
51 35 34 82 12 33 
41 85 58 21 25 63 
 1 21 73  6 41 84 14 
76 36 37 87 19 
52 37  2 86 19 
69 89 46 68 95 
69 59 75 96 46 88 
34 35 91 15 73 93 
31 15 20 34 90 
71 15 93  6  9 
90 15 92 73  6 
47  9 68 95 49 
94 68 49 46 88 
46 89 16 57 75 97 
46 50 96 29 16 
99 57 10 44 23 
57 98 10 55 16 
