 7 76 18 53 78 59 44 
72 84 34 20 50 51 
64 24 53 20 18 86 51 
16 66 42 17 21 98 99 
17 29 47 37 38 10 
 8 91 92 72 84 13 
73 28 52 69 30 19 
26 27 55 76  0 44 
 5 91 70 67 93 46 13 
21 22 35 96 97 54 75 55 
11 23 99 17 38  4 
32 82 38 81 23 10 
42 66 63 25 43 
 5  8 46 40 84 
31 70 90 30 92 91 89 
28 95 94 56 52 54 97 
17 29  3 66 57 
 4 29 10 99 16  3 
85 86  2 53 75 76  0 
33 32 73 90 30  6 
 1 84 83 24  2 51 
98 77 35  9 22 42  3 
21  9 96 42 43 
98 77 11 81 99 10 36 
62 64 83 20  2 
63 65 12 43 74 39 
52 54 55  7 27 69 
30 31 26  7 69 44 
15 95 73  6 79 49 52 
 4 17 47 46 40 16 57 
14 90 27 31 69  6 19 
70 14 41 60 30 27 44 
33 19 82 11 38 73 80 
34 82 32 19 89 90 
33 82 72  1 89 50 
21 77  9 75 85 36 
85 86 35 77 23 81 50 51 
79 49  4 38 47 48 80 
32 11  4 37 10 80 
61 58 25 65 74 71 
46 29 84 13 83 57 
70 31 60 67 68 61 
12 66 21 22  3 43 
12 25 74 56 96 22 42 
59 60  7 27  0 31 
49 48 93 87 95 88 94 
93  8 29 40 47 48 13 
 4 29 37 46 48 
37 47 46 93 49 45 
28 79 37 95 48 45 
 1 34 82 81 36 51 
20  1 50  2 86 36 
15 54 28  6 26 69 
78 64  2 18  0 
52 15 97  9 26 55 
 9 54 75 76 26  7 
15 94 97 96 74 43 
83 40 29 16 62 66 63 
88 68 74 61 39 
78 71  0 44 60 61 
41 31 44 59 61 
39 71 58 59 60 68 41 
64 24 65 63 83 57 
12 66 62 65 25 57 
62 24 65 78 53  2 
64 62 78 63 25 39 71 
42 12 16  3 63 57 
93  8 70 87 68 41 
88 87 67 41 58 61 
52  6 26 27 30 
 8 91 67 41 31 14 
78 65 39 59 61 
 1 84 34 92  5 89 
32 19 28 79 80  6 
58 88 94 56 43 25 39 
 9 35 85 18 76 55 
75 18 55  7  0 
21 98 35 23 36 
65 71 64 53 59  0 
28 49 37 73 80 
73 79 32 38 37 
11 82 23 36 50 
33 34 32 11 81 50 
62 24 20 84 57 40 
 1 72 20 83  5 40 13 
75 35 36 86 18 
85 36 18  2 51 
68 88 93 67 45 
68 87 58 45 94 74 
33 34 72 92 90 14 
19 30 33 89 14 
 8  5 92 70 14 
 5 91 72 89 14 
46  8 48 67 87 45 
15 56 95 45 88 74 
15 28 49 94 45 
 9 22 97 56 43 
15 54  9 96 56 
21 77 23 99  3 
23 98 10 17  3 
