51 76 57 17 74 43  7 
82 19 70 49 48 33 
49 19 23 51 17 84 62 
16 97 96 15 64 20 41 
10 16 28 45 37 36 
82 70 89  8 90 99 98 
18 29 27 50 71 67 
74 53 25  0 43 26 
89  5 68 65 91 98 44 
53 52 34 73 20 21 94 95 
22 97 16  4 37 11 
37 10 79 80 22 31 
61 64 41 42 24 
89 90 68 87 88 29 30 
93 92 27 52 50 54 95 
55 64  3 16 28 
10 97  3 15 28  4 
 2 51 84 83  0 74 73 
71  6 88 32 29 31 
82  1 49  2 23 81 
34  9 21 75 96  3 41 
20  9 94 42 41 
35 75 96 97 79 10 11 
19  2 62 60 81 
63 38 12 42 61 72 
52 53  7 26 50 67 
30 29 43  7 25 67 
93 14 50  6 71 77 47 
55 39 15 16  4 45 44 
30 13 88 18  6 26 67 
13 29 68 40 26 43 58 
71 18 78 32 37 11 80 
87 88 18 33 80 31 
48  1 70 80 87 32 
35 75 83 73  9 20 
22 75 34 83 48 49 79 84 
45 46 78 37  4 77 47 
78 36  4 10 11 31 
72 56 59 69 63 24 
28 55 81 82 99 44 
66 59 65 68 30 58 
20  3 21 64 12 42 
54 72 21 94 41 12 24 
 0 57 30 26  7 58 
28 45 46 91  8 99 39 98 
46 36  4 28 44 
45 36 91 85 44 47 
93 85 46 27 77 36 
49 35  1 79 80 33 
48 35 19  2  1 84 
52 14 25 27  6 67 
 2 17 62 76  0 
53  9 25 50 14 95 
52  9 25 73 74  7 
42 72 92 14 94 95 
61 64 60 28 39 15 81 
38 72 59 66 86 
 0 76 43 58 59 69 
30 43 40 57 59 
66 40 58 57 56 69 38 
62 23 63 61 81 55 
55 64 60 12 63 24 
23  2 51 76 60 63 
38 69 76 62 60 61 24 
61 55 15  3 12 41 
68 40  8 91 85 66 
40 65 59 56 85 86 
50  6 25 26 29 
 8 89 13 65 40 30 
63 76 57 59 38 
82  1  5 33 90 87 
18  6 27 31 78 77 
38 56 42 54 92 24 86 
83 34 74 53 17  9 
 0 17 73 53  7 
22 35 34 96 20 
51 62  0 57 63 69 
78 71 27 36 47 
37 36 31 71 77 
48 80 22 35 11 
48 79 33 32 11 31 
23 60 82 19 55 39 
19  1 70  5 81 99 39 
34 35 84 17 73 
83 35 49  2 17 
66 65 91 46 86 93 47 
92 93 85 66 56 72 
33 70 90 13 88 32 
87 13 32 18 29 
 8  5 90 13 68 
89  5 70 13 87 
 8 65 85 46 44 
93 14 54 72 86 
92 14 27 86 85 47 
21 42 54  9 95 
54 14 94 52  9 
22 75 97  3 20 
22 96 10 16  3 
 8  5 99 44 
82  5 98 39 44 
