50 16 75 73 56 42  6 
81 18 48 47 69 32 
63 40 19 95 14 96 15 
27 44 36  9 35 15 
69 81  7 88 97 98 89 
66 49 28 26 70 17 
 0 42 73 25 24 52 
97 90 64  4 88 67 
33 72 52 51 19 94 93 20 
21 96 10 36  3 15 
78 79 21  9 30 36 
60 23 41 40 63 
29 28 67 88 87 86 89 
51 49 94 53 26 92 91 
63 54 27  2 15 
27 14  3  9 96  2 
82 83 72 50  0 73 
28  5 70 30 31 87 
81  1 48 22 80 
33  8 74 95 20 40  2 
19 40 41 93  8 
34 74 95 96 78 10  9 
61 59 83 48 18 50 80 
41 71 60 11 62 37 
49 51 66 52 25  6 
66 24 42 29 28  6 
92 13 49  5 70 76 46 
54 38 14  3 44 43 15 
25 29 66  5 12 87 17 
39 67 42 57 25 28 12 
17 31 70 77 79 10 36 
30 17 79 32 86 87 
47  1 69 79 86 31 
34 74 72  8 82 19 
21 74 33 78 47 82 83 48 
76 77 45 44 36  3 46 
 9 10 30 77  3 35 
62 23 68 71 55 58 
54 80 27 99 43 81 
65 64 58 67 29 57 
11 41 19 20 63  2 
71 23 11 40 53 93 20 
57 29 25  0 56  6 
45 44 27 99 38 90 97 
 3 27 43 45 35 
43 44 35 46 90 84 
35 45 76 26 92 84 
78 79 34 48  1 32 
47 34 83  1 18 22 
51 13 24 66  5 26 
83 22 61 16 75  0 
49 13 24 52  8 94 
51 24 72  8 73  6 
71 41 93 94 13 91 
80 59 63 14 38 60 27 
85 65 71 58 37 
68 75  0 42 57 58 
39 58 42 29 56 
65 39 57 56 68 55 37 
61 22 62 80 54 60 
11 23 63 62 59 54 
22 59 62 75 50 
60 23 59 61 75 68 37 
11 40 60 54 14  2 
39 65 67  7 90 84 
64 39 55 85 58 84 
49 24 25 28  5 
64 39 12 88 29  7 
62 75 56 58 37 
81  1  4 32 86 89 
17  5 26 30 77 76 
41 23 53 85 55 91 37 
33  8 82 16 52 73 
 0 16 72 52  6 
21 34 33 95 19 
61 62 68 50  0 56 
70 77 26 35 46 
70 30 36 76 35 
47 79 21 34 10 
47 78 10 30 31 32 
18 81 38 22 59 54 
18  1 99 38 69 80  4 98 
83 16 72 33 34 
82 16 34 48 22 50 
85 92 45 90 64 65 46 
55 65 71 91 92 84 
32 69 31 87 12 89 
17 31 86 28 12 
12 67  7  4 89 
86 69  4 88 12 
43 45  7 64 97 84 
85 92 13 53 71 
26 13 85 91 84 46 
94  8 53 41 20 
51  8 93 13 53 
21 74 96 19  2 
21 95  9  2 15 
90  7 43 99 98  4 
97 99  4 81 
38 43 81 97 98 
