 3 22 93 92 66 78 77 
39 12 85 65 91  2 66 
28 91  3 66  1 
28 40 44 22  2 66  0 
19 13 28 91 79 
13 15 35  6 89 47 
 5 35 89 26 24 25 
74 45 33 73 16  9 
97 96 35 76 84 25 
16 18 71 72  7 73 
60 53 71 14 72 23 
70 18 64 62 59 
86 57 38 39 85  1 
19 15  5 89  4 28 90 
71 10 70 59 75 49 23 
13 19 52 48  5 47 56 
33 37  7 88 18  9 87 
43 77 36 29 30 46 
71 70 88 16 64  9 11 
13 15  4 55 56 79 
60 53 26 25 61 42 
46 30 58 69 57 86 
43 77 44  3  0 
98 99 60 10 75 14 
90 40 44 41 26  6 89 
20 61 84 26  6  8 35 
25 20 24 41  6 42 
82 81 87 96 37 97 
 4 91 13  2 90 40  3 
68 67 36 17 30 55 56 
17 29 46 21 69 55 
32 99 61 83 60 80 50 
31 50 95 98 99 65 39 
68 67 74  7 52 48 37 16 
46 58 78 49 59 
 5  6 97  8 47 25 
43 54 68 29 17 
48 33 16 47 97 87 27 
57 63 12 51 39 50 
32 65 50 38 12  1 
90 24 44 28  3 
54 45 44 24 26 42 
26 20 73 53 45 41 
54 44 36 17 77 22 
54 43 41 40 24 22  3 
 7 74 54 73 41 42 
30 21 58 17 77 78 34 
97 35 48 15 37  5 
52 15 33 37 47 
78 92 34 59 14 75 
31 80 51 32 39 38 
63 38 82 81 80 50 
33 67 48 15 56 
20 60 10 72 73 42 
43 44 36 74 45 68 41 
29 30 69 56 19 79 
55 19 52 15 67 29 
63 62 58 21 86 12 38 
46 21 57 62 34 59 
58 62 34 11 70 49 14 
20 53 10 31 99 23 61 
83 31 60 20 84 25 
64 11 63 57 58 59 
64 62 82 51 57 38 
62 63 82 88 18 11 
94 95 66 32 39  1 
 1  2  3 65  0 93 94 
68 33 52 29 56 
33 67 74 54 36 29 
30 21 55 86 79 
71 18 14 59 11 
10 14 70 18 72  9 
73 53 10 71  9 
 7 45 72 53  9 42 
 7 45 33 68 54 
49 92 93 98 23 95 14 94 
96  8 81 84 83 80 
43 17 46 22 78  0 
46 77 34  0 92 49 
 4 91 85 19 86 69 55 
51 81 76 83 31 50 
82 51 76 96 80 27 
51 63 81 64 88 87 27 
61 31 84 76 80 
83 61 76  8 25 
86 12  1 91 79 
69 21 57 12 85 79 
16 37 88 82 27 
16 18 64 82 87 
 5  6 13 24 90 
89 13 28 40 24 
 4 28  2  1 85 79 
93  0 78 49 75 
 0 92 66 94 75 
93 66 65 95 75 
65 32 94 98 75 
97  8 76 81 27 
96  8 35 47 37 27 
99 32 95 75 23 
98 32 31 60 23 
