55 73 49 16 41  6 71 
47 46 32 67 79 18 
92 91 15 14 61 40 19 
15  9 35 43 36 27 
95 93 67 86 79 85 94  7 
17 28 64 48 26 68 
51 24 25 41  0 71 
85 65 62 93  4 87 
51 50 19 33 70 20 90 
92 21 15  3 10 36 
76 77  9 21 36 30 
58 23 61 40 52 20 
86 83 85 65 84 29 28 
48 50 89 88 26 52 90 
15  2 53 38 61 27 
 9 92  2 14  3 27 
80 81 49 70  0 71 
84 31 68  5 28 30 
78 22 79  1 47 
 8 33 91 72  2 40 20 
19 40  8 11 52 90 
91 72 34 92  9 76 10 
59 57 78 81 47 49 18 
58 11 52 60 37 69 
48 50 51 64  6 25 
29 28 64 24  6 41 
 5 48 45 74 89 13 68 
42 43 38  3 15 14 
29 12 17  5 64 84 25 
97 39 12 28 65 25 41 
31 17 77 10 36 75 68 
32 77 83 84 17 30 
31 77 83 46  1 67 
34 72 80  8 19 70 
21 72 76 33 46 47 80 81 
44 45 43  3 36 75 74 
 3  9 10 35 75 30 
66 56 60 23 54 69 
42 95 53 14 78 27 94 
63 56 96 97 29 62 65 
61  2 11 19 20 
29 97 25  6 96 55  0 
44 43 87 38 95 93 27 
42 44 35  3 27 
42 43 87 82 45 35 
89 26 44 82 35 74 
76 34 47  1 32 77 
46 34  1 81 22 18 
24 50 13 64  5 26 
59 22 81 16 73  0 
24 48 13 51  8 90 
24 50  8  6 70 71 
13 88 11 23 20 90 69 
38 14 61 58 57 78 
37 56 63 98 69 
66 73 56 96  0 41 
63 39 96 55 66 54 37 
59 22 78 60 58 53 
11 23 53 61 57 60 
22 57 60 73 49 
37 66 58 23 57 59 73 
14  2 40 53 58 11 
65 39 63  7 87 82 
39 62 82 99 56 54 98 
 5 28 24 48 25 
 7 85 12 29 62 39 
60 73 55 56 37 
32 83 86  1 79  4 
26  5 17 30 75 74 
98 88 54 52 23 37 
 8 33 51 80 16 71 
 0 16  6 70 51 
91 21 34 33 19 
59 60 66 55 49  0 
35 45 75 68 26 
36 35 30 68 74 
34 21 46 77 10 
31 32 46 76 10 30 
22 57 38 94 79 18 53 
78 94 67  1 18  4 
33 34 81 16 70 
47 22 80 16 34 49 
44 87 45 62 89 99 63 
32 31 12 86 67 84 
31 17 83 12 28 
 7 65 12 86  4 
12 83 67 85  4 
44 42  7 62 82 93 
13 89 52 98 69 
13 88 26 45 82 99 98 
20 52 13 50  8 
21 72 92  2 19 
91  2 21  9 15 
42 87  7 95  4 
38 78 79 95  4 
42 38 93  4 94 
39 56 97 55 41 
96 39 29 41 
63 99 54 89 88 69 
82 89 63 98 
