71 53  6 69 47 40 16 
31 44 65 77 98 45 
18 39 89 14 15 90 59 
35 34 41 26 15  9 
84 83 92 77 65 91 93  7 
66 25 17 27 46 62 
 0 69 24 23 49 40 
60 85 91 63 83  4 
49 48 18 32 19 88 68 
10 20 35 90 15  3 
29 75 74 20  9 35 
56 22 59 39 50 19 
27 28 82 63 83 84 81 
25 87 88 48 86 46 
 2 15 26 37 59 51 
 2 14 26 90  9  3 
 0 69 47 68 78 79 
30 82 27  5 66 29 
32 70  8  2 39 19 89 
18  8 39 88 50 11 
10 74  9 89 70 90 33 
47 57 55 76 45 98 99 79 
50 67 36 58 56 11 
49 48  6 24 46 62 
27 28 95  6 23 62 40 
13 87 43 72 66  5 46 
41 93 37 14 15  3 
12 28 82 17  5 24 62 
12 27 63 24 95 38 
30 75 10 17 66 35 73 
17 82 29 75 31 81 
30 75 44  1 81 65 
18 70  8 78 68 
78 70 44 74 45 20 79 
41 42 43 72 73 35  3 
29 10  9 73 34  3 
67 22 52 58 64 54 
26 93 92 76 14 51 
95 28 63 94 54 61 60 
 2 18 19 59 11 
24 95  6 94 53  0 
42 85 91 93 34 26  3 
80 85 41 34 43 
80 42 87 34 72 25 
74 75 31  1 45 33 
 1 44 98 21 33 79 
13 48 23 25  5 62 
21 57 71  0 16 79 
 8 49 13 88 23 46 
 8 48 23 68 69  6 
67 22 19 88 86 11 
56 55 59 37 76 14 
36 67 96 97 54 61 
54 94  0 71 40 64 
94 53 52 61 38 36 64 
58 57 76 51 21 56 
58 22 55 11 59 51 
58 71 47 21 55 
71 57 36 22 55 56 64 
 2 39 14 11 56 51 
80 61 85  7 63 38 
54 52 38 60 97 80 
24 23 46  5 27 
38 28 12 83 60  7 
58 71 36 53 54 
77  4 84  1 31 81 
72 25  5 17 29 73 
50 22 36 52 96 86 
69 49  8 32 78 16 
68 49  0  6 16 
32 18 78 89 20 33 
 0 53 58 57 47 64 
25 66 34 43 73 
29 66 35 72 34 
10 75 20 44 33 
29 30 10 74 44 31 
92 37 51 77 55 21 99 
92  4 65  1 98 76 99 
32 70 68 16 33 79 
47 21 45 16 78 33 
97 87 43 85 60 42 61 
12 82 84 30 31 65 
30 17 27 12 81 
12 63 84  4  7 
12 83  4 81 65 
60 80 42 41 91  7 
88 13 87 96 50 67 
13 25 80 97 43 96 86 
13 48 19 50  8 86 
18 70  2 20 90 
 2 15 89  9 20 
41 85 93  7  4 
77  4 93 37 76 
91 41 26 37  4 92 
54 53 38 95 40 
24 28 38 94 40 
97 87 52 67 86 
80 87 96 52 61 
 1 77 45 21 99 
98 77 76 21 
