38  6 50 65 67 45 16 
43 42 92 71 61 31 
14 56 84 15 83 18 37 
39 26  9 15 99 33 
86 71 87 85  7 61 77 78 
17 62 44 23 24 25 27 
 0 38 23 47 65 24 
59 57 85  4 77 79 
82 19 18 94 47 64 46 
84 15 20 10 99  3 
20  9 99 29 30 69 
22 53 56 96 19 37 
27 28 59 76 77 75 78 
81 80 44 46 82 25 
26 15 35  2 56 48 
 9 84 14 26  2  3 
65  0 45 72 64 73 
29 62 76 27 30  5 
95 66 94  8 19  2 83 37 
 8 82 18 96 11 97 37 
 9 84 32 66 83 10 69 
93 52 73 43 92 45 54 
55 53 34 11 96 63 
47  6 46 44  5 24 
38  6 89 23  5 28 27 
62 68 13 44  5 81 41 
14 15 35 87 39  3 
28 24 12 76  5 17 
59 12 36 89 24 27 
10 30 99 98 62 17 
76 75 31 10 29 69 17 
75 30  1 42 61 69 
43 42 72 66 73 20 69 
40 39  3 98 68 99 41 
55 22 60 51 49 63 
26 14 86 87 70 48 
51 88 58 28 59 57 89 
 2 18 19 11 56 
 0  6 89 88 50 24 
87 26 40 79 85  3 33 
74 41 79 39 33 
81 25 74 40 68 33 
43 32  1 31 69 
73 21 32 42 92  1 
23  5 46 13 25 
73 21 67  0 54 16 
47 23 44  8 82 13 
23  6 46 65 64  8 
52 53 70 56 35 14 
91 58 90 51 34 63 
51 88 60 38  0 67 
58 49 36 88 34 60 50 
93 21 70 55 53 48 54 
22 55 11 56 52 48 
55 52 67 21 45 
52 53 22 34 60 67 54 
11 53 14  2 37 48 
 7 59 79 36 58 74 
57 74 91 36 51 49 
57  7 12 28 77 36 
34 51 55 50 67 
 4 71  1 78 75 31 
68 25  5 29 98 17 
97 96 90 80 22 34 49 
65 47 95 72 94  8 16 
 0  6 47 64 16 
72 95 18 32 20 83 
55 60 50  0 45 54 
25 41 62 98 33 
10 20 32 42 31 30 
93 71 52 48 35 86 
70 93 86  4 92 61  1 
95 66 64 32 73 16 
43 21 32 72 45 16 
57 58 91 81 41 40 79 
76 12 30 78 61 31 
12 27 75 30 17 
 4  7 59 12 78 
61  4 77 75 12 
 7 57 74 40 39 85 
13 81 82 90 97 63 
91 74 41 13 80 25 90 
 8 19 46 13 80 97 
 2 84 18 66 20 
 9 15  2 20 83 
39 87 79  7  4 
35 70 87 71  4 
86 35 26  4 39 85 
51 36 89 38 50 
38 88 36 28 24 
81 80 91 49 63 
81 74 58 90 49 
93 21 43 71  1 
70 71 52 21 92 
18 95 64  8 
72 66 18 94 64 
11 22 19 97 63 
82 80 19 96 63 
29 99 62 68 33 
10  9 29  3 98 33 
