64 43 15 62  5 36 48 
58 68 89 30 40 41 
 8 14 25 37 32 95 
68 58 74  6 82 84 83 75 
16 59 26 42 22 23 24 
23 22 45 62  0 36 
74  3 54 76 82 56 
79 44 18 17 91 61 45 
 2 14 81 19  9 95 
29 28 66 19  8 95 
99 18 53 93 21 50 
26 27 73 72 74 75 56 
79 44 42 77 78 24 
25 14 81 98 34 53 46 
 2  8 81 25 13 
70 69 43 61 62  0 
26 73 59 28  4 29 
80 63 98 99  7 18 91 92 
 7 17 79 99 10 93 
 8 81  9 66 31 63 80 
70 41 49 51 90 43 89 
33 60 93 10 52 50 
42 44  4 23  5 45 
27 26 86  4 22  5 36 
59 65 39 78 42 12  4 
 2 14 37 13 34 84 
11 27 73 23  4 16 
23 26 86 11 56 35 
94 59 29  9 95 16 
 9 28 66 16 73 72 30 
72 29 66 40 58  1 
19 63 66 69 70 41 40 
94 65 37  2 38 95 39 
47 60 21 97 52 57 
83 67 13 25 84 46 
27 56 86 54 55 85 96 
85 86 23  5  0 48 
82 76 38 25  2 32 84 
37 76 32 71 39 
71 38 78 32 65 24 
31 66 41 30  1 
70 20 31 40 89  1 
12 44 22  4 24 
70 20 51 15 64  0 
12 79 42  7 22 45 
 7 44 61 22  5 62 
34 13 53 67 50 49 
33 60 55 88 87 97 
36  0 85 64 57 96 
51 20 46 50 90 52 67 
52 49 21 10 53 46 
49 20 43 52 64 
49 50 51 21 33 64 57 
13 98 99 10 50 46 
71 76 55  6 56 35 
35 96 47 88 71 97 54 
54 35 27 74  6 11 
52 33 64 97 96 48 
68  3 75 72 30  1 
94 28 65  4 24 16 
47 33 21 77 87 93 
91  7 92 69 15 45 62 
15 61 45  5  0 
19 31 69 17 80 92 
43 51 52 57  0 48 
59 94 24 32 39 
 9 29 19 31 40 30 
46 49 90 34 83 68 
58  3 83 90 89 67  1 
31 63 70 92 61 15 
69 31 41 20 43 15 
38 76 55 88 78 54 39 
73 11 29 75 58 30 
26 11 16 29 72 
 6  3 75 11 56 
58  3 74 72 11 
37 82 38 71 54  6 
79 12 87 60 78 93 
71 88 87 77 12 39 24 
12 44  7 77 18 93 
17 63 19 81 98 
 8 14 19 80 98 13 
37 76  6  3 84 
68  3 84 34 67 
37 82 25  3 83 34 
35 86 96 36 48 
27 23 35 85 36 
77 60 47 88 78 
55 47 71 87 78 
41 20 90 68  1 
49 20 89 68 67 
 7 17 92 61 
17 63 91 69 61 
18 10 21 60 79 77 
59 28 65 32 95 
 9  8  2 94 28 32 
35 55 85 97 57 48 
47 55 96 33 57 
80 81 17 13 99 53 
98 17 18 10 53 
