56  4 32 42 37 58 
62 52 26 34 35 83 
28 89 95 94 22 13  7 
20 19 36 21 23 53 14 
20 19 56  0 39 32 
48 70 50 68 97 76 
38 73 39 55 85 15 16 
13  2 89  8 75 17 
60 17 25  7 89 24 
47 44 93 16 87 18 
66 67 50 68 69 23 80 
38 73 36 21 72 71 
30 40 75 92 13 22 47 
75 12 22  2  7 
53  3 67 25 23 24 
74 57 86 92 93 85  6 16 
87  9 93 15  6 73 
74 57 75 27  8 60  7 
87  9 44 46 29 54 
 4 20  3 36 39 38 
 4 19  3 23 80 32 
36  3 59 99 53 11 72 98 
78 30 94 12 13  2 
20  3 80 10 67 14 
89  8 88 25 14 53 
14 67 60  8 66 24 26 
66 25 60 34 52  1 
17 57 60 34 63 64 35 
59 99 33 89  2 95 88 
18 46 51 91 41 54 
61 40 12 78 22 77 
49 48 50 90 79 80 
20 80 79  4 42  0 
98 99 28 65 70 95 
27 60 35 26  1 
27 64 34  1 83 
 3 19 21 38 11 
56 64  0 58 45 83 
 6 73 39 36 19 11 
 4 19 56 38  6 55 
61 30 12 47 44 43 
49 91 29 82 81 54 
79 90 32  0 51 58 
46 44 45 40 61 84 
47 40  9 46 43 18 
43 46 58 37 83 84 
18 44 43 45 29 51 58 
44 40 12 92  9 93 
 5 70 65 50 31 49 
65 48 31 90 91 41 82 
31 80 48 10 68  5 
42 90 29 46 58 91 
26 66 62  1 69 96 
21 59  3 14 88 24 
18 87 29 71 81 41 
 6 39 56 63 86 85 
 0  4 39 63 64 37 55 
74 17 15 86 27 63 
45 46 51 37  0 42 
21 99 28 53 88 
 8 17 27 34 25 26 
40 43 62 77 84 30 
 1 52 83 77 61 84 96 
56 64 27 86 57 55 
56 63 27 35 37 83 
98 72 33 70 48 49 82 
67 25 26 52 69 10 
14 25 23 66 10 
10 50 69  5 97 
66 52 10 68 97 96 
 5 48 65 33 76 94 95 
11 72 81 73 87 54 
11 21 98 65 82 81 71 
 6 38 11 16 87 71 
17 57 75 92 15 
74 92 17 12 13  7 
 5 70 94 78 97 
62 61 30 78 96 
76 94 22 30 77 96 97 
31 90 80 42 32 
31 50 79 10 23 20 32 
82 72 41 71 54 
49 65 72 81 41 
35 64  1 62 37 45 84 
43 45 83 61 62 
55 86  6 15 
15 57 63 55 85 
16  9 73 18 71 54 
28 59 89 53 24 
28  2  7  8 88 24 
49 31 79 42 51 91 
49 90 41 29 51 
75 74 12 15 47 93 
15 92 47  9 16 
76 70 78 95  2 22 
33 70 94 28  2 
77 78 97 62 52 69 
69 68  5 76 78 96 
33 99 21 72 65 
33 98 21 59 28 
