57 42 32  4 98 99 37 
35 82 61 34 52 26 
 7 13 88 92 93 28 22 
36 21 23 14 20 53 19 
32 20  0 98 39 19 
48 69 50 75 95 67 
84 55 15 16 72 39 38 
 2 13 88  8 17 74 
88 24  7 59 17 25 
91 16 86 18 44 47 
68 65 23 79 66 50 67 
21 71 70 36 72 38 
30 40 74 13 91 22 47 
 2  7 74 22 12 
53  3 24 25 23 66 
85 84 91 73 56 16  6 
 9 91 15  6 86 72 
73 56 27 59  8  7 74 
 9 44 29 54 86 46 
39  4 20  3 36 38 
79 23 32  4  3 19 
11 71 36 58 97  3 96 53 
 2 13 92 77 30 12 
14 66 79 20 10  3 
 8 88 53 14 25 87 
 8 24 59 14 26 65 66 
25 59 65 52 34  1 
17 56 59 62 63 35 34 
88  2 93 33 97 58 87 
51 46 90 18 54 41 
77 76 22 60 40 12 
79 50 48 49 89 78 
79 20  4  0 42 78 
93 69 28 97 96 64 
27 59 35 26  1 
63 27 82 34  1 
11 21  3 19 38 
63 82 45 57 99  0 
72  6 39 36 11 19 
 6 55 98  4 19 38 
44 43 60 30 12 47 
29 54 90 49 81 80 
 0 57 51 32 89 78 
46 44 40 60 83 45 
43 40 46  9 18 47 
83 82 43 46 57 37 
43 44 51 57 18 29 45 
 9 91 12 40 44 
50 31 49 64 69  5 
90 89 41 81 31 64 48 
10 79 31 48  5 67 
57 42 46 89 90 29 
65 68 26 94 61  1 
58 21  3 14 24 87 
86 70 29 18 41 80 
84 85  6 39 62 99 98 
73 17 27 15 85 62 
 0 42 51 46 45 37 
97 21 53 28 87 
27 17  8 25 26 34 
40 43 83 61 76 30 
83 82 60 94 52 76  1 
55 99 85 27 56 63 
62 99 27 35 82 37 
49 81 71 96 33 69 48 
68 52 10 26 25 66 
25 65 14 10 23 
50  5 95 68 10 
65 52 10 94 95 67 
33 93 92 75 64 48  5 
11 71 86 54 72 80 
11 21 70 96 81 80 64 
70 11 86  6 16 38 
17 56 74 91 15 
73 17  7 13 91 12 
95 77 92 69  5 
61 60 94 30 77 
30 76 92 22 94 95 75 
32 79 31 89 42 
10 50 23 20 32 31 78 
41 54 81 70 71 
49 41 80 71 64 
63 35 61 83 45  1 37 
43 60 61 82 45 
85 55  6 15 
84 55 15 56 62 
 9 16 70 54 18 72 
28 58 88 24 53 
 7  2  8 24 28 87 
51 90 42 49 31 78 
89 51 49 29 41 
74 73  9 16 15 12 47 
93  2 69 22 77 75 
33 69 92  2 28 
68 52 95 61 76 77 
94 68  5 75 67 77 
21 71 97 64 33 
58 21 28 33 96 
 0 99  4 39 55 
55 62 63  0 98 37 
