 4 96 57 42 37 97 32 
61 52 26 34 81 35 
28 92 87 91  7 22 13 
23 14 20 19 36 21 53 
20 19 39 96  0 32 
99 98 50 48 67 93 69 
72 16 38 83 55 39 
 8 17 87  2 13 74 
17 59 25 24 87  7 
47 90 16 85 18 44 
66 65 23 50 67 78 68 
70 72 38 71 21 36 
40 30 47 90 22 13 74 
 7  2 22 12 74 
23 66 25 24  3 53 
73 56 84 83 16 90 
72  6 83 15 90  9 85 
 8 59 73 56 27  7 74 
29 54 85  9 46 44 
20  3 36 38  4 39 
23 78  3 19  4 32 
71 11 94 95 58 36  3 53 
76 30 91  2 12 13 
66 14 10 78 20  3 
25 14  8 53 86 87 
24 14 66 65  8 59 26 
52 65 25 59  1 34 
62 56 17 59 63 34 35 
95 33 92  2 87 86 58 
41 54 89 18 51 46 
60 75 76 40 12 22 
49 48 77 78 50 88 
 4 20 78 77 42  0 
69 64 92 94 95 28 
 1 26 27 59 35 
34  1 81 63 27 
21 11 38 19  3 
97 63 45 57 81  0 
72  6 11 36 19 39 
38 19  4  6 55 96 
30 12 47 60 44 43 
54 79 29 89 80 49 
57 51 88 77  0 32 
45 82 60 40 46 44 
40 47 18  9 46 43 
43 82 57 37 46 81 
43 45 57 51 29 44 18 
40 12 90  9 44 
69 64  5 49 31 50 
48 31 89 88 41 80 64 
67 10 78  5 48 31 
57 42 89 29 46 88 
93 61 68 65 26  1 
 3 14 24 86 21 58 
41 79 29 70 18 85 
83 84 96 97  6 62 39 
15 73 17 84 62 27 
45 37 51 42 46  0 
21 53 95 86 28 
17  8 25 27 26 34 
61 82 75 43 40 30 
93 52 75 60 82  1 81 
84 56 27 63 97 55 
27 62 97 37 81 35 
71 94 80 69 48 49 33 
66 10 25 68 52 26 
10 65 23 14 25 
50 10  5 93 68 
93 52 67 65 10 
99  5 64 33 92 91 48 
54 79 72 11 71 85 
70 79 11 80 21 94 64 
16  6 38 70 11 85 
15 56 17 90 74 
13  7 73 17 12 90 
93 76 61 60 30 
30 75 93 98 99 91 22 
31 78 88 42 32 
23 20 77 31 50 10 32 
41 54 70 80 71 
41 79 71 49 64 
61 82  1 63 37 45 35 
61 60 43 45 81 
16 15 84  6 55 
15 56 62 83 55 
72 16  9 70 54 18 
53 24 87 28 58 
24 86  8 28  2  7 
31 49 89 77 42 51 
41 49 29 51 88 
47  9 16 15 73 12 74 
76 99 69 92  2 22 
69 33 28  2 91 
76 98 75 61 52  5 67 68 
71 21 95 64 33 
94 21 33 28 58 
55 97  4 39  0 
63 37 62 96 55  0 
99  5 93 76 
69  5 98 76 91 
