89 90  4 55 40 30 35 
59 78 33 50 32 25 
 7 13 83 27 85 84 21 
20 34 51 22 14 19 
34 37 89  0 30 19 
67 91 46 86 65 48 
36 37 70 53 80 16 
17  8 83 72 13  2 
24 23 83 57 17  7 
82 18 42 45 15 16 
22 64 76 63 66 65 48 
69 20 34 36 70 68 
72 13 45 38 95 21 
72 12  7  2 21 
24 23 64 22  3 51 
71 54 81 80 45  9 16 
15 80  9 82 70  6 
71 54 26 57  8 72  7 
 9 82 42 44 52 28 
34  3  4 22 30 76 
34  3 69 11 88 56 51 
94 74 84 95  2 13 12 
14 64  3 10 76 19 
24  8 83 14 51 
 8 23 14 64 57 63 25 
63 24 57 32 50  1 
60 54 17 61 57 32 33 
83 56  2 88 31 85 
96 49 18 44 52 39 
48 76 93 47 75 46 
40  0  4 75 76 19 
62 87 67 88 27 85 
26 57 33 25  1 
26 32 61 78  1 
20  3 36 37 11  4 19 
55 43 61 90  0 78 
 6 37 70 34 11 
36  6 34 53 89  4 
12 45 42 58 95 41 
77 99 47 97 96 52 28 98 
49 92 55  0 75 30 
43 44 42 58 38 79 
 9 18 44 45 38 41 
79 41 78 44 55 35 
42 18 28 49 43 41 55 
12 38 42  9 15 71 72 
 5 67 62 48 47 29 
29 93 46 97 39 98 62 
10 76 65  5 46 29 
40 92 55 44 28 96 
86 59 66 63 25  1 
14 23 83 56  3 20 
82 18 77 39 28 68 
60 90  6 80 37 89 81 
26 60 71 17 15 81 
44 43 49 40  0 35 
51 83 20 27 88 
24  8 17 26 32 25 
73 59 95 38 41 79 94 
79 78 86 73 50 58  1 
26 54 53 90 61 81 
60 90 26 33 78 35 
46 47 98 67 31 87 99 
24 64 10 66 50 25 
24 14 22 10 63 
 5 86 66 10 48 
86 65 50 63 10 
 5 91 46 62 84 31 85 
82 70 11 52 77 69 
11 20 88 99 77 87 68 
 6 36 11 68 82 16 
17 54 15 72 45 
12 13 17 71 45  7 
74 94 86 58 59 
86 91 73 94 84 21 
40 92 93 29 76 30 
29 48 10 22 75 30 19 
99 39 69 52 68 
79 43 59 61 33 35  1 
41 43 78 58 59 
53  6 81 15 16 
53 80 60 54 15 
 9 18 52 68 70 16 
 8 23  7 51 56  2 27 
74 91 67 85  2 21 
27  2 84 31 67 
 5 65 91 74 73 59 50 66 
88 69 99 31 62 
69 20 56 27 31 87 
 0 90 53 37  4 
53 60 61  0 89 35 
 5 67 86 74 84 
40 49 96 97 93 75 
97 92 47 29 75 
74 73 58 95 21 
58 38 12 94 21 
92 49 97 39 28 
47 93 92 96 39 
47 39 99 62 
77 39 69 98 87 62 
