36 98  1 63 88 82 62 
88 25  2 63  0 
63  1 25 37 41 19 90 
96 25 97 16 88 76 
44 12 86 96  5 97 32 
86  4 32 22 21 23 
71 42 70 30  8 13 
73 92 81 93 32 22 
68 15  6 70 69 13 
11 68 50 57 69 20 
59 56 67 61 15 
46 56 67 68  9 20 72 
44  4 97 16 53 49 45 
30  6  8 34 84 85 15 
27 26 33 43 40 74 
61 85 67 10 68  8 13 
97 12  3 53 52 76 
39 23 50 58 57 22 
55 43 27 54 83 66 
41 40 74 75  2 90 
11  9 94 95 57 72 
41 37 87  5 23 38 86 
32  5 58 17 81  7 23 
39 17 21  5 38 22 
93 92 34 78 79 84 
96  3 87 88 37  2  1 
53 64 52 27 65 33 14 
18 43 26 52 66 14 
29 47 58 80 57 95 77 
47 36 62 28 91 94 95 
45 34 49 64  6 71 65 13 
55 43 56 75 46 
 4  5 44 93 22  7 
65 26 14 40 51 
45 44 93 24 30 84 13 
48 60 54 36 47 98 99 
47 35 98  0 62 29 
21 41 87 25  2 
51 41 21 42 23 39 
70 42 23 17 50 38 
33 14 51 41 19 74 
51 40 21 37 19 38  2 
39 70  6 71 51 38 
55 31 18 27 75 14 74 
 4 12 32 45 34 93 
34 44 49 12 30 
75 31 56 11 72 89 
36 35 48 77 28 29 
78 79 60 35 77 47 
53 64 12 45 30 
39 17 70 57  9 69 
71 42 33 40 65 41 38 
53 16 26 27 66 76 
16 52 49 64 12 26 
18 55 83 60 35 59 99 
31 43 18 54 59 56 
31 55 59 10 67 11 46 
50  9 58 17 28 95 20 
81 80 28 57 17 22 
54 55 60 56 10 61 
48 35 79 54 59 61 
85 15 79 10 59 60 
36  0 63 91 29 
 1  2  0 90 91 62 
49 53 26 65 30 
26 64 33 51 71 30 
27 52 18 83 76 
11 56 10 15 68 
67 15 11  9  8 69 
50  9 68 70  8 
39 42  6 50  8 69 
 6 42 51 65 30 
94 91 20 11 46 89 
81 80 78 92  7 77 
75 43 14 19 40 
31 43 46 74 19 90 89 
88  3 66 83 16 52 82 
28 80 47 73 78 48 
73 92 24 79 77 48 
61 85 78 24 60 84 48 
58 81 28 73 77 
58 80 73 22  7 
88  0 98 76 83 99 
54 18 66 76 82 99 
24 34 79 85 13 
61 15 79 84 13 
 4 96  5 87 21 
86 96 25 37 21 
25  3 76  1  0 82 
72 91 90 46 75 
19 75 63 91  2 89 
63 62 72 94 90 29 89 
78 73 93 24  7 
34 44 32 24 92  7 
20 95 72 91 29 
57 28 29 94 20 
25  3  4 86 97 87 
16 12  4 96  3 
36  0 35 82 99 
54 83 82 98 35 
