35 95 54 40 30  4 87 
33 32 25 49 58 77 
83 27 82  7 21 13 
20 50 34 19 22 14 
 0 30 19 87 37 34 
66 88 45 47 84 64 
79 52 37 16 69 36 
71 17  8 27  2 23 13 
56 17 24 23  7 
15 44 16 42 18 81 
75 22 47 65 62 64 63 
20 68 34 67 69 36 
71 44 38 90 21 13 
 7  2 71 21 12 
24 23 50  3 22 63 
70 53 80 44  9 16 79 
 9 15 79  6 69 81 
26 53 70 56 71  8  7 
51 28 41 42  9 81 
75 22  4 30 34  3 
55 50 86 68 11 34  3 
82  2 12 90 89 73 13 
19 75 10  3 14 63 
14 24 50  8 55 27  7 
14 23  8 56 25 62 63 
32 56 24 62 49  1 
17 53 59 60 56 32 33 
55 23 86 83  2  7 31 
48 41 91 39 51 18 
46 45 47 75 96 74 
74 40  0  4 19 75 
83 66 61 85 86 27 
56 26 33 25  1 
60 77 26 32  1 
 4 19 37 20 11  3 36 
43 77 60 95  0 54 
69 11  6 37 34 
87  4 52 34  6 36 
90 57 41 12 44 42 
91 28 51 76 93 92 
54 48  0 74 30 97 
48 28 38 57 78 43 42 18 
41 38 44  9 18 
77 78 35 41 48 54 
71 70 12 38 15  9 42 
66  5 47 29 46 61 
45 29 61 96 93 92 
45  5 29 75 10 64 
41 43 28 54 40 91 97 
65 62 84 58 25  1 
14 23  3 55 20 
39 28 76 18 67 81 
80 59 79 94 87 37  6 
17 26 59 70 80 15 
35 43 48 40  0 
50 23 27 86 20 
17 26 32  8 24 25 
90 38 89 72 41 78 58 
77 78 84 72 49  1 57 
26 53 60 80 52 94 
59 26 35 95 77 33 94 
45 46 66 31 85 99 98 93 
65 49 10 25 24 63 
10 62 24 14 22 
10 47 65  5 84 
49 62 10 84 64 
88  5 82 45 83 61 31 
68 76 11 69 51 81 
86 85 98 76 20 11 99 67 
 6 16 67 11 36 81 
17 53 71 44 15 
70 17 44 12  7 13 
58 84 73 89 57 
89 72 84 88 82 21 
75 29 96 30 40 97 
22 19 10 47 29 74 30 
39 51 68 98 93 67 
43 78 35 60 58 33  1 
43 77 58 41 57 
15 16 80 52  6 
59 53 15 52 79 
67 51 69 16  9 18 
88 73 66 83  2 21 
82 66 27  2 31 
65 49 58 72 73 88  5 64 
31 61 86 68 99 
55 27 31 85 20 68 
 0  4 37 95 52 94 
84 73  5 82 66 
72 73 90 57 21 
38 57 89 12 21 
48 28 97 39 92 
91 97 96 39 93 46 
61 46 98 76 39 92 
52 59 60 95 87 
60 35  0 94 87 
46 92 29 74 97 
48 40 91 74 96 92 
68 76 99 61 93 
61 85 98 68 
