35 94 86 54 40  4 30 
33 32 25 49 58 77 
13 21 82 27  7 81 
22 19 14 34 20 50 
 0 86 37 34 19 30 
66 87 83 64 47 45 
52 37 79 36 69 16 
13  2 27 71 23  8 17 
17 56 24 23  7 
15 44 16 42 18 80 
75 22 47 65 62 64 63 
20 34 67 69 36 68 
71 44 38 89 21 13 
 2 21 12 71  7 
50 23 24  3 22 63 
70 44 79 16 53  9 99 98 
15 79  9 69 80  6 
70 53 71 26 56  8  7 
41 28 51 42  9 80 
75 22  3 34  4 30 
34  3 50 55 85 11 68 
12 89 88  2 13 73 81 
19 75 10  3 14 63 
27 55 50 14 24  8  7 
14 23  8 56 63 62 25 
32 56 24 62 49  1 
59 53 60 17 56 32 33 
55 23  2 82 85 31  7 
48 41 18 51 39 90 
46 45 47 75 95 74 
 0 40  4 74 19 75 
82 27 85 84 66 61 
56 26 33 25  1 
60 77 26 32  1 
 3 19 20  4 37 11 36 
43 77 60 94  0 54 
11 69 34 37  6 
86  4 34 52 36  6 
89 57 12 44 41 42 
92 76 51 28 90 91 
54 48  0 96 74 30 
78 43 57 38 48 28 18 42 
 9 18 41 38 44 
77 78 35 41 48 54 
71 70 12 38 15  9 42 
46 61 66  5 47 29 
92 61 45 29 95 91 
75 29 10 64  5 45 
41 43 28 54 40 90 96 
65 62 83 58 25  1 
55 23 14 20  3 
39 28 18 76 67 80 
93 59 86 37 99 79  6 98 
26 59 70 17 15 98 
35 43 48 40  0 
27 23 50 85 20 
17 26 32  8 24 25 
78 58 89 38 72 41 88 
77 78 83 72 49  1 57 
26 53 60 93 52 98 
59 26 35 94 77 33 93 
31 84 97 92 46 45 66 
65 49 10 63 24 25 
10 62 24 14 22 
10 47 65  5 83 
49 62 10 83 64 
 5 45 61 87 31 82 81 
51 76 11 69 80 68 
85 20 11 84 97 67 76 
11 67 80 16 36  6 
71 44 17 53 15 
70 44 12 17 13  7 
58 83 73 88 57 
88 72 83 87 21 81 
75 29 95 96 40 30 
22 19 10 47 29 74 30 
92 97 39 51 67 68 
43 78 35 60 58 33  1 
43 77 58 41 57 
15 16 99 52  6 
69 16  9 67 51 18 
73 87 66 82 21  2 
 2 27 31 66 81 
65 49 58 72 73 87  5 64 
85 31 61 97 68 
55 27 20 31 84 68 
 0 94 93  4 37 52 
 5 66 83 73 81 
89 21 57 72 73 
38 57 12 21 88 
48 28 96 39 91 
95 96 90 92 46 39 
76 97 39 61 46 91 
86 94 60 59 52 
60 35  0 86 93 
46 91 29 74 96 
48 40 90 74 95 91 
92 76 84 61 68 
15 53 99 59 52 
15 79 52 98 
