97 84  4 29 38 52 
24 31 75 56 32 47 
21 13 79  7 26 80 
33 19 22 20 48 14 
33 19 35 29  0 84 
43 45 62 81 85 64 
50 35 77 16 67 34 
26  8 17 13  2 69 
54 23 26  7 53 17 14 
18 78 40 16 42 15 
73 22 45 61 60 62 63 
65 67 33 20 34 66 
21 13 87 36 42 69 
21  2  7 12 69 
48 53  8 23  3 22 61 
42  9 16 77 95 51 68 
 9 78 67  6 77 15 
54 25  8  7 51 69 68 
27 39 40 49 78  9 
73 22 29  3 33  4 
33 11  3 48 83 66 
87 86  2 13 79 12 71 
19 73  3 10 14 61 
24 54 60  8 14 61 
54 31 23  1 60 47 
54 31 17 32 51 57 
53 83  8  7  2 80 30 
18 39 49 37 88 46 
73 45 43 44 92 72 
73 19  4  0 38 72 
82 83 26 80 59 64 
25 54 24 32  1 
25 31 75 58  1 57 
20 11  3 19 34 35  4 
33 11 35  6 67 
50 84  6 33 34  4 
42 40 55 87 39 12 
49 27 88 74 90 89 
 0 29 46 93 52 72 
18 27 40 76 55 36 41 46 
18 39  9 42 36 
99 98 76 39 46 52 
 9 40 36 12 69 15 68 
28 45 44 59  5 64 
28 43 59 90 92 89 
73 28 43 10 62  5 
38 93 88 27 39 41 52 
 1 56 81 24 60 63 
20  3 53 83 14 
18 27 78 37 65 74 
35 84  6 96 77 91 
17 25 57 95 15 68 
46 38 99 97 41  0 
26 83  8 48 14 
25 31 24 23 17  8 
87 86 56 76 39 70 36 
70 55 75  1 81 76 47 
32 25 96 95 58 51 91 
32 75 57 98 97 91 99 
94 90 82 30 44 43 64 
24 23 61 10 47 63 
10 22 60 14 23 
10 45 63 81  5 
10 60 62 47 81 
59 43 85 79 80 30  5 
67 11 49 78 74 66 
20 11 82 94 83 65 74 
65 11 78 16  6 34 
69 42 15 51 17 
13  7 17 12 42 68 
86 71 55 56 81 
85 79 21 86 70 81 
92 28 73 29 38 93 
19 22 29 28 45 10 72 
94 90 37 49 65 66 
32 58  1 56 98 76 
98 75 55 56 41 39 
96 95 50  6 16 15 
49 18  9 65 67 16 
 2 21 71 85 80 64 
 2 79 26 64 30 
70 71 56 47 85 63 62  5 
59 30 94 83 66 
53 26 66 20 48 82 30 
35 50 97  0  4 91 
71 79 81 64  5 
21 87 55 70 71 
21 86 55 36 12 
37 27 89 93 46 
88 37 90 92 93 44 
94 59 44 74 37 89 
50 96 97 58 84 57 
44 89 28 93 72 
88 89 38 46 92 72 
59 90 82 74 66 
96 77 57 51 15 
77 95 50 57 91 
 0 84 91 58 99 52 
75 58 99 41 76 
97 58 98 41 52 
