93 80 37 29 50  4 
31 32 72 24 45 54 
26  7 77 13 76 21 
19 33 20 46 22 14 
19 29 33 35 80  0 
42 60 96 81 62 
74 48 34 65 16 35 
17 67  8 26  2 13 
 7 17 14 51 26 52 23 
75 18 39 41 15 16 
61 60 59 58 28 70 22 
34 65 63 64 20 33 
13 67 41 99 83 21 
12 67  7  2 21 
 8 51 46  3 23 59 22 
49 91 66 74 41  9 16 
75  9 15 74 65  6 
66 67  7  8 52 49 25 
27 47 38 75  9 39 
70 22 29  4 33  3 
79 64 46 33  3 11 
13 12 83  2 76 68 82 
14  3 59 19 70 10 
 8 14 52 59 58 24 
45 58 23 52 31  1 
55 49 31 52 32 17 
 8 51  7  2 77 30 79 
18 47 36 38 44 84 
70 69 10 60 42 43 88 
37 69 70 19  4  0 
62 57 26 77 78 79 
24 52 25 32  1 
55 25 31 56 72  1 
 4 19  3 20 34 35 11 
35 33 11 65  6 
80 48  4 34 33  6 
85 86 27 47 71 84 
69 29 89  0 50 44 
27 18 44 40 39 73 53 98 
 9 18 38 41 98 99 
44 38 73 95 50 94 
39  9 15 66 67 12 99 
 5 60 28 43 57 62 
57 86 42 28 88 85 
27 38 84 89 37 50 40 
61 58 96 24  1 97 54 
20  3 14 51 79 
27 18 36 71 75 63 
80 35 74 92  6 87 
66 17 15 91 55 25 
93 95 37  0 44 40 
14  8 26 46 79 
 8 17 23 24 31 25 
82 83 98 38 73 54 
72 73 53 82  1 97 45 
49 91 92 25 32 56 87 
95 93 55 32 94 72 87 
62 30 42 43 86 90 78 
23 59 61 45 10 24 
23 14 58 22 10 
42  5 28 61 10 96 
45 58 10 60 96 
57 30 77 42  5 81 76 
71 64 47 75 65 11 
79 20 78 90 71 63 11 
63 75 34 11 16  6 
17 67 49 15 41 
17 66  7 12 13 41 
76 81 96 97 21 82 
37 29 70 89 28 88 
22 10 19 69 29 28 
36 47 90 64 86 63 
73 94 56 32  1 54 
72 94 40 38 53 54 
15 91 92 48 16  6 
18 47  9 63 65 16 
68 81 77  2 62 21 
26 30  2 62 76 
57 30 90 79 64 
64 20 78 46 51 30 26 
35 48  4 93  0 87 
 5 62 76 68 96 
97 54 68 53 83 21 
98 53 99 12 21 82 
85 89 36 44 27 
36 86 88 89 43 84 
57 43 90 85 36 71 
56 93 92 48 55 80 
28 69 43 85 89 
84 85 37 69 44 88 
57 86 78 64 71 
15 49 55 92 74 
55 91 74 48 87 
95 50  0 80 56 87 
72 73 95 56 40 
93 50 56 94 40 
61 45  5 60 81 68 97 
96 45 68 82 54 
39 38 53 83 99 
41 39 98 12 83 
