 4 78 91 49 28 36 
70 31 53 23 44 30 
25  7 75 74 20 13 
45 14 19 32 18 21 
78  0 34 32 18 28 
79 94 59 41 98 
47 72 34 33 63 
 2 25  8 65 13 16 
25  7 51 22 50 14 16 
40 15 72 73 17 38 
57 60 58 21 68 27 59 
61 62 19 63 33 32 
13 65 20 40 97 81 
12 65  7  2 20 
45  3 21 58 50 22  8 
72 89 48  9 40 64 
 8  7 51 65 64 24 48 
37 26 46 73  9 38 
32  4  3 21 68 28 
45 77  3 32 62 11 
74  2 66 13 12 80 81 
10 68 58 14  3 18 
58 57 51  8 14 23 
57 22 51 44  1 30 
54 48 16 51 31 30 
29 77 75  2  7  8 50 
43 37 17 46 35 82 
59 41 68 10 42 86 67 
 4  0 18 68 36 67 
25 77 75 99 56 76 
51 24 23 31  1 
54 24 55 70  1 30 
19  3 34  4 18 33 11 
34 32  6 63 11 
78  4 32 47  6 33 
46 26 84 83 82 69 
49  0 28 43 87 67 
43 26 17 71 52 96 38 39 
40 97  9 17 96 37 
49 43 93 37 71 92 
12 97 65  9 15 64 38 
27 42 56 59  5 98 
27 41 56 86 83 84 
37 26 36 49 39 87 82 
23  1 57 60 94 95 53 
50 77 14  3 19 
17 26 35 73 69 61 
34 78 85 90 72  6 
15 89 54 24 64 16 
91  0 93 36 43 39 
 8 25 77 45 14 
 8 22 16 24 23 30 
37 71 53 80 96 81 
95 80 52 71 70  1 44 
48 89 24 55 85 90 31 
54 85 91 93 92 31 70 
41 98 84 88 99 29 76 42 
58 22 10 60 23 44 
57 22 10 21 14 
41  5 27 94 60 10 
57 10 44 94 59 
69 62 46 73 63 11 
76 88 19 77 69 61 11 
33  6 61 73 72 11 
48 15 40 65 16 
12 13  7 40 64 16 
74 20 79 94 95 80 
36 28 68 87 86 27 
21 10 18 28 27 67 
62 88 46 35 84 61 
31  1 53 55 92 71 
52 37 53 39 92 70 
15 89 90  9 73 47  6 63 
46 17  9 72 61 63 
79 98  2 20 75 66 99 
29 25  2 74 99 
29 77 56 88 62 
25 29 76 62 50 45 19 
 4  0 91 85 34 47 
74 98 66 94  5 
66 95 20 53 52 81 
80 20 12 97 52 96 
83 35 87 43 26 
86 87 42 84 35 82 
56 42 88 83 35 69 
91 78 54 55 90 47 
87 83 42 27 67 
36 43 83 86 67 82 
76 56 84 62 69 
72 15 48 54 90 
72 89 54 85 47 
78  0 85 55 49 93 
93 55 71 39 70 
49 91 55 92 39 
95 66 79  5 44 60 59 
66 80 94 53 44 
52 37 38 97 81 
12 40 38 96 81 
74 79 41 56 99  5 
29 75 74 98 56 
