26 34  4 47 75 88 
42 21 28 29 67 51 
23  7 11 18 71 72 
43 12 17 30 19 16 
 0 26 30 32 75 16 
56 57 39 90 76 94 
31 60 69 45 32 
 2 23  8 11 14 62 
23  7 14 48 49 20 12 
31 60 30 17 58 59 
62 38 11 18 78 93 
 2 18  7 62 10 
19  3 43 48  8 20 55 
46 86 69 99 38 61 
 8  7 62 49 61 46 22 
70 44 98 24 35 36 
65 26 19  4  3 30 
 3 43 74 30  9 59 
 2 11 71 63 10 78 77 
16  3 12 55 65 
21 49  8 54 12 55 
49 20 54 42  1 28 
49 14 28 46 52 29 
 2  7  8 48 74 27 72 
35 15 44 33 79 41 
64 83 65 56 39 40 
 0 34  4 64 65 16 
23 74 73 53 72 95 
49 21  1 29 22 
28  1 82 52 67 22 97 
 4 32 31  3 17  9 16 
 6 60 32  9 30 
 6 45 31  4 30 75 
80 79 81 66 44 24 
26  0 64 41 84 47 
24 15 36 41 92 37 68 50 
35 15 98 38 92 93 
47 89 41 96 68 35 
98 36 13 99 61 62 10 93 
40 25 56 53 94  5 
80 81 83 53 25 39 
84 34 79 47 24 35 37 
54 57 21  1 90 91 51 
17 74 48  3 12 
70 15 66 33 24 58 
 6 69 32 87 82 75 
13 86 52 61 14 22 
 0 34 41 88 89 37 
23 74  8 43 12 
21 20  8 14 28 22 
51 77 78 68 35 92 
91 42  1 67 77 50 68 
46 86 87 82 29 22 
40 81 39 85 73 27 95 94 
21 20 42 57 55 
54 20 57 56 12 19 65 
39 25 55 57 65  5 
42 54 90 55 56  5 
 9 60 66 44 70 59 
66 85 73 58  9 17 74 
69 70  6 31  9 58 
13 38 62 46 14 
11  7 14 61 38 10 
71 18 91 90 76 77 
26 34 83 25 65 84 
55 19 64 26 25 16 56 
33 44 81 85 58 59 
 1 29 51 68 96 97 
51 67 50 35 96 37 
13 86 60 70 99  6 45 87 
44 15 98 69 60 99 58 
 2 18 63 76 72 95 94 
23  2 27 71 95 
53 85 74 27 59 
48 23 17 43 59 73 27 
82 45 32  4  0 88 
71 63 90  5 94 
91 63 51 18 78 50 
10 18 77 92 50 93 
33 80 24 41 84 
33 79 81 84 83 40 
85 53 80 33 66 40 
52 29 87 45 75 88 89 97 
64 25 84 80 40 
41 34 79 64 83 80 
53 73 81 66 59 
13 46 69 52 87 
52 86 69 45 82 
47 89  0 75 82 
47 88 82 37 96 97 
42 57 91 63 76  5 
90 42 51 77 63 
36 35 50 78 93 
36 38 92 10 78 
39 53 95  5 76 71 
27 53 72 71 94 
68 67 37 89 97 
67 29 96 82 89 
70 15 36 38 99 
69 13 38 98 70 
