 4 25 33 73 86 45 
27 28 65 20 49 40 
 7 60 11 22 70 69 
16 29 18 12 41 17 
16 25 29 31  0 73 
38 54 55 88 74 92 
67 43 58 31 30 
14 60  8 22  2 
47 14 19 12 46 22  7 
17 29 57 56 58 30 
91 76 11 60 37 
10 60 76 61 69  2 
18 53 19  3  8 46 41 
37 59 44 84 67 97 
59 60 44 21  8 47  7 
23 42 68 34 35 96 
63 25 18  4 29  3 
 3 29 41 72 57  9 
63 53 12  3 16 
52 53 20 47  8 12 
 1 27 19 52 47 40 
14 44 50 27 28 47 
46 72  8 26 70  7  2 
32 77 42 99 34 15 
38 54 39 81 63 62 
62 63 16  4 33  0 
70 93 22 72 51 71 
21 28  1 20 47 
21 27 50 65 95  1 80 
 4 16 31  3 17  9 30 
 6 58  9 31 29 
 4 29 73 43  6 30 
77 78 79 23 42 64 
98 82 62 25  0 45 
48 90 66 36 35 99 23 15 
90 34 91 37 15 96 
66 34 94 87 99 98 45 
91 10 60 59 13 35 97 96 
24 54  5 51 92 39 
79 78 38 24 51 81 
 1 49 89 52 20 55 88 
17 72 46  3 12 
32 23 64 56 68 15 
67 85 80 73 31  6 
50 84 59 14 21 13 
 0 33 86 87 98 36 
12  8 41 72 22 
 8 14 21 27 19 20 
75 49 66 76 90 34 
66 65  1 75 48 89 40 
44 84 21 28 85 80 
26 93 92 83 79 39 38 71 
19 53 20 55 40 
63 54 18 52 19 12 55 
53 63 24 38 55  5 
53 54 52 40 88  5 
64 42 68 58  9 57 
83 71 72 17 64  9 56 
68 67  6 56  9 30 
14 60 44 37 13 
14 59 10 11 37  7  2 
89 88 75 76 11 74 69 
63 25 24 81 82 33 
24 54 53 18 62 25 16 
57 83 32 42 79 56 
66 94 49 95 28  1 
36 34 94 65 49 48 
85 84 43 13 58 68  6 97 
58 67 56 42 15 97 96 
11 61 74 70 93 92  2 
26 93 22 69  2 
26 51 83 57 72 
17 57 41 46 22 26 71 
31  4  0 86 43 80 
88 61  5 69 92 
76 61 48 49 89 
75 61 91 10 48 11 90 
32 78 23 99 98 82 
79 39 81 77 32 82 
83 51 39 78 32 64 
87 95 85 50 43 28 86 73 
78 39 24 82 62 
78 77 81 62 98 33 
51 71 79 57 64 
44 50 85 67 13 
50 84 67 43 80 
80 87 73  0 45 
36 94 95 80 86 45 
89 61 74 40 55  5 
75 49 61 88 40 
48 34 91 76 35 
76 10 37 90 35 
69 93 74  5 38 51 
26 70 69 92 51 
66 36 65 95 87 
65 94 28 87 80 
15 68 97 35 37 
13 37 67 68 96 
99 36 77 82 33 45 
36 34 23 77 98 
