 1 62 87 96 81 35 61 
62  2  0 87 24 
40 19 89 62  1 24 36 
75 16 87 24 94 95 
12 43 31  5 95 94 85 
21 22 31  4 99 85 
29 13 70  8 69 41 
21 80 72 91 31 
67 68 15 13 69  6 
11 67 20 68 49 56 
55 66 58 15 60 
55 66 67 71 20  9 45 
52 16  4 43 44 48 95 
 8 15 84 83 33 29  6 
25 26 32 42 39 73 
 8 13 67 10 66 60 84 
51 52  3 75 12 95 
38 22 21 57 49 56 
42 26 54 65 82 53 
40  2 39 89 74 73 
71 11  9 92 93 56 
57 80  7 17 22  5 31 
37 99 38  5 17 21 
78 83 33 91 77 
87  1  3  2 36 94 86 
51 26 52 63 64 32 14 
18 42 25 51 65 14 
56 93 57 28 79 76 46 
90 92 35 46 27 93 61 
33 13 44 48 63  6 70 64 
42 54 55 74 45 
21  5  7  4 43 91 
64 25 14 39 50 
91 43 44 23 83 13 29 
97 96 47 59 46 53 35 
96  0 34 46 28 61 
40  2 24 86 98 
22 99 38 41 50 40 98 
37 41 22 69 17 49 
19 40 32 14 50 73 
19  2 39 50 37 36 98 
 6 70 69 37 38 50 
18 26 54 30 74 14 73 
 4 12 44 33 91 31 
12 43 33 29 48 
55 30 11 74 88 71 
27 76 47 34 35 28 
59 34 78 46 76 77 
12 52 44 63 29 
17 38 69 68  9 56 
32 39 40 37 41 70 64 
25 26 52 16 65 75 
25 63 51 16 12 48 
18 82 97 54 58 59 34 
42 30 18 53 58 55 
58 10 54 30 66 11 45 
49  9 20 17 57 93 27 
21 80 27 56 17 79 
60 10 59 54 53 55 
60 58 47 34 53 78 
59 58 10 15 78 84 
28 90 62  0 35 
 1  2  0 89 90 61 
52 25 48 29 64 
29 63 70 25 32 50 
18 26 51 82 75 
55 10 15 67 11 
 8 68 15 66 11  9 
67  8 69  9 49 
 8 68  6 41 38 49 
 6 29 41 64 50 
45 88 20 92 11 90 
 7 91 80 79 76 77 
74 42 14 19 39 
42 30 45 88 89 19 73 
65 82  3 16 51 87 81 
27 79 72 46 47 77 
23 91 72 78 47 76 
47 59 60 23 83 84 77 
57 80 27 76 72 
57 21  7 72 79 
96  0 87 75 82 97 
18 65 75 53 97 81 
78 23 13 84 33 
60 15 13 83 78 
94  4 86  5 99 
24 36 94 98 99 85 
 1  0 75  3 24 81 
74 45 71 90 89 
62  2 19 90 88 74 
62 61 28 92 71 88 89 
33 43 23 72  7 31 77 
20 93 28 71 90 
92 20 27 28 56 
24  3 95  4 86 85 
 3 16 94 12  4 
97 34 81  0 35 
96 34 53 82 81 
36 40 37 99 86 
22 37 86 85  5 98 
