25  4 33 69 44 82 
62 96 39 28 27 20 
11 66 58 89  7 22 26 
16 18 12 40 29 17 
25 16 29 31 69  0 
84 53 52 88 70 37 
64 42 31 30 56 
 2 58 14  8 22 
46 19 14  7 12 45 22 
55 17 29 30 56 54 
11 58 72 57 13 87 
58 10 99 66  2 72 
40 45  8 19  3 18 51 
43 80 57 10 93 92 87 
 8 46 57 58 43  7 21 
65 41 34 35 92 23 
25  4 29  3 18 60 
55  9 29  3 40 68 
 3 16 12 60 51 
20 46  8 12 50 51 
46 19 27 39  1 50 
28 48 27 43 14 46 
45 68  7  2  8 26 
73 95 15 34 32 41 
77 38 52 60 37 59 
16  4 60 59 33  0 
67 49 89 68 22  2 
46 20  1 28 21 
62 91 76 48  1 27 21 
16  4 31 30  9 17  3 
 6 31 29  9 56 
 6 30 42 29  4 69 
75 74 61 41 73 23 
94 78 44 59 25  0 
86 35 47 15 63 36 95 23 
34 86 15 92 87 
63 90 94 95 44 34 83 
38 24 52  5 88 49 
74 77 37 49 24 75 
 1 96 20 53 84 50 85 
45 68 12  3 17 
15 65 61 32 54 23 
 6 64 31 81 76 69 
80 13 48 57 14 21 
36 94 83 33  0 82 
40 68 12  8 22 
20 19  8 14 27 21 
86 34 63 72 97 71 
76 81 80 43 28 21 
38 37 75 67 26 89 79 88 
20 19 39 53 51 
60 18 52 50 19 53 12 
53  5 60 24 37 51 
84  5 39 50 52 51 
61 41 65 56  9 55 
 9 17 67 79 68 61 54 
 6 64 65 30  9 54 
13 10 43 58 14 
11 10  2 57 14  7 
77 24 60 25 33 78 
16 18 25 52 24 51 59 
32 41 55 79 75 54 
63 90 91 97 96 28  1 
47 34 36 90 62 97 
 6 42 81 80 56 65 93 
15 41 92 56 64 93 54 
99 98 11  2 89 70 88 
49 26 79 55 68 
40 45 22 67 55 17 26 
31  4 42 76  0 82 
98 66 84  5 88 
72 47 97 96 99 85 98 
86 47 11 10 99 87 71 
78 74 32 94 95 23 
38 77 78 32 75 73 
32 74 38 49 79 61 
81 42 48 91 83 69 28 82 
38 24 59 78 74 
94 73 33 77 59 74 
67 49 55 75 61 
81 64 43 13 48 93 
64 42 76 48 80 
 0 44 69 83 76 
91 76 90 36 44 82 
53  5 39 85 70 98 
96 71 39 84 98 
34 35 47 72 87 
72 10 86 13 92 35 
49 37 89  5 70 66 
 2 66 26 49 88 
63 36 83 91 62 
83 76 90 62 28 
15 35 65 93 13 87 
65 64 92 80 13 
73 78 95 36 44 33 
73 94 36 34 23 
97 62 71  1 39 85 
47 63 62 96 71 
99 66 84 85 71 70 
98 66 11 72 71 
