67 80 98 42 31 23 
37 94 48 25 26 60 
10 56  6 20 64 87 24 
16 38 11 17 15 27 
82 51 35 86 50 68 
40 29 62 54 28 
13  7 56 20  2 
18 44 13 11  6 20 43 
53 52 54 28 16 27 
12 85 55 56 70 10 
56  9 70 97 64  2 
18  7 49 17  3 38 43 
78 91 85  9 55 90 41 
56 55 44  7 19 41  6 
39 63 90 33 32 21 
 3 17 27 58 23 99 
 3 38 27 66 53  8 
58 49 15 11  3 
49 48 44  7 11 
26 46 25 41 44 13 
 6  7 43 66  2 24 
14 39 30 71 93 32 
50 35 36 75 57 58 
31 57 58 15 99 98  0 
65 66 20 47 87  2 
 1 48 26 19 44 
25  1 60 89 74 46 19 
16  3 15 99 29 28  8 
27 29  5 54  8 
67 98 40 99 27  5 28 
59 39 72 71 73 21 
57 23 76  0 42 92 
34 61 84 33 45 14 93 21 
85 90 84 32 14 
32 93 61 88 81 42 92 
86  4 22 36 50 47 
35 22 47 73 75 72 
 1 94 48 51 82 83 
16 66  3 11 43 
63 52 59 14 30 21 
79 62 74 67 29  5 
12 78 55 46 19 13 
81 34 80  0 31 92 
20  7 11 38 66 
19 25 18  7 48 13 
32 61 84 70 69 95 
79 78 74 26 19 41 
36 73 35 77 65 24 87 86 
37  1 25 51 49 18 44 
51 48 18 50 58 17 11 
51 49  4 35 22 58 
37 48 49 82  4 50 
63 54 39 53 59  8 
66 16 65 59 52  8 77 
63 52 62  5 28  8 
12  9 41 56 13 
55  9 10 13  6  2 
31 23 76 75 22 58 
15 17 49 50 22 57 23 
53 52 39 77 73 30 
89 26  1 94 88 61 95 
32 45 60 88 34 95 
78 91 79 40 63 54  5 
54 52 62 91 90 39 14 
97 96 10 68  2 87 86 
53 66 24 47 77 
65 53 16 38 43 20 24 
98 29 40 74 80  0 
96 64 82  4 86 
96 97 70 45 83 95 
85  9 84 97 69 45 10 
76 92 72 30 93 21 
36 73 75 71 76 30 
47 36 72 59 77 30 
79 46 40 26 89 81 80 67 
72 36 57 76 22 
57 75 31 72 71 92 
53 65 59 73 47 
62 91 79 46 12 41 
78 46 62 40 74 
74 81 67 42  0 
34 88 89 74 80 42 
51  4 37 83 96 68 
95 94 69 37 82 96 
85 33 32 45 70 
12  9 90 33 84 70 
47 35 87  4 68 64 
 2 64 47 24 86 
89 60 61 34 81 
60 26 88 74 81 
12 91 85 33 63 14 
78 62 12 63 90 
76 31 42 71 93 34 
34 32 21 71 92 
 1 37 60 95 83 
69 45 61 60 94 83 
97 64 69 68 83 82 
96 64 69 70 10 
67 29 99 23  0 
27 15 23 98 29 
