31 23 42 78 96 65 
26 59 92 25 48 37 
24 85 20  6 55 10 99 
15 17 11 38 16 27 
35 50 51 84 66 80 
61 54 40 28 29 
 2 55 20  7 13 
43 20 44 18  6 11 13 
52 54 28 27 16 53 
41 12 55 83 10 68 
 2 55  9 99 95 68 
 3 17 49 18  7 43 38 
41 76  9 88 83 89 
 7 44  6 19 41 55 
39 21 32 33 88 62 
57 23 17  3 27 97 
 3 38 64 27  8 53 
11  3 49 57 15 
49 48 44  7 11 
26 46 41 25 44 13 
43 64  2 24  7  6 
39 30 91 32 14 69 
57 56 50 35 36 73 
57 56  0 31 15 96 97 
 2 85 20 47 63 64 
19 26  1 44 48 
87 59 19 46  1 72 25 
 3 15 16 28 29  8 97 
54  8 27 29  5 
27 28 40 65 96  5 97 
39 21 71 70 69 58 
 0 23 56 74 90 42 
45 82 60 91 21 14 34 33 
32 82 14 88 83 
32 91 60 86 79 90 42 
50 22 36 47 84  4 
35 22 70 71 73 47 
92  1 48 51 81 80 
43 64 16  3 11 
30 21 14 62 52 58 
72 77 61 65 29  5 
76 12 46 19  9 55 13 
31  0 90 78 79 34 
20 64  7 11 38 
48 18 25 19  7 13 
32 82 60 68 67 93 
77 76 19 26 41 72 
84 85 63 75 35 36 71 24 
49 18 51 44 25  1 37 
50 51 48 18 11 17 57 
35 22 49 51 57  4 
49 50 48  4 37 80 
54  8 62 39 58 53 
58 75 63 52  8 16 64 
52  8 62 28 61  5 
41  9  2  6 13 10 
57 23 22 31 74 73 
23 56 49 50 17 22 15 
71 30 75 39 52 53 
87 26 60 86  1 92 93 
32 45 34 86 59 93 
62 54 89 40 77 76  5 
14 39 88 52 54 89 61 
64 24 47 75 53 
43 20 63 53 24 16 38 
72 78 40 29  0 96 
 4 84 98 94 80 
68 95 45 93 94 81 
10 95 83 82  9 67 45 
91 90 70 30 21 74 
71 36 30 69 73 74 
70 36 30 47 75 58 
77 46 87 79 78 26 40 65 
70 74 56 22 36 
69 70 31 56 90 73 
47 71 58 63 53 
77 46 41 12 89 61 
76 46 72 40 61 
72 79 42  0 65 
87 86 34 72 78 42 
37 81  4 66 51 94 
94 67 93 92 37 80 
32 45 33 83 68 
88 12  9 33 82 68 
47 85 35  4 66 98 
84 47 24  2 99 98 
60 59 87 79 34 
26 59 86 79 72 
83 12 14 33 62 89 
62 88 76 12 61 
69 91 74 31 34 42 
34 32 21 69 90 
 1 59 81 93 37 
67 45 60 81 92 59 
67 95 98 66 80 81 
99 10 68 67 98 94 
 0 23 65 29 97 
27 15 23 96 29 
84 85 99 66 95 94 
 2 85 10 95 98 
