40 29 94 63 21 76 
24 23 57 46 35 90 
97 83 22  6 10 53 
25 16 15 17 36 11 
64 78 33 48 82 49 
26 27 52 38 59 
41  7 13 22  2 53 
41  6 13 18 42 11 
51 16 25 26 52 50 
53 39 10 12 81 66 
97 93  2 53  9 66 
36  3 17 18  7 47 41 
 9 81 74 39 86 87 
 7  6 19 39 42 53 
86 31 98 37 99 30 60 
 3 25 17 95 21 55 
62 51 25  3  8 36 
15  3 55 47 11 
47 46 42  7 11 
24 44 23 39 13 42 
34 33 71 54 55 48 
95 15 94 29 54  0 55 
41  6  2 62 61 83 
 1 24 19 46 42 
70 44 85  1 23 57 19 
 3 16 15  8 26 27 95 
25 27  8 52  5 
25 26 38 63 95 94  5 
56 69 37 98 67 68 
88 72 54 40  0 21 
58 43 80 31 89 99 32 14 
80 81 30 86 14 
58 30 84 77 40 88 89 
45 82 34 20 48  4 
45 69 33 20 71 68 
 1 46 49 78 79 90 
41 62 16  3 11 
56 28 98 50 14 60 
75 70 63 27 59  5 
74 44 19 13 53  9 12 
32 77 88 29  0 76 
36 62  7  6 22 11 
18  7 13 46 23 19 
91 65 58 30 80 66 
74 39 75 70 24 19 
83 82 61 33 34 69 73 
 1 35 23 47 18 42 49 
55 17 48 46 18 11 49 
47 55 49 20 33  4 
78 35 47 48 46  4 
52  8 56 51 37 60 
62 16 61  8 73 56 50 
26  8 50  5 59 60 
13 39  9 10  6  2 
71 72 29 21 55 20 
47 17 15 21 54 20 48 
28 69 37 73 51 50 
84 85 24  1 58 91 90 
84 57 91 32 30 43 
75 38 74  5 52 60 87 
52 59 50 37 14 86 87 
83 45 51 62 22 73 
36 41 16 51 61 22 
38 27 70 94  0 76 
92 78 82 96  4 
92 79 93 91 43 66 
 9 81 10 93 80 65 43 
98 28 89 88 99 68 72 
67 28 69 34 71 72 
28 56 73 45 34 68 
85 77 75 38 44 24 63 76 
54 72 68 34 20 
88 67 71 54 29 68 
61 51 56 69 45 
39 44 75 12 59 87 
74 44 70 38 59 
63  0 40 77 70 
85 84 70 32 40 76 
49 35 79 92 64  4 
78 92 65 91 35 90 
31 81 30 43 66 
 9 12 31 80 66 86 
83 45 33 96 64  4 
82 45 61  2 97 22 96 
85 77 57 58 32 
84 77 57 70 24 
31 81 12 14 60 87 
60 59 86 74 12 
67 72 40 32 29 89 
32 88 67 99 30 
 1 35 79 57 91 
58 57 79 65 43 90 
78 64 79 65 93 96 
65 92 96 97 10 66 
63 27  0 95 21 
25 27 15 94 21 
82 83 97 64 92 93 
 2 83 96 93 10 
28 37 67 99 14 
98 67 89 30 14 
