38 27 92 61 74 
 5 51 20 81  9 95 
15 23 16 10 34 14 
62 76 47 46 31 80 
36 25 24 50 57 
20 39  1 51  6 12 
10 39  5 17 12 40 
15 49 48 23 24 50 
37 51 11  9 64 79 
 8 64  1 51 95 91 
16 45  6 39 34 17  2 
85 84  8 37 72 79 
37 51 18  5  6 40 
58 84 35 96 29 97 
23  2 16 53 52 93 
60 49 23  2 34  7 
45 10 53 14  2 
 6 10 45 44 40 
37 42 12 22 21 40 
46 31 32 69 53 52 
 5 39  1 60 81 59 
98 44 99 22 18 40 
18 42 21 68 83 99 55 
15  2 24 25 14  7 93 
23 25  4 50  7 
23 24  4 36 61 92 93 
67 66 96 35 54 65 
86 70 38  0 52 92 
29 97 78 56 30 87 41 
79 84 28 97 13 78 
56 28 82 87 86 38 75 
19 46 32 43 80  3 
66 69 67 43 31 19 
98 44 88 77 76 47 
60 39 15 10  2 
58 48 26 96 54 13 
73 57 68  4 25 61 
 8 51 11 18 42 72 12 
30 86 27  0 75 74 
 5 20 60 10  6 34 
17  6 12 21 44 18 
56 89 63 78 28 64 
37 18 72 68 73 22 
67 71 32 31 59 81 80 
98 33 21 17 45 40 47 
16 10 53 17 44 46 47 
53 45 19 47 31  3 
76 33 46 45 44  3 
58 35 50 54 49  7 
60 59 71 15 54 48  7 
58 57 48  4 24  7 
 1  5 37  8  9 12 
53 14 69 70 27 19 92 93 
14 16 52 19 46 45 
71 67 26 49 48 35 
88 99 89 56 82 83 22 
41 89 55 82 28 30 
85 72 58 50 73 36  4 
85 84 57 50 48 35 13 
60 20 81 43 71 49 
20 39 59 34 15 49 
36 68 25 92  0 74 
 3 76 80 90 94 
91 64 89 77 90 41 
 9  8 79 91 63 78 41 
96 97 70 66 86 26 87 
67 32 26 69 70 65 
32 66 26 71 43 54 
36 73 42 22 83 61 75 74 
66 70 32 52 19 
86 65 66 69 27 52 
59 49 43 67 54 
85 11 37 42 57 73 
36 57 72 68 42 
61 68 75  0 38 
30 82 38 83 68 74 
77 33 47  3 62 90 
88 89 63 33 76 90 
28 29 79 64 41 
 8 11 64 84 29 78 
81 94 43 62 31  3 
 1 20 59 43 80 94 95 
55 56 83 30 75 
55 82 22 68 75 
11 85 79 29 58 13 
11 84 72 57 58 
65 70 30 87 38 27 
30 86 65 97 28 
98 33 99 55 89 77 
63 41 55 88 56 77 
62 76 77 94 91 63 
95 94  9 64 63 90 
61 25  0 27 52 93 
52 14 92 23 25 
80 81 62 95 91 90 
81 94  1  9 91 
26 35 13 97 65 
28 29 13 96 65 87 
44 33 88 99 21 
98 88 55 21 22 
