 1 60 85 94 79 33 59 
60  2  0 85 23 
60  1 87 18 38 23 34 
73 15 85 23 92 93 
29  5 41 12 93 92 83 
29 20  4 21 97 83 
68 39 67  8 13 28 
29 89 70 20 78 
 6 67 13 65 99 66 
19 54 47 66 65 11 
53 56 58 64 98 
53 43 64 65 69 19  9 
50 15 46 42 41  4 93 
 6  8 82 81 31 28 99 
24 25 40 71 30 37 
49 50 12  3 73 93 
54 55 47 36 21 20 
51 80 52 40 25 63 
 2 87 72 71 38 37 
54 91 69 11 90  9 
29  5  7 21 78 55 16 
 5 97 36 16 20 35 
31 89 81 75 76 
85  1  3  2 34 92 84 
49 25 50 61 14 62 30 
24 49 17 40 63 14 
77 55 74 44 54 91 27 
88 90 33 44 26 91 59 
 6 68 46 61 42 13 31 62 
20  5  4  7 89 41 
14 24 62 37 48 
22 89 81 41 42 13 28 
95 94 51 44 45 57 33 
94  0 32 44 27 59 
38  2 23 96 84 
21 36 39 96 97 38 48 
16 47 67 39 21 35 
18 38 71 14 30 48 
18  2 34 96 37 35 48 
 6 68 67 36 35 48 
17 25 52 43 14 71 72 
 4 29 89 12 42 31 
12 46 41 31 28 
52 40 53 11 72 86 69 
45 32 74 26 33 27 
57 32 44 74 75 76 
12 42 50 61 28 
16 54 66 67 36  9 
37 30 35 39 38 68 62 
24 25 50 15 73 63 
24 61 49 15 12 46 
95 32 80 17 52 56 57 
17 51 40 56 53 43 
64 11 10 56 52 43 
26 55 91 16 47 19  9 
20 78 77 16 54 26 
51 52 53 10 58 57 
56 58 45 32 51 76 
56 10 57 76 82 98 
27 88 60  0 33 
 1  2  0 87 88 59 
50 24 46 28 62 
24 61 28 68 30 48 
17 80 73 49 25 
53 11 10 65 98 
64 11 99  8 66 98  9 
65  8 67 47  9 
 6  8 39 66 47 36 
 6 39 28 62 48 
88 90 86 19 11 43 
89 75  7 77 78 74 
14 40 72 18 37 
43 40 71 18 87 86 
 3 15 49 85 63 80 79 
44 45 75 70 77 26 
70 89 22 45 74 76 
22 81 82 75 58 45 57 
78 55 70 74 26 
20 55  7 77 70 
94  0 85 73 80 95 
95 51 17 63 73 79 
22 31 13 82 76 
13 81 99 76 58 98 
92  4 84  5 97 
23 34 92 96 97 83 
 1  0 73  3 23 79 
88 87 72 43 69 
60  2 88 18 72 86 
60 87 86 59 69 90 27 
70 75  7 29 31 22 41 
19 91 88 69 27 
54 26 19 27 90 
23  3 93  4 84 83 
 3 15 92 12  4 
95 32 79  0 33 
94 32 51 80 79 
34 38 84 97 35 
 5 83 21 84 96 35 
65 64 99 10 58 82 
65  8 13 82 98 
