25 80 35 95 54 
83 69  9  5 18 
21 12 14 13 31 10 
97 43 28 98 55 65 
51 46 33 22 54 23 
 9  1 11 18 36  6 
10 36 15  5 37 11 
44 45 13 21 46 22 
67 68 79 34 11  9 
 1  5 83 11  8 79 
14  2 42 31 36 15  6 
16 37 34  8  9  5  6 
88 81 14 21  2 
31 53 45  7 21  2 
10  2 42 12 88 89 
10 42 41 37  6 
11 37 19 20 39 34 
29 60 28 88 89 47 43 
 1 69  5 36 52 53 
16 37 20 41 86 87 
59 39 71 16 19 87 
12 81  7 13  2 22 23 
 7 46  4 21 23 
80 81 54 21 22  4 
58 57 84 62 48 32 
35 74 61 47 80  0 
50 38 27 75 85 90 
26 75 74 50 35 64 70 
98 40  3 17 43 29 
28 40 17 60 58 62 
96 97 41 76 86 65 66 
10  2 36 13 53 
92 93 84 48 44 24 46 
59 63 94 51  4 54 
16 11  8 68 39 63 72 
64 27 74 25  0 95 
18  5 31 10  6 53 
16 11 19 41 15  6 
56 67 77 50 26 90 
59 63 20 16 34 
99 98 69 52 62 28 29 
30 96 19 37 15 42 86 
96 43 10 14 15 41 89 
 3 97 17 28 96 42 89 
48 45 32 46  7 
62 48 44 52 53 13  7 
73 93 32 44 51  7  4 22 
61 60 17 88 80 81 25 
62 24 45 44 32 
50 77 70 71 76 87 
26 27 49 77 38 70 
46 73 63 33  4 
18 69 40 45 62 53 
52 45 18 13 31 36 
33 94  4 95  0 80 23 
82 78 65 99 98  3 
78 79 67 38 66 77 
58 24 84 74 75 61 85 
57 24 29 60 62 61 
64 71 63 39 20 94 33 
58 29 61 17 47 
74 57 58 60 47 25 
58 24 29 40 48 45 52 
59 39 34 72 73 33 51 
59 71 94 35 27 70 95 
55 78  3 97 30 66 
65 78 56 77 76 30 
91 68  8 79 56 38 90 
91 67  8 72 34 
 1 83 82 99 18 40 52 
50 27 49 64 71 
64 59 20 70 49 87 
91 68 34 63 73 93 92 
72 63 93 46 51 
75 27 57 61 35 25 
26 27 85 57 74 
49 77 86 30 87 66 
50 49 56 38 76 66 
56 79 66 82 65 55 
 8 67 56 78 82 83  9 
47 81 25  0 54 23 
80 47 88 12 21 23 
83 69 78 79 99 55 
 1 69 82 79  9 
57 24 92 32 85 
92 84 75 26 57 90 
76 30 41 19 87 
76 49 86 71 20 19 
17 89 47 81 14 12 
14 88 17 43 42 
92 91 85 26 38 67 
67 68 72 92 90 
72 91 93 32 84 85 90 
73 72 92 32 46 
59 64 33 95 54 
 0 35 94 64 54 
42 43 97 30 41 
 3 43 96 30 65 
40 99 55  3 28 
82 69 40 98 55 
