93 35 53 79 25 
18  5  9 82 68 
12 14 21 13 10 31 
28 43 96 54 64 95 
53 23 22 33 51 46 
11  9 18 36  6  1 
11 37  5 36 15 10 
44 46 22 45 13 21 
78  9 11 66 34 67 
 8 78 11  5 82  1 
 2 14 42 15 31 36  6 
16 37  8  9 34  5  6 
21 80  2 14 86 
45  7 21  2 52 31 
42 87 86 10  2 12 
10 42 41 37  6 
11 37 19 20 39 34 
29 59 28 47 43 86 87 
 5 36 52 98 68 99  1 
16 37 20 85 41 
58 39 70 16 19 85 
 7 13 22 23 80 12  2 
 7 46  4 23 21 
53 79 80  4 22 21 
83 56 57 61 32 48 
73 35  0 47 79 60 
84 74 50 38 27 88 
63 69 26 74 50 35 73 
17 43  3 29 40 96 
17 59 28 40 61 57 
85 41 95 64 65 94 75 
 2 13 10 36 52 
91 46 83 90 44 24 48 
58 62 51 53  4 92 
62 39 16 11  8 71 67 
63 27 73 93  0 25 
31 10 52  5 18  6 
16 11 19 15 41  6 
76 55 50 66 26 88 
58 62 20 16 34 
97 96 68 61 29 98 28 
15 37 19 42 85 30 94 
14 87 43 10 15 41 94 
87 17 28  3 42 95 94 
46 32  7 45 48 
 7 13 44 52 99 61 48 
91 32 72 44 51  7 22  4 
80 79 17 59 86 25 60 
61 45 24 44 32 
69 70 50 76 85 75 
76 38 26 69 49 27 
46 72 62 33  4 
31 36 13 45 99 18 
79 23  4 33  0 93 92 
 3 96 64 97 81 77 
76 38 78 77 66 65 
60 73 74 57 84 83 24 
60 56 61 29 59 24 
62 39 70 63 33 20 92 
57 29 17 47 60 
25 73 56 47 59 57 
40 98 29 57 99 45 24 48 
58 39 33 34 72 71 51 
58 70 69 27 35 93 92 
54  3 77 95 30 65 
64 77 76 55 30 75 
 8 78 55 38 67 89 88 
66 89  8 71 34 
40 97 81 98 82 18  1 
63 27 70 49 50 
58 63 69 49 20 85 
91 72 62 34 90 89 67 
46 91 71 62 51 
74 27 35 56 25 60 
84 56 26 27 73 
65 30 85 49 76 
38 55 50 49 65 75 
78 55 65 64 81 54 
 8  9 55 77 66 81 82 
53 23 80 47  0 25 
79 23 47 21 12 86 
68 97 78 77 54 82 
81 68 78  9  1 
90 32 84 56 24 
83 56 74 90 26 88 
70 49 20 19 41 30 75 
12 14 47 17 80 87 
17 43 42 14 86 
90 89 84 26 38 66 
71 90 66 67 88 
71 89 91 83 32 84 88 
46 32 72 71 90 
58 63 93 33 53 
35 63  0 53 92 
41 30 95 42 43 
 3 43 64 30 94 
40 97 54  3 28 
40 96 68 81 54 
40 68 61 99 18 
61 45 98 52 18 
