51 74 87 98 25 99 
65 18  5  9 77 
31 13 10 21 12 14 
28 42 89 90 52 62 
51 33 23 49 44 22 
35  6  9  1 18 11 
10 15 35 36 11  5 
44 95 43 13 21 22 94 
 9 11 34 64 73 
 5  1 11 77 73  8 
15 41  6 14 35  2 31 
34 16 36  6  5  9  8 
21  2 75 14 81 
31  2 50 43  7 21 
81 41 12 10  2 
10 41  6 36 40 
20 38 19 34 11 36 
45 57 42 28 29 81 
92 93 65  1 50 35  5 
20 16 80 36 40 
16 38 56 61 47 80 19 
 7 13  2 12 23 75 22 
 4 23 21  7 44 
75 74 51  4 21 22 
46 32 55 54 59 78 
98  0 74 45 58 68 
27 48 69 79 37 82 
97 48 96 26 69 68 98 99 
42 17 29 39 90  3 
55 57 39 28 59 17 
70 80 89 62 88 63 40 
35 10  2 50 13 
44 95 85 46 24 84 78 
60 56 86 51  4 49 
16 38 11 60 66 64  8 
10  6 50 18 31  5 
19 16 11  6 15 40 
83 53 71 48 26 82 
56 60 16 20 34 
65 91 59 29 92 90 28 
19 80 88 30 15 41 36 
15 10 42 88 81 14 40 
88 41 28 17 81 89  3 
93 59 50 13  7 46 94 
32 95  7 85 49  4 22 67 
75 74 17 57 58 25 81 
43 59 32 95 94 24 
80 70 71 48 20 61 97 
47 71 97 37 26 27 
 4 33 44 60 67 
35 18 93 43 13 31 
23 74 86 33 87  4  0 
91 76 90 72 62  3 
72 73 71 63 83 37 
24 55 79 78 58 68 69 
24 54 59 29 57 58 
60 38 33 86 61 20 
17 45 29 58 55 
45 57 55 54 25 68 
93 92 43 39 46 24 55 29 
56 38 33 49 34 66 67 
96 87 86 56 20 47 97 
89 30 52 72 63  3 
62 72 71 70 30 53 
34 66 83 73  8 
39 91 92 18  1 76 77 
34 60 67 85 84 64 83 
85 44 49 66 60 
25 58 98 54 69 27 
79 54 26 27 68 
80 30 47 71 63 
47 48 70 63 53 37 
76 52 62 53 73 63 
53 72 76 77  9 83 64  8 
75 23 45 51  0 25 
23 74 45 21 12 81 
91 52 65 72 73 77 
 1 65 76  9 73 
24 32 84 79 54 
84 78 54 69 26 82 
70 30 47 20 19 40 
14 12 17 42 41 75 45 
84 79 83 26 37 
84 66 64 53 73 37 82 
85 32 66 78 79 83 82 
32 44 67 66 84 
51 33 87 56 61 
96 61 51 86  0 99 
42 41 89 30 40 
88 42 62 30  3 
91 52 39 28  3 
39 65 76 52 90 
93 18 65 39 59 
18 92 59 50 43 
46 95 43  7 
32 44  7 46 94 
87 61 97 27 99 
96 61 47 48 27 
25  0 68 27 99 
27 96 98 87  0 
