73 51 25 85 97 96 
 9 76 65 18  5 
31 13 14 10 12 21 
42 87 62 28 88 52 
33 51 49 44 23 22 
18  1 35  6  9 11 
10 15 35 36 11  5 
93 44 22 13 43 21 92 
11 34  9 72 64 
11  8 72 76  1  5 
15  6 41 14 31  2 35 
34 16  8  9 36  6  5 
14  2 21 74 79 
31  2 43  7 21 50 
10 41 79 12  2 
10  6 41 40 36 
34 38 11 20 19 36 
42 28 29 57 45 79 
91 90 65  1 50 35  5 
40 78 20 16 36 
16 38 56 78 47 19 61 
13  7 22  2 12 23 74 
23  4 44  7 21 
 4 51 73 22 21 74 
32 46 54 55 77 59 
68 58 73  0 96 45 
48 27 37 69 77 80 
26 48 69 68 95 94 97 
29 17  3 88 39 42 
39 28 55 57 59 17 
62 63 87 40 78 70 86 
 2 10 13 50 35 
93 44 46 82 77 24 83 
 4 51 84 49 56 60 
16 38 11  8 64 66 60 
10  6 31 50 18  5 
40 15 19  6 16 11 
26 48 80 81 53 99 
34 16 20 56 60 
59 29 90 28 88 89 65 
15 41 30 78 19 86 36 
15 10 79 42 14 40 86 
79 41  3 87 17 28 86 
59 91 46 13  7 50 92 
49  4  7 93 32 22 67 83 
73 25 58 57 17 74 79 
32 93 43 59 92 24 
48 95 20 78 98 61 70 
37 26 27 95 47 99 98 
 4 44 33 60 67 
31 13 18 91 43 35 
 4 33 84 23  0 73 85 
88  3 62 71 89 75 
81 72 37 71 63 99 
55 58 68 69 77 24 
29 57 58 59 54 24 
84 33 20 38 60 61 
29 17 58 55 45 
68 25 54 55 57 45 
91 90 39 29 55 43 46 24 
34 38 66 49 33 56 67 
56 84 20 95 94 47 85 
 3 87 30 63 71 52 
53 99 98 30 62 71 70 
34  8 66 81 72 
 1 76 18 90 39 89 75 
64 34 81 60 82 67 83 
60 49 66 44 83 
58 25 27 69 54 97 96 
27 26 68 77 54 
98 63 30 47 78 
63 62 52 72 53 75 
 9  8 76 81 53 71 64 75 
 0 51 23 25 45 74 
45 73 23 21 12 79 
65 76 89 52 71 72 
 9 72  1 65 75 
69 26 80 82 32 54 24 
20 47 40 30 19 70 
74 12 17 42 45 14 41 
26 77 37 81 82 
80 37 53 72 64 66 82 
66 81 80 77 32 83 
82 32 44 67 66 
33 51 56 85 61 
97  0 51 84 94 61 
30 87 40 41 42 
42  3 62 30 86 
28  3 52 39 89 
88 52 39 65 75 
39 59 91 18 65 
18 90 59 43 50 
93  7 43 46 
 7 44 32 46 92 
95 27 97 85 61 
48 47 27 94 61 
 0 25 97 68 
27 94 68 85  0 96 
48 47 99 63 70 
37 48 53 63 98 
