25 95 50 84 72 96 
 5 18 64 75  9 
10 14 12 31 13 21 
87 51 28 41 86 61 
50 23 22 43 48 83 
11  6 34 18  9  1 
10 15 11  5 34 35 
92 43 22 13 42 91 21 
33 63 71  9 11 
75 71 11  5  1  8 
15  6 40 34 31  2 14 
 5  6  9 35 16 33  8 
 2 14 78 73 21 
42 49  7 31  2 21 
78 40 12 10  2 
10  6 40 39 35 
35 19 11 20 37 33 
29 28 56 44 78 41 
64 89 34  5  1 49 90 
35 16 39 20 77 
16 37 19 55 77 46 60 
13  2 22 23  7 12 73 
 4 23  7 43 21 
 4 50 22 72 73 21 
32 45 58 76 53 54 
44 57 67 95  0 72 
68 27 47 36 76 79 
26 68 47 96 95 67 94 93 
17 41 87 38 29  3 
28 17 38 58 56 54 
85 86 39 61 62 77 69 
34 10 49 13  2 
45 24 92 82 81 76 
11 16 37 59 65 63  8 
 5 18 10  6 49 31 
15  6 19 16 39 11 
52 80 97 47 26 79 
55 59 16 20 33 
89 64 58 28 29 88 87 
40 15 85 30 35 19 77 
10 15 39 78 41 85 14 
17 28 40 78  3 86 85 
90 49 58 45 13  7 91 
 7 92 82 66 22  4 48 
56 17 57 25 78 73 72 
32 24 92 58 42 91 
77 20 69 99 60 94 
98 97 36 26 99 27 94 
59 55 66  4 43 83 
34 18 42 13 31 90 
 4 23  0 84 83 72 
70 74 61 88 87  3 
80 36 71 97 62 70 
67 68 57 76 24 54 
53 57 56 29 24 58 
59 37 20 48 83 60 
57 54 29 17 44 
53 54 56 44 25 67 
38 29 45 24 42 90 89 54 
55 37 33 65 66 48 
83 55 84 20 46 94 93 
86 30 62  3 51 70 
61 30 70 52 97 69 98 
80 65 71 33  8 
89 38 18 75 74  1 88 
80 63 33 59 66 82 81 
82 43 59 65 48 
53 57 25 95 68 27 
67 53 76 26 27 
62 30 77 98 46 99 
61 62 52 74 71 51 
74 75  9 63 80 52 70  8 
 0 25 73 44 23 50 
78 44 12 72 23 21 
75 64 71 88 70 51 
74 64 71  9  1 
81 32 53 68 26 24 79 
39 30 19 20 69 46 
40 14 44 17 73 12 41 
76 26 81 36 80 
63 65 52 36 71 81 79 
82 32 65 80 76 79 
92 43 32 66 65 81 
50 84  4 48 55 60 
 0 50 83 96 60 93 
40 41 86 39 30 
 3 41 85 30 61 
28 38 88  3 51 
64 38 74 87 51 
64 38 18 58 90 
18 49 42 58 89 
92  7 42 45 
45 32  7 43 82 91 
27 96 94 84 60 
99 47 27 46 60 93 
67 25  0 96 27 
 0 95 84 27 93 
52 62 36 98 47 
97 62 69 47 99 
98 69 46 47 94 
