 1 59 32 92 58 84 78 
59  2  0 84 22 
22 33 59 86 17 37  1 
22 84 90 91 72 14 
11 91 40  5 82 90 28 
19 20 82  4 95 28 
77 19 69 21 40 28 
65 64 98 99 66 12 97 
64 65 46 18 10 53 
96 63 52 55 57 
52 63 42 64  8 68 18 
49 45  4 91 41 40 14 
98 27  7 81 80 30 97 
36 70 29 24 23 39 
48 49 72  3 91 11 
19 20 54 35 46 53 
51 50 39 24 79 62 
36 70 71 86 37  2 
68 88 89 10  8 53 
15 20 54  6 77  5 28 
19 15 35 34 95  5 
 6 40 69 74 80 75 30 
 1  2 33 84  3 90 83 
61 60 29 24 13 49 48 
13 23 39 16 48 62 
54 76 26 43 89 53 73 
87 88 58 89 43 32 25 
45 60 61 41 67 98 12 30 
 5  4  6 40 19 
61 47 23 36 13 
41 27 12 80 21 40 
43 44 32 56 92 93 50 
92  0 43 31 58 26 
 2 22 37 83 94 
38 47 35 20 37 95 94 
34 20 38 15 46 66 
29 47 13 70 17 37 
17 36 47 34  2 33 94 
34 47 35 99 67 66 
42 51 71 70 13 24 16 
 4 11 41 21  6 30 28 
27 45 11 40 30 
52 51 10 68 39 71 85 
31 44 32 26 25 73 
73 74 56 31 43 75 
27 60 49 41 11 
35 15 65  8 53 66 
61 29 36 34 38 67 37 
24 23 49 14 72 62 
23 60 45 11 48 14 
51 16 55 56 31 93 79 
16 50 52 42 55 39 
42 51 10 63 55  9 
18  8 89 46 25 54 15 
15 19 77 76 25 53 
51 50 56 52 57  9 
55 50 75 44 57 31 
56 55  9 75 81 96 
59  0 87 32 26 
 1  2  0 86 87 58 
23 61 27 45 49 
23 60 27 29 47 67 
72 48 79 24 16 
10 52 64 96  9 
65  8  7 10 63 96 97 
64  8 46  7 66 
35 46 65 38 99  7 
99 38 61 47 98 27 
10 42 85 18 87 88 
77 76 73 74  6 21 
36 13 17 71 39 
17 86 70 39 42 85 
84  3 14 48 78 79 62 
25 76 43 69 74 44 
73 69 21 75 44 
21 80 74 81 44 56 57 
54 77 25 73 69 
 6 19 54 76 69 
72 84 92  0 79 93 
16 50 93 78 72 62 
21 75 81 12 30 
80 75 12 97 96 57 
 5  4 95 90 83 
90 82 22 33 94 95 
 1  0 22  3 72 78 
71 42 68 86 87 
17 71 85 87 59  2 
59 86 85 58 68 26 88 
87 68 18 89 26 
18 88 26 25 53 
 4 91 82  3 22 83 
11  4 90  3 14 
32  0 31 93 78 
92 31 50 79 78 
83 33 95 37 34 
34 20  5 82 83 94 
63 64  9 81 97 57 
81 96 12  7 64 
99  7 67 27 12 
98  7 67 38 66 
