 4  8 60 17 70 
20 11 12 30  9 13 
40 27 81 82 47 57 
22 21 46 41 45 78 
 8 10  0  5 33 17 
 9 14 33 34  4 10 
12 96 20 21 41 86 87 
59 32  8 10 67 
 4 10  0 70  7 67 
 1 30 39 14 13 33  5 
34 15  8  4  5 32  7 
 1 20 13 73 95 
96 30  6 20  1 
 9 39  1 11 73 
 9 39 38 34  5 
34 10 18 19 32 36 
73 40 42 52 27 28 
85 84 60  0 33 30  4 
38 34 15 19 72 
56 51 15 18 44 72 36 
 6 12 21  1 11 22 95 
20  6 22  3 41 
20 21  3 46 95 68 
50 49 71 31 54 43 
68 42 98 53 90 63 
35 92 74 26 64 71 
92 25 64 91 88 89 94 90 93 
 2 40 16 28 82 37 
37 54 27 50 16 52 
80 81 38 72 65 58 57 
 1  9 33 85 96 12 17 
77 76 71 23 87 43 
15 10 36 59  7 55 61 
 9 30  5  4 17 
15 10 38 14 18  5 
48 92 25 74 75 
32 15 19 51 55 
82 83 60 84 54 27 28 
34 14 39 18 80 29 72 
 9 14 13 73 38 40 80 
73 39  2 27 81 16 80 
 6 21  3 45 62 77 87 
73 95 16 52 68 24 53 
23 31 87 86 97 54 
56 19 72 94 89 65 
41  3 78 51 62 55 
22  3 78 79 99 68 
83 69 66 57 82  2 
58 92 66 35 75 67 
50 53 63 64 71 23 
53 49 28 54 23 52 
19 56 36 78 45 55 
16 42 53 50 28 
52 42 24 50 49 63 
97 85 84 37 28 50 23 43 
45 51 62 36 32 61 
19 51 79 88 44 78 89 
29 81 58  2 47 66 
66 48 92 65 29 93 57 
 7 32 75 67 61 
83 69 17 84  0 37 70 
77 76 62 75 59 55 32 
45 41 77 55 61 
64 49 90 53 24 
71 25 49 26 90 63 
72 29 44 94 58 93 
47 69 57 58 48 67 
48 66 75 59  7 69 70  8 
95 22 46 99 42 24 98 
47 83 66 60 70 67 
60 69  0  8 67 
76 74 31 25 64 49 23 
29 38 18 19 44 65 
13 11 39 40 95 42 16 
25 35 76 71 75 
35 48 74 76 67 59 61 
77 31 71 74 75 61 
31 76 62 41 87 61 
56 51 79 45  3 46 
56 88 78 46 99 98 91 
40 39 81 38 29 
40  2 80 29 57 
83 47  2 27 37 
47 69 82 60 37 
54 85 17 60 37 
96 30 17 97 54 84 
 6 96 97 87 43 
77 31 41  6 86 43 
79 56 89 91 26 
94 44 56 88 26 
26 64 91 24 98 63 
79 88 98 26 90 
35 48 25 58 26 93 
58 92 26 94 65 
89 44 65 26 93 
20 11 22 73 42 68 
12 30 85  6 97 86 
85 96 54 86 43 
99 79 91 24 68 90 
79 46 98 68 
