59 17  8 69  4 
 9 30 20 11 12 13 
39 79 56 80 27 46 
44 40 21 22 77 45 
 8  0  5 33 10 17 
10 34 33  9 14  4 
85 40 84 94 21 20 12 
58 66 10 32  8 
10  7 66 69  0  4 
13 14  1 30 33  5 
15 34 32  7  8  5  4 
20  1 93 72 13 
30 94  1 20  6 
 9 14 72 11  1 38 
 9 13 37 34 38  5 
19 18 34 10 99 98 32 
39 72 41 51 27 28 
30 33 83 82 59  0  4 
19 71 37 34 15 
18 71 43 15 55 50 99 
11  1 21 22  6 12 93 
 3 22 20  6 40 
21  3 20 93 45 67 
53 49 42 31 70 48 
52 41 67 62 96 88 
26 90 63 70 73 35 
87 92 91 90 25 63 86 89 88 
16 28 36 80 39  2 
49 53 51 16 27 36 
56 57 79 37 71 64 
 1 12  9 94 33 17 83 
42 23 85 70 75 76 
98 15 10  7 58 54 60 
30  9 17  5  4 
37 14 18 15 10  5 
90 47 74 73 25 
82 53 27 80 59 28 81 
18 71 29 79 34 14 38 
72 13 14 37 79 39 
38 79 16 27 72  2 
 6 85 44  3 21 76 61 
16 72 51 52 93 67 24 
53 23 95 84 85 31 
19 71 64 92 87 55 
 3 40 77 50 54 61 
 3 22 97 78 77 67 
 2 56 80 65 68 81 
90 57 66 74 65 35 
52 49 62 23 70 63 
53 23 28 51 52 48 
77 44 54 55 19 98 99 
16 41 52 49 28 
41 51 49 48 62 24 
49 23 42 28 95 36 83 82 
44 50 98 32 60 61 
77 50 78 87 43 19 86 
29 57 79 65 46  2 
29 56 64 47 90 91 65 
74 60 66  7 32 
36 82 17  0 69 68 81 
76 75 74 58 32 54 61 
44 40 76 54 60 
52 48 63 24 88 
25 26 70 62 48 88 
29 57 92 43 71 91 
47 57 46 68 66 56 
58  7 74 47 65 68  8 69 
93 41 22 45 97 24 96 
65 46 66 59 69 81 
 8  0 59 68 66 
31 23 75 48 63 25 73 
19 18 43 37 29 64 
16 39 41 38 93 11 13 
74 75 70 25 35 
75 60 58 66 47 73 35 
70 31 76 60 74 73 
31 85 75 40 60 61 
44  3 50 55 78 45 
77 55 97 45 89 86 
29 56 37 38 39  2 
46  2 27 36 81 
59 68 46 80 36 
36 53 83 17 59 
95 53 94 30 82 17 
 6 94 85 95 42 
 6 40 84 42 31 76 
89 78 55 87 26 
92 26 43 55 86 
96 89 63 62 24 26 
97 78 86 26 96 88 
47 57 35 91 26 25 
90 57 64 92 26 
64 43 87 26 91 
20 22 11 41 72 67 
84  6 95 83 30 12 
42 53 84 94 83 
89 97 67 24 88 
45 78 67 89 96 
54 50 99 15 32 
19 50 98 15 
