67  8  4 17 58 
20 11 12 13  9 30 
39 77 55 78 27 
75 45 22 44 40 21 
 5 10  8  0 17 33 
14 34  9 10  4 33 
92 82 12 20 83 40 21 
32 57 65  8 10 
65 67  7 10  4  0 
13 14  5  1 30 33 
15 32  7  5  4  8 34 
70 13  1 20 91 
92  6 30 20  1 
 9 14 70 11 38  1 
37 34  9 13 38  5 
18 19 34 97 96 32 10 
28 27 50 70 41 39 
81 30 80 58  4  0 33 
37 34 69 19 15 
18 69 54 49 15 97 43 
12  6  1 11 91 22 21 
20  6 22  3 40 
45  3 98 91 20 21 
31 42 52 48 47 68 
86 61 94 51 41 99 
35 71 68 62 26 88 
89 88 25 90 62 86 85 84 87 
28 36 78  2 39 16 
27 16 48 52 50 36 
55 77 56 37 69 63 
81 92 17 12  1  9 33 
42 23 74 73 83 68 
59 57 53  7 15 96 10 
 5  9  4 30 17 
37 18 14 15  5 10 
72 71 46 25 88 
28 52 27 78 79 58 80 
29 77 69 18 34 14 38 
13 14 39 77 70 37 
 2 77 27 38 70 16 
44  3 83 74  6 60 21 
70 16 50 51 24 99 91 
93 82 31 23 52 83 
63 69 90 19 54 85 
 3 40 75 49 53 60 
75  3 22 98 95 76 
56 64 65 72 35 88 
48 23 51 68 62 61 
52 23 28 50 51 47 
54 75 19 44 53 97 96 
16 28 48 41 51 
50 48 47 61 24 41 
42 23 93 48 28 36 80 81 
44 49 59 32 60 96 
75 49 19 43 76 84 85 
64 56 29 77 66 78 79  2 
64 46 55 29 88 89 63 
32 59  7 72 65 
67 66 79 36 80 17  0 
32 57 53 74 73 72 60 
59 53 74 44 40 
86 24 62 47 51 
61 86 26 25 68 47 
29 69 56 89 90 43 
55 66 56 46 65 
 7 57 72 46 64 67  8 66 
67 58 55 64 79 65 
66 58 65  8  0 
31 73 71 47 62 23 25 
37 29 18 19 63 43 
13 11 41 16 39 91 38 
72 73 68 35 25 
71 73 59 57 65 46 35 
74 31 59 71 72 68 
31 73 59 83 40 60 
54 49 45  3 44 76 
45 75 95 54 84 87 
55 29 37 39  2 38 
79 36 55 27  2 
55 78 66 58 36 
36 58 17 81 52 
52 93 80 92 30 17 
93 42 92  6 83 
74 31 42 82 40  6 
76 54 85 26 87 
43 54 84 90 26 
61 24 62 26 94 87 
76 95 84 94 86 26 
46 56 89 26 25 35 
88 56 26 63 90 
89 26 63 43 85 
70 11 41 99 20 22 98 
93 82  6 12 30 81 
42 82 52 92 81 
86 24 99 98 95 87 
45 98 94 76 87 
15 32 97 53 49 
19 49 15 96 
22 45 94 99 91 95 
41 24 94 98 91 
