51 59  7  3 15 
27  8 10 18 11 12 
35 24 68 49 69 
 4 99  7  0  9 98 15 
 3 99  8 89 90 30  9 
74 36 73 41 19 18 11 
 9  7 29 91 57 
57 59  0  3  9  6 
89 12  1  4 99 27 98 
 7  3  4 29 13 30  6 
 1 18 82 62 12 
27 83 73  1 18  5 
 1 10 34 89  8 62 
17 86 29  9 30 16 
44 37 62 35 24 25 
51 71  0 72 27 98  3 
17 61 30 13 33 
48 95 86 13 39 61 16 
10  1 11  5 19 82 
 5 41 18 82 87 
43 93 46 38 60 28 
88 84 97 45 37 77 
60 54 63 23 79 31 
75 76 80 79 54 77 22 81 78 
14 25 35  2 32 69 
92 44 46 14 32 24 
55 61 50 49 68 33 
 1  8 11 72 83 98 15 
20 38 60 74 65 64 
86 13 47  9 52 91  6 
90  4  9 13 16 33 
42 79 63 22 91 
25 24 51 71 46 70 69 
68 34 90 26 61 16 30 
89 12 62 35 68 90 33 
62 14 34 24  2 68 
53 40 41 65 74  5 
45 44 62 82 14 88 21 
83 46 20 73 28 74 
55 61 17 48 76 81 
66 94 47 53 36 41 
66 67 40 36  5 19 87 85 
57 56 50 79 91 31 
45 93 97 96 20 54 60 
45 37 92 25 14 
93 43 44 37 97 92 21 
92 25 83 38 72 93 20 71 32 
40 94 53 86 29 52 
75 67 76 66 95 17 39 
26 50 68  2 56 58 69 70 
55 26 42 79 80 49 56 
32 71 58 59  0 15 70 
47 53 65 63 91 29 64 
47 40 36 65 52 
60 43 77 23 22 96 
26 61 50 39 80 81 
58 57 42 50 49 
 7 59 58 56 42 91  6 
51 59 57 56 49 70 
 7 57 58 51  0 
20 43 54 22 63 28 64 
26 55 39 17 16 33 
82 37 10 34 35 14 12 
52 91 60 22 31 64 
28 65 60 63 52 
36 53 52 74 28 64 
40 94 95 48 67 41 
48 75 66 41 78 85 
35  2 34 49 26 33 
24  2 32 49 70 
49 58 32 51 69 
46 72 51 32 15 
46 83 27 15 71 
83 38 74 11  5 
65 36 28 73 38  5 
76 23 48 67 78 
75 23 48 39 81 
54 23 78 84 96 97 21 
75 67 23 77 85 84 
23 22 50 42 80 31 
79 50 55 23 81 
80 55 39 76 23 
10 18 19 87 62 37 88 
46 38 72 27 73 11 
78 77 85 87 88 21 
41 67 87 78 84 
47 94 95 17 13 29 
19 41 82 85 84 88 
84 87 82 37 21 
34 12  8  4 90 
89  4 30 34 33 
52 63 29 42 57  6 31 
45 44 93 25 46 
45 43 92 20 46 
66 40 95 47 86 
66 94 48 17 86 
43 54 97 77 
45 43 96 77 21 
 3 99  8 27 15 
 4  3  8 98 
