51 58 15  3  7 
18 11 27 10 12  8 
49 67 24 35 66 
 0 15 96 97  4  9  7 
 9 30  3 97  8 87 88 
18 19 72 36 71 11 41 
29  9 56 89  7 
 3  9  6  0 58 56 
12 87 96 97 27  1  4 
29  6 13 30  4  3  7 
99 12 18 80  1 98 
18  1 27 81 71  5 
 8 87  1 10 34 99 
29  9 16 17 30 84 
99 35 25 44 37 98 24 
27 70 96 69  0 51  3 
60 33 17 30 13 
93 48 16 60 39 13 84 
80 19  1 11  5 10 
80 18 85  5 41 
43 59 28 38 46 91 
95 75 37 86 82 45 
61 31 59 54 23 77 
76 75 73 77 78 22 54 79 74 
 2 35 14 67 25 32 
46 32 24 14 44 90 
60 33 55 50 49 66 
96  8 15 70 81  1 11 
20 38 59 72 63 62 
52 89 47  6  9 13 84 
16 33 88 13  9  4 
89 61 22 42 77 
46 25 24 69 51 68 67 
60 16 26 30 88 34 66 
12 87 88 33 99 35 66 
24  2 14 99 34 66 
72 63  5 41 40 53 
86 80 21 14 44 45 98 
71 81 20 28 72 46 
17 48 60 55 79 74 
64 92 41 36 47 53 
 5 19 36 40 64 85 83 65 
89 31 57 50 56 77 
59 20 95 94 45 54 91 
25 14 37 90 45 
91 43 95 90 44 21 37 
69 32 20 38 70 81 25 90 91 
40 92 53 52 29 84 
93 17 64 73 65 39 74 
50 26 57  2 67 68 66 
77 78 42 55 26 57 49 
 0 58 68 15 69 32 
62 61 89 63 53 47 29 
47 40 63 36 52 
59 22 94 75 43 23 
60 26 50 78 39 79 
42 89 57 58  6  7 
50 49 68 58 42 56 
51  0 68 57 56  7 
43 20 28 22 61 54 62 
16 33 26 17 55 39 
89 31 22 59 62 52 
61 59 28 63 52 
72 36 28 62 53 52 
93 92 48 40 65 41 
76 83 73 48 64 41 
49 26  2 33 34 35 
32 68 49  2 24 
51 58 32 57 49 67 
15 70 46 32 51 
27 15 69 81 46 
81 11 38 72  5 
63 36 28 71 38  5 
23 76 65 48 74 
79 39 73 48 23 
95 21 76 23 82 94 54 
23 75 73 65 83 82 
78 50 42 31 22 23 
77 23 50 55 79 
55 78 39 23 74 
18 19 85 86 10 37 98 
27 11 70 71 38 46 
85 83 86 21 76 75 
65 76 85 41 82 
29 47 13 92 93 17 
80 19 86 41 83 82 
85 80 37 21 82 
 8 12 34 88  4 
30 33 34 87  4 
61 31 42 56 52 29  6 
25 46 45 44 91 
46 20 90 43 45 
93 64 40 47 84 
17 48 64 92 84 
95 75 43 54 
21 75 94 43 45 
 8 97 27 15  3 
96  8  3  4 
10 80 99 37 14 
14 35 12 10 34 98 
