15 51 58  7  3 
18 10 12  8 27 11 
24 66 49 26 34 35 
 9  7  4 93 15  0 
86 85 30  9  3 93  8 
41 19 36 11 69 70 18 
 9  7 29 87 56 
 9  6 56  3 58  0 
 4 85 93 12  1 27 
 6  7 29 13 30  3  4 
94 78 12 95 18  1 
69  5 79 27 18  1 
34 85 95 10  1  8 
82 29  9 16 17 30 
25 24 94 95 37 44 35 
68 97 51 93  3  0 
17 13 60 33 30 86 
16 13 82 91 60 39 48 
 5 19 11 78 10  1 
41 83  5 78 18 
28 59 43 38 89 46 
73 80 84 37 45 92 
54 59 61 31 75 23 
73 74 54 22 77 76 75 72 71 
66  2 32 25 14 35 
24 14 32 44 46 88 
49  2 60 33 34 50 55 
97 79 11 93  8  1 
20 59 38 63 70 62 
 6 87 82 13  9 47 52 
16 13  9 86  4 
87 42 61 75 22 
67 66 51 46 68 25 24 
60 26 16 34 86 
26  2 33 86 85 35 95 12 
95 14 24  2 34 
40 41  5 70 63 53 
21 45 84 78 14 94 44 
69 79 20 28 70 46 
17 60 48 55 77 72 
64 90 47 41 36 53 
64 65 81 40 83 19 36  5 
56 87 75 50 57 31 
20 59 92 98 45 99 89 
14 25 88 45 37 
37 21 88 44 92 43 89 
68 32 25 96 79 38 20 89 88 
82 90 29 40 52 53 
64 91 65 17 39 72 71 
66  2 26 67 57 50 
49 57 26 55 76 75 42 
67 32 58 68 15  0 
61 87 29 47 53 63 62 
52 47 63 40 36 
73 98 23 22 59 99 
60 26 50 76 39 77 
 6  7 87 42 57 58 
56 42 50 58 67 49 
51 67 57 56  7  0 
54 22 61 28 20 43 62 99 
17 16 39 33 26 55 
31 87 22 59 52 62 
52 61 63 59 28 
70 28 36 52 53 62 
91 90 40 41 65 48 
81 74 41 64 48 71 
24  2 32 49 67 
66 32 51 58 57 49 
46 32 51 15 97 96 
79 38 11  5 70 
63 28 38 69 36  5 
48 65 72 74 23 
48 39 77 23 71 
80 74 54 98 23 21 92 
73 80 81 65 23 71 
31 22 23 76 50 42 
55 50 23 77 75 
23 76 55 39 72 
83 19 84 37 94 10 18 
69 38 97 96 27 11 46 
73 74 81 83 84 21 
80 74 65 83 41 
91 90 29 13 47 17 
81 80 84 41 19 78 
83 80 21 37 78 
34 86  4 12  8 
33 16 30 34 85  4 
 6 29 56 42 31 61 52 
89 45 44 25 46 
20 43 45 46 88 
82 91 64 47 40 
82 90 64 17 48 
73 98 21 45 43 
 4  3 15 97 27  8 
14 95 37 78 10 
14 94 10 35 34 12 
97 79 68 46 
15 68 93 96 79 27 
54 73 92 43 99 
54 59 98 43 
