55  7 48  3 15 
18 10 26 11 12  8 
46 63 25 23 34 33 
 9  4  7 88  0 15 
 9  3 88  8 80 81 29 
39 19 35 18 11 66 67 
53  7  9 82 28 
53 55  3  9  0  6 
12  1 88  4 80 26 
 3  4  7 29 13  6 28 
18  1 74 89 12 
66 95 26  5 18  1 
 1 10  8 80 33 89 
17 77 16  9 29 28 
34 23 24 36 89 42 
 0 48 65 91 88  3 
17 57 32 81 13 29 
13 77 86 16 57 37 
10  1  5 19 74 11 
 5 39 78 18 74 
66 94 44 67 27 41 84 
70 75 79 36 87 43 
58 30 56 72 96 51 
24 14 34 31 63  2 
44 83 31 23 14 42 
47 52 46 57 32 33  2 
91 95 11  1 88  8 
67 20 41 60 56 59 
 9 13  6 77 45 49 82 
 9 13  4 16 81 
40 82 58 72 22 
64 63 48 24 44 23 65 
33 81 16 57 25 
32 81 80 12 89 34 25  2 
89 33 14 23  2 
39 38  5 50 67 60 
74 89 79 21 14 43 42 
86 69 17 57 98 52 
61 85 39 35 50 45 
 5 19 61 38 76 35 78 
82 30 53 54 47 72 
43 87 93 56 27 20 84 
24 83 14 43 36 
84 41 87 83 21 36 42 
31 65 90 94 24 83 20 84 
49 50 77 85 38 28 
47 54 25 64 63  2 
73 72 52 46 54 25 40 
64 31 55  0 65 15 
45 50 58 82 28 60 59 
35 38 49 45 60 
96 22 70 92 97 93 56 
47 73 98 37 57 25 
55  7  6 82 40 54 
53 55 40 64 47 46 
48 64 53  7  0 54 
41 93 27 58 59 22 51 
17 16 32 37 52 25 
82 30 49 59 56 22 
58 49 60 56 27 
50 35 67 49 27 59 
38 85 62 76 39 86 
76 71 61 68 69 86 
64 46 23 31  2 
63 31 48 55 46 54 
44 31 90 48 91 15 
95 94 20 11  5 67 
20 66 35  5 60 27 
62 71 69 97 96 99 
68 62 86 99 98 37 
75 71 51 92 97 21 87 
76 62 75 68 70 97 
96 22 73 47 30 40 
72 96 99 47 52 98 
78 19 36 89 10 18 79 
76 71 78 70 21 79 
62 71 61 75 39 78 
86 85 13 17 45 28 
75 76 39 19 74 79 
78 75 21 74 36 
 8 12 33 81  4 
33 32 80  4 16 29 
 6 53 40 30 58 49 28 
44 24 84 43 42 
41 20 44 83 43 
61 38 86 77 45 
61 85 62 69 77 17 37 
70 92 21 93 41 43 
 3  4  8 26 91 15 
74 36 10 34 33 14 12 
95 94 44 65 91 
90 95 26 88 65 15 
51 93 70 87 
41 56 87 51 92 
66 95 90 44 20 
66 94 90 91 26 11 
51 22 72 97 68 99 73 
68 71 96 70 51 
73 52 99 69 37 
68 96 69 73 98 
