15  3 47 53  7 
11 18 10 12  8 26 
25 33 34 45 61 23 
 4 86 15  9  0  7 
 8 86  3 78 79  9 29 
11 18 64 65 19 39 35 
51 80 28  9  7 
 0  3  9  6 51 53 
 4 86 12 78  1 26 
 3  4 28  6 29  7 13 
18 72  1 12 87 
 5 18  1 64 93 26 
87 10 78  8 33  1 
29  9 28 75 17 16 
36 42 87 34 23 24 
 3 86  0 47 63 89 
32 79 55 17 29 13 
16 55 37 84 75 13 
72 10 11  5  1 19 
 5 18 39 76 72 
41 27 92 44 82 65 64 
68 85 36 42 77 43 73 
54 90 95 70 30 56 94 
34 14 24 61  2 31 
31 23 14 42 81 44 
46 50 55 32 33  2 45 
 1 11  8 86 89 93 
20 41 54 65 57 58 
75 99 48  6 80  9 13 
 9  4 16 79 13 
40 80 70 22 56 
62 61 47 24 44 63 23 
16 79 55 25 33 
25 32  2 78 12 87 79 34 
33 87  2 14 23 
49 38 65  5 39 58 
72 77 87 14 42 21 
96 50 55 17 84 67 
59 83 98 39 49 35 
59 38 74 76 19  5 35 
30 80 51 70 52 46 
20 27 54 82 43 85 91 
14 36 24 81 43 21 
41 82 85 81 42 21 
20 92 82 24 81 31 63 88 
25  2 61 46 52 62 
40 70 71 50 25 52 45 
62 53 31  0 15 63 
28 99 80 56 49 57 58 
98 99 48 38 35 58 
46 71 25 96 37 55 
40 80  6 52 53  7 
51 53 40 46 45 62 
51 52 62 47  0  7 
90 22 41 27 91 56 57 
16 32 37 50 17 25 
30 80 48 54 22 57 
56 48 54 27 58 
49 48 57 35 65 27 
38 83 74 60 84 39 
69 66 74 59 84 67 
31 62 45  2 23 
45 61 52 53 47 31 
31 47 15 44 88 89 
11  5 65 93 92 20 
20 27 64  5 35 58 
97 94 95 69 60 67 
97 66 96 60 37 84 
69 95 21 85 90 73 
60 66 95 74 68 73 
40 30 46 71 94 22 
46 70 94 97 50 96 
18 10 77 76 36 87 19 
21 77 68 69 74 76 
69 60 59 39 76 73 
98 83 99 84 17 28 13 
77 72 39 74 19 73 
72 76 36 21 73 
12  8  4 79 33 
32 16  4 78 33 29 
30 40 51  6 28 48 56 
42 43 24 82 44 
20 44 41 43 81 
59 38 98 75 84 
59 83 60 37 17 75 67 
91 41 43 21 68 90 
 8  4  3 15 26 89 
12 10 72 36 33 14 34 
92 44 63 89 93 
63 15 88 86 26 93 
68 85 91 95 22 54 
54 90 41 85 
20 44 64 93 88 
64 11 92 26 89 88 
97 66 95 71 70 22 
94 66 69 22 68 90 
37 50 71 97 67 
94 66 71 96 67 
38 83 75 99 49 
75 98 28 48 49 
