 3  7 14 44 50 
10 94  8 24 11 17 
42 57 21 23 31 30 
 9  7  0  4 80 14 
 9 26  8 80 74  3 73 
60 11 36 32 61 17 
91 12  9  7 48 75 45 
 9  6  3  0 50 48 
24 80  1 94  4 73 
26 12  6  7  4  3 
68 33 31 95 94  1 17 
24  1 17 60  5 85 
26 15 16 70 91  6  9 
39 22 31 33 21 
 3 80  0 44 59 82 
12 26 16 52 74 29 
12 70 15 78 34 52 
71 36 68 11  1 10  5 
99 98 61 60 76 38 25 
69 72 33 39 64 79 40 
86 66 27 87 83 53 51 
 2 57 22 13 31 28 
13 39 41 28 93 92 21 
52 47 42  2 43 29 30 
 8  1 11 80 82 85 
38 18 61 54 84 51 
12 15 74  9  4 
66 20 75 37 53 
58 44 59 21 22 57 41 
52 15 74 23 30 
31  2 23 29 74 95 73 
21 13  2 33 10 30 95 
35 46 36 61  5 
68 72 10 31 13 39 19 
78 16 52 47 88 63 
32 46 36 90 77 55 
32 35 55 96 71 17  5 
48 75 49 27 66 43 
79 40 76 18 25 84 
13 22 33 92 19 40 
19 39 92 93 79 76 38 
98 81 22 93 59 28 76 
 2 57 23 43 58 49 
23 47 42 66 67 37 49 
58 28 59 14  0 50 
91  6 75 90 46 54 53 
35 32 61 90 54 45 
34 52 88 23 43 67 
75 37 49 50  7  6 
50 58 42 48 37 43 
58 44  0  7 49 48 
84 25 54 53 20 83 
34 47 16 15 23 29 
27 20 45 54 75 51 
61 46 45 25 53 51 
36 35 77 78 56 96 
78 63 55 62 65 96 97 
42  2 21 28 58 
28 44 57 50 49 42 
28 44 14 41 81 82 
61 18 99  5 11 85 
32 46 60 18 54  5 25 
86 89 63 56 65 87 
88 89 34 78 56 62 
87 83 79 65 69 19 
62 56 87 69 97 64 
86 20 67 43 27 37 
88 89 66 43 47 86 
33 72 71 10 17 
71 72 97 65 19 64 
12 16 78 77 91 90 
68 72 69 96 36 97 17 
33 68 71 69 19 
30 74 95 94  8  4 
26 15 29  4 30 73 
48 37  6 27 45 53 
40 93 98 18 41 38 
78 70 90 35 55 
16 70 34 77 63 56 55 
84 83 38 64 19 40 
24  8  4  3 14 82 
41 98 99 59 82 85 
14 80 24 59 81 85 
51 20 87 84 79 64 
25 38 79 83 51 
60 11 24 99 82 81 
66 20 67 89 62 87 
62 65 86 20 83 64 
34 47 67 89 63 
88 67 86 63 62 
77 70 91 35 46 45 
12 70  6 90 45 
22 39 93 40 
22 41 92 40 76 
 8  1 10 95 73 
10 94 31 30 73 
55 36 71 56 97 
69 71 96 65 56 
41 81 99 18 76 
98 18 81 60 85 
