48  7 42  3 98 99 
11 16 23  8 92 10 
22 29 40 30 55 20 
 9  7  0  4 78 99 
 3 78  8  9 25 71 72 
59 58 31 34 11 16 
 9  7 12 46 89 43 73 
 9  6 46 48  0  3 
71 92 23 78  1  4 
25 12  6  7  3  4 
 1 92 66 16 93 30 32 
83 23 58  1 16  5 
15 68  9 25  6 14 89 
30 20 21 37 32 
25 12 15 72 50 28 
12 68 14 76 50 33 
34 69 66  1 11  5 10 
97 58 59 36 74 96 24 
37 38 77 62 67 70 32 
81 85 26 64 49 51 84 
55  2 30 13 21 27 
90 37 13 20 27 39 91 
45 41 50 28 29 40  2 
78 80 83 11  1  8 
52 59 17 49 82 36 
 9 12 14 72  4 
64 35 73 51 19 
56 42 57 39 55 21 20 
22 29 50 72 14 
71 93 72 30 22 28  2 
93 29 32 13 10  2 20 
44 75 53 34 59  5 
13 37 18 70 66 10 30 
76 15 61 86 50 
69 16 94 53 31  5 
64 41 26 46 73 47 
17 74 38 24 82 77 
90 38 18 21 13 32 
91 74 36 77 18 90 37 
79 57 27 96 91 74 21 
22 41 47 56  2 55 
35 47 45 22 65 40 64 
48 56  0 27 57 98 
89 88  6 44 73 51 52 
75 88 43 31 59 52 
22 41 50 86 65 
 6  7 73 35 48 47 
46 35 48 56 41 40 
46  7  0 56 42 47 
82 81 19 51 52 24 
14 15 45 86 22 33 28 
73 43 26 49 19 52 
43 51 44 49 59 24 
76 54 75 94 34 31 
61 60 76 53 63 94 95 
40 56  2 27 20 
48 42 27 47 40 55 
39 79 27 42 98 80 
83 97 11 17 59  5 
44 31 52 17 58  5 24 
54 61 87 84 63 85 
54 60 87 86 76 33 
63 67 85 77 81 18 
54 60 95 67 85 62 
65 84 19 26 35 41 
87 84 45 41 86 64 
69 16 70 10 32 
69 70 95 63 62 18 
75 88 12 15 76 89 
67 70 34 16 94 66 95 
69 67 66 18 32 
93 29 92 72  8  4 
14 25 71 29 28  4 
43  6 46 51 26 35 
39 91 96 36 17 38 
88 68 76 53 44 31 
15 68 61 54 53 75 33 
82 81 36 38 62 18 
23  8  4  3 99 80 
57 80 83 97 96 39 
99 98 57 79 78 23 83 
62 85 49 82 19 77 
49 81 24 36 77 
23 80 79 97 11 58 
87 60 65 64 19 85 
63 60 84 19 81 62 
87 61 50 45 65 33 
84 60 61 86 65 
75 68 43 89 44 
43 88  6 12 68 
37 38 21 91 
39 74 38 21 90 
93 71 10  1  8 
71 29 92 30 10 
54 53 34 69 95 
63 67 69 94 54 
79 97 39 74 17 
83 79 58 96 17 
 0 42 57 99 80 
 3 78  0 98 80 
