40 96 46  7 97  3 
90  8 99 10 16 11 
28 27 20 38 22 53 
 9  7  4 76 97  0 
 9  3 23 69  8 70 76 
32 29 16 11 56 57 
41 71  9 12  7 87 44 
 9  3  6 44 46  0 
69  4 76  1 90 99 
 7  3 23 12  6  4 
90 91 64 30  1 28 16 
99  1  5 16 56 81 98 
15 66  9 23  6 14 87 
21 20 28 30 35 
48 15 12 23 70 26 
12 66 48 31 74 14 
 5 32 67 64 10  1 11 
50 80 72 95 56 34 57 
68 30 65 36 35 75 60 
83 82 79 47 24 49 62 
28  2 53 25 13 21 
20 25 37 13 89 88 35 
38  2 27 26 48 43 39 
 9 12 14 70  4 
49 19 71 62 33 
40 55 54 53 21 20 37 
70 27 14 48 22 
26 70 28  2 91 22 69 
10 30 91  2 27 20 13 
32  5 51 73 42 57 
68 18 64 13 28 10 35 
15 48 74 84 59 
 5 29 51 92 16 67 
71 24 44 45 62 39 
17 80 72 75 36 
21 88 13 36 18 30 
35 18 88 75 89 72 34 
55 25 77 89 72 94 21 
22  2 53 54 45 39 
45 33 38 63 43 22 62 
96 55 46 54 25  0 
71  6 42 50 87 49 86 
41 50 73 29 57 86 
48 22 84 63 39 
 7  6 71 46 45 33 
46 44 33 39 54 38 
44  7 45 54 40  0 
50 80 79 19 49 
15 31 14 26 22 43 84 
24 19 47 71 41 50 
47 80 17 41 42 49 57 
32 29 92 73 74 52 
74 51 59 92 58 93 61 
38 54  2 20 25 
46 40 45 25 53 38 
96 40 37 77 25 78 
17 95 81 11  5 57 
17 50 42 56 29  5 
59 85 52 82 83 61 
74 31 85 58 84 52 
65 18 75 79 83 61 
52 58 93 65 60 83 
33 24 82 63 39 19 
84 43 85 39 82 62 
68 30 67 16 10 
18 68 67 93 60 61 
12 15 74 73 87 86 
32 16 92 64 68 65 93 
18 30 64 67 65 
70 27 91  4  8 90 
26 27 14 23 69  4 
41  6 49 24 44 33 
17 95 89 36 37 94 34 
51 29 74 66 42 86 
15 66 31 73 51 59 52 
36 18 34 80 79 60 
 4  3  8 97 99 98 78 
78 81 55 37 94 
76 97 98 96 55 77 81 
83 60 19 47 80 75 
47 50 79 17 75 34 
98 78 77 95 56 94 11 
63 85 19 83 58 62 
19 79 82 58 60 61 
48 31 43 59 85 63 
59 58 84 63 82 
42 41 87 73 66 
41  6 12 66 86 
89 21 36 35 
88 36 72 37 21 
 1  8 69 91 10 
10 28 27 69 90 
32 51 67 52 93 
67 92 65 52 61 
72 95 81 77 37 
72 17 56 81 94 
40 55 78 97  0 
76  3 78 96  0 
78 81 76 99 11 
 1  8 76 98 11 
