39 94  3  7 45 95 
 8 97 88 10 11 16 
26 27 20 51 21 37 
 0  7  9  4 74 95 
 8 67 74  3  9 22 68 
11 54 16 55 28 31 
 9  7 12 85 40 69 43 
 0  3  9 45  6 43 
88  1 67  4 74 97 
 3  7 12 22  4  6 
27 89 88  1 62 29 16 
97  1 96 79 54  5 16 
85 64  9 22  6 14 15 
20 27 29 34 86 
12 22 68 25 47 15 
72 64 30 12 14 47 
11  1 10 62 65  5 31 
33 78 48 54 93 70 55 
66 34 63 35 73 58 
77 81 80 60 23 98 46 
27 13  2 51 24 86 
25 26  2 47 42 38 37 
12  9  4 68 14 
69 98 32 60 19 
86 36 39 52 20 53 51 
68 26 14 47 21 
89 27 67 68 25  2 21 
29 10 13 20 26 89  2 
71 41 49 55  5 31 
62 66 34 13 10 27 
82 57 72 47 15 
16 65  5 90 28 49 
38 44 60 69 23 43 
35 73 78 17 70 
66 18 35 29 13 86 
18 34 86 73 33 70 87 
53 75 24 86 92 70 87 
51  2 21 38 52 44 
61 42 60 32 44 21 37 
52 24 94  0 45 53 
 6 85 84 41 69 99 48 
84 71 28 40 48 55 
38 61 82 47 21 
69 32 44 45  7  6 
52 45 37 32 38 43 
52 44  0  7 39 43 
48 99 78 98 19 77 
14 25 82 30 42 15 21 
40 41 99 78 17 46 55 
28 71 50 90 72 31 
57 72 90 91 59 56 49 
 2 20 24 52 37 
39 24 45 44 37 51 
36 75 94 39 24 76 
93 79 11  5 17 55 
54 17 48 41 28  5 
83 80 57 81 59 50 
82 30 72 83 56 50 
59 81 18 73 63 77 
63 91 81 56 50 58 
61 38 32 80 19 23 
38 42 82 60 80 83 
66 65 29 10 16 
91 65 66 59 18 58 
72 71 84 85 12 15 
91 63 90 66 62 16 31 
63 65 62 18 34 29 
 8 88  4 89 26 68 
 4 67 22 26 25 14 
40  6 99 98 23 32 43 
35 33 92 36 93 17 87 
72 64 84 41 28 49 
71 64 57 30 50 49 15 
77 58 35 33 18 78 
 8  4  3 76 96 97 95 
79 76 53 36 92 
96 74 53 75 94 79 95 
73 58 81 19 78 46 
33 17 73 77 48 46 
76 75 96 11 93 54 92 
60 61 19 83 56 81 
80 56 77 19 59 58 
61 42 57 30 83 47 
82 61 80 56 57 
71 41 85 64 40 
84 64 12  6 40 
36 87 24 20 13 34 35 
35 86 36 70 
 1 10  8 67 89 
26 27 10 88 67 
91 65 50 49 31 
63 65 90 59 50 
36 75 79 93 70 
54 79 17 92 70 
39  0 53 76 95 
76 74 94  3  0 
76 79 74 97 11 
 8  1 74 96 11 
69 99 23 19 46 
69 98 40 48 46 
