 3 91  7 44 38 
11 16 93 10 85  8 
27 26 50 36 21 20 
 4  9  7  0 91 71 
65 96 22  9  3 71  8 
11 16 30 52 28 53 
39 66 12  9 82  7 42 
 6  9  3 42 44  0 
 4 65 71 85 93  1 
 4 22 12  6  7  3 
86 85  1 16 60 13 27 
93 92  1 16  5 52 76 
15 14 22 62  9  6 82 
83 33 64 20 60 10 27 
25 46 97 96 15 22 12 
14 46 69 62 12 29 
30 63  1 11 10  5 60 
75 32 67 90 47 53 52 
34 70 33 64 61 56 
77 78 58 74 23 94 45 
83 24 50 13 27  2 
36  2 37 41 46 25 26 
14 96  4  9 12 
58 19 94 66 31 
50 51 38 98 20 83 35 
14 46 97 26 21 
65 86 97 25 27  2 21 
13 10 86  2 26 20 
30 48 68 40 53  5 
79 55 69 15 46 
48 87 63 16 28  5 
23 58 66 37 43 42 
34 70 75 67 17 
18 34 83 13 64 84 
70 18 32 33 67 84 
24 83 89 67 72 84 98 
43 51 37 50  2 21 
43 31 59 41 58 36 21 
24 51 98 99 91 44  0 
81 40 47  6 66 95 82 
47 53 81 68 28 39 
37 59 21 46 79 
 6 66  7 44 31 43 
44 51 36 37 31 42 
43 51 38  7 42  0 
74 75 47 94 19 95 
14 25 15 21 41 79 29 
40 53 17 75 45 39 95 
30 87 69 68 28 49 
57 54 55 48 87 69 88 
36 51  2 24 20 
50 24 38 44 43 36 
17 53 90  5 11 76 
47 40 17 52 28  5 
78 77 57 55 80 49 
80 54 49 69 79 29 
57 78 18 70 61 74 
78 54 56 61 49 88 
31 37 59 77 19 23 
37 41 58 77 80 79 
64 63 16 10 13 
64 63 18 56 57 88 
69 68 81 15 12 82 
30 87 16 64 61 60 88 
63 61 13 33 18 60 
86 26 97 96 85  4  8 
94 23  6 39 31 95 42 
34 32 17 90 89 35 84 
69 62 48 81 40 28 
68 62 48 15 49 55 29 
34 18 32 56 75 74 
 3  4 92 73 91 93  8 
76 73 89 35 99 98 
99 91 72 76 92 71 
75 70 19 78 56 45 
70 32 17 47 74 45 
52 90 11 92 73 72 89 
78 54 59 58 19 80 
54 77 57 19 74 56 
80 55 46 41 59 29 
55 54 77 59 79 
68 62 40 39 82 
39 81  6 12 62 
24 35 13 33 84 20 
35 83 33 34 67 
86 10 65  1  8 
65 26 27 10 85 
30 48 63 49 88 
49 87 57 61 63 
67 90 76 72 35 
67 17 52 76 89 
38 99 73  3  0 71 
11 93 76 73 71 
11 92  1  8 71 
23 19 66 45 95 
39 47 45 94 66 
65 97 14 22  4 
65 96 26 25 14 
38 24 99 72 35 
38 91 98 73 72 
