 9 15 10 89  7 82 
19 26 48 25 35 20 
 6  8  3 68 87 98 
 2 68 21 92  8  7 62 
51 27 29 15 50 10 
11  8  6 79 37 63 40 
 2  8  5 40 42 98 
89 68  0  3 82 62 
11  5 21  6  2  3 
26 82 12 57 15  0 
73 88 89 50  4 15  0 
 5  8 21 13 79 59 14 
26 19  9 32 61 57 80 
21 92 11 14 93 24 44 
11 59 13 66 28 44 
29  4 60 57  9 10  0 
31 72 64 86 50 51 45 
53 67 33 58 32 61 
55 74 22 43 71 90 75 
 1 26 48 23 12 80 
44 39 24 35  1 25 96 
92 13 11  8  3 
55 30 63 90 18 
80 34 94 19 48 36 49 
93 13 44 25 20 
93 24 62  1 26 82 20 
82  9 19  1 25 12 
51  4 46 65 38 29 
76 52 66 14 44 
15  4 60 27 46 83 
22 55 97 63 41 40 
72 67 16 64 33 
12 61 33 81 80 17 
17 67 31 64 81 32 
80 81 64 85 69 23 94 
49 48  1 41 96 20 
42 49 99 87 95 94 23 
79  5 78 38 63 91 45 
78 65 37 27 51 45 
76 44 56 96 20 
63 30  6 42  5 41 
97 30 42 49 96 40 35 
36 49 99 41  6 40 98 
72 71 90 91 18 45 
24 13 14 28 76 39 20 
37 91 38 43 72 16 51 
66 47 65 27 29 83 
66 52 46 54 84 83 
23 49  1 19 35 
36 42 41 35 48 23 
73 86 51  4 16 10 
27  4 38 50 16 45 
76 77 28 66 47 54 
54 75 58 17 67 71 
52 47 77 75 53 58 84 
22 18 74 30 97 56 
55 74 76 39 97 77 96 
12 61  9 60 15 
60 61 54 53 17 84 
79 11 66 65 14 78 
58 61 29 15 57 84 83 
32 12 60 58 57 17 
 3 92  7 93 82 25 
22 30 90 37  5 91 40 
16 86 31 34 81 85 33 
66 59 46 78 38 27 
65 59 52 47 28 14 46 
71 72 31 53 17 33 
89  7 88 70  3  2 87 
70 95 73 85 34 94 
88 73 68 69 95 87 
72 67 43 53 18 75 
71 67 31 43 16 45 
70 88 69 50 86 10 85 
55 18 56 77 75 
74 77 18 54 53 71 
52 77 28 44 39 56 
52 76 56 74 75 54 
65 59 79 38 37 
11 59  5 37 78 
23 19 32 81 34 12 
34 80 64 33 32 
 0  9  7 26 62 25 
46 47 84 29 60 
58 60 54 47 83 
64 86 73 69 34 
64 16 50 73 85 
70 95 36 99  2 68 98 
89 68 70 73 10 
88 68 10  7  0 
43 91 63 22 18 
43 90 63 37 45 
21 13  3 93 62 
92 13 24 62 25 
36 95 69 34 23 
69 70 87 36 94 
41 97 56 39 35 20 
96 41 30 55 56 
87  2 99  6 42 
36 42 87 98 
