 9 81 15  7 10 88 
26 19 25 98 35 20 
67  3  8 96 86  6 
21  8 61  7 91 67  2 
29 27 50 49 15 10 
 6  8 37 78 62 40 11 
42 40 96  5  8  2 
81 61  3  0 88 67 
 3 21 11  5  6  2 
 0 81 26 15 56 12 
49  4 15  0 72 88 87 
14 58 78 21  8 13  5 
 9 56 26 60 32 79 19 
44 14 21 91 11 24 
65 58 28 44 11 13 
29  4  9 56  0 10 59 
49 85 50 63 31 71 45 
57 52 66 33 32 60 
22 54 43 89 70 73 74 
 1 26 79 23 12 99 98 
24 44 39  1 25 35 94 
 3  8 91 11 13 
18 54 89 30 62 
79 34 19 99 48 36 92 
25 91 13 44 20 
81 26 61 91  1 24 20 
81 25  1 19  9 12 
29  4 46 64 50 38 
75 51 65 14 44 
 4 27 46 15 82 59 
40 41 22 54 62 95 
63 16 33 71 66 
33 17 80 60 12 79 
32 80 63 31 66 17 
79 23 80 92 68 84 63 
41 48 99 98  1 94 20 
86 97 23 48 42 93 92 
38 77 78 45 90 62  5 
50 27 64 77 37 45 
75 55 44 94 20 
30 41 42  6 62  5 
35 48 40 30 42 94 95 
48 41 40  6 96 97 36 
18 89 70 71 45 90 
75 28 14 13 24 39 20 
37 38 71 43 16 50 90 
29 27 64 65 47 82 
51 53 83 65 46 82 
35 41 42 99 23 36 
16 85 50  4 10 72 
16 49  4 27 38 45 
47 53 76 75 28 65 
57 17 66 74 53 70 
76 74 47 51 52 57 83 
30 95 55 73 18 22 
73 76 54 95 75 39 94 
 9 15 59 60 12 
52 17 53 83 59 60 
64 77 65 14 78 11 
83 57 82 29 15 56 60 
32 17 57 59 56 12 
25 91 81  7  3 
22 89 30 40 90 37  5 
34 80 84 85 16 31 33 
77 58 46 27 65 38 
51 47 28 64 58 14 46 
70 52 33 31 71 17 
69 87 88  7  3 86  2 
34 84 69 93 92 72 
67 87 86 93 68 72 
18 43 71 66 52 74 
70 43 31 16 66 45 
10 49 85 68 69 84 87 
74 18 76 55 54 
76 53 73 18 52 70 
51 76 28 55 44 39 
74 53 51 73 55 75 
64 58 38 78 37 
77 58 37 11  5 
12 32 80 34 23 19 
34 79 32 63 33 
26 25 61  7  9  0 
46 29 47 83 59 
47 53 57 82 59 
68 34 63 85 72 
16 49 84 63 72 
96 97 36 69 67 93  2 
72 10 88 69 67 
 7  0 10 67 87 
43 18 22 62 90 
45 37 62 89 43 
61 25  3 21 13 24 
36 23 93 34 68 
36 86 69 68 92 
55 95 39 41 35 20 
41 30 54 55 94 
86 97 42  6  2 
86 96 42 36 
35  1 99 19 
35 48 23 19 98 
