84 10  7 77  9 15 
33 20 25 77 19 95 
 6  8 92  3 63 82 
21 87  2 63  8 96  7 
26 47 46 10 15 28 
11  8  6 35 58 38 74 
 5  8  2 92 40 38 
84 63  3 96  0 97 77 
21 11  5  6  2  3 
12 77 53  0 15 
46  4 68  0 84 15 83 
21  8  5 74 55 13 14 
98 57  9 77 75 53 19 
21 11 42 24 87 14 
42 27 13 61 55 11 
53 56  4 10  0  9 28 
67 30 46 47 81 43 59 
31 99 57 54 49 62 
69 51 22 70 66 85 41 
77 12  1 95 75 
33 90 37 24 25  1 42 
11  8  3 87 13 
18 51 29 58 85 
34 88 94 95 32 75 
25 87 20 42 13 
24 87 20  1 77 97 96 
 4 47 36 60 44 28 
61 48 71 42 14 
56 78 15  4 26 44 
22 51 58 91 38 40 39 
67 62 31 16 59 
99 17 62 30 59 76 
88 23 75 64 76 59 80 
20 90  1 95 94 39 
23 88 89 94 93 40 39 
36 43 73 86 58  5 74 
43 47 26 60 35 73 
52 90 20 71 42 
 6 40 29 58  5 
94 33 34 90 91 40 29 
92  6 38 29 34 93 39 
85 86 67 43 66 18 
37 20 24 71 27 13 14 
36 47 16 67 35 86 41 
26 60 61 45 78 28 
79 78 44 61 48 50 
 4 10 47 16 81 68 
43 36 26  4 46 16 
45 61 72 50 27 71 
54 50 70 66 62 17 
72 48 45 79 54 49 70 
18 69 52 22 29 91 
37 90 69 72 51 71 91 
56 57 12  9 15 
56 57 79 50 49 17 
61 60 73 74 11 14 
79 78 53 57 54 15 28 
99 98 12 53 56 54 17 
22 29 35 86  5 38 85 
16 30 81 31 76 32 80 
61 55 26 36 44 73 
60 55 44 45 48 27 14 
17 49 67 30 31 66 
 3  2 82 65 83 84  7 
88 89 32 65 68 80 
64 89 82 83 63 68 
70 18 67 62 49 41 
30 62 16 43 66 41 
46 10 81 83 65 64 80 
72 52 51 18 70 
66 49 69 72 18 50 
72 52 37 48 27 42 
50 48 69 52 71 70 
60 55 36 35 74 
 5 11 73 55 35 
32 76 99 98 12 23 95 19 
59 31 32 99 75 
12 19  1 25  9 97  0  7 
79 56 45 44 28 
56 78 45 50 54 
68 81 64 59 32 
16 46 68 59 80 
92  2 63 93 89 65 
84 10 68 63 65 
63  7  0 10 83 
22 18 58 86 41 
35 58 43 85 41 
25 24 21  3 13 96 
64 89 34 23 32 
64 88 34 93 82 65 
20 33 52 37 39 91 
29 51 52 90 39 
 6 40  2 93 82 
34 89 40 92 82 
95 33 39 34 23 
94 33  1 19 75 23 
25 87 97  3  7 
77 25 96  7 
99 75 57 12 
75 76 98 57 31 17 
