 7 70 76 13  9 
17 70 22 18 87 29 
 6  8  3 84 74 56 
88  7  8 79 56  2 
25 23 43 42 75 76 13 
31 52 34  6  8 94 67 
36 34 84  2  8  5 
 0 70 89 76 88  3 56 
11 79  3 94  6  2  5 
13  0 49 70 10 
17 70 68 90 92 49  9 
21 38 79  8 12 94 95 
11 38 24 97 51 95 
 4 25 98  0 76 49  9 
60 27 43 39 53 73 42 
50 93 91 28 55 90 45 92 
63 62 59 47 19 37 77 
10 68  1 70 87 
21 38 22  1 82 33 29 
26 52 47 16 77 
87 68 86 30 80 69 
11 38 79 18 22 
 1 70 89 18 21 88 79 
32 54 40 25 43  4 
44 97 12 38 64 
40 23 71  4 98 13 
35 83 36 34 52 19 47 
28 53 55 60 14 
27 53 15 55 69 91 
18  1 82 87 86 35 
35 36 86 20 80 85 81 
32 39 66  5 52 67 78 
54 23 43 39 66 31 
64 48 82 18 38 
36  6 26 52  5 
86 29 82 83 26 36 30 
 6 34 26 35 84 30 85 
60 59 16 39 78 77 
11 21 18 12 24 64 33 
32 43 31 14 60 37 78 
54 23 96 71 41 25 
72 71 96 44 40 46 
61 73 75 43  4 14 
32 39 23  4 42 14 
96 41 97 24 46 64 65 
46 63 50 15 55 59 
50 72 41 44 65 63 45 
26 83 19 16 62 48 
47 62 65 64 33 82 83 
13 98 92 10 93 99  9 
15 93 99 72 46 45 
96 54 97 66 12 95 67 
26 34 19  5 31 78 77 
57 73 28 27 69 14 
32 23 96 51 40 66 
15 45 59 28 27 60 
76  7 58 74  3  2 75 
53 73 61 58 69 80 81 
56 74 75 61 57 81 
45 55 63 60 16 37 
27 55 59 14 39 37 
42 73 57 58 75 
16 63 47 48 65 
62 16 65 46 45 59 
24 44 38 65 48 33 
46 44 64 62 63 48 
54 51 32 31 67 
95 94  5 66 51 31 
17 10 69 20 91 90 87 
53 57 28 91 68 20 80 
 7  0  9 10 89 17  1 22 
72 41 40 25 99 98 
71 41 99 50 46 
57 53 42 61 14 
58 56  2 84 85 81 
56 76 58 61 42  4 
 0  7 56 75  4 13 
37 16 78 19 52 
31 39 37 52 77 
21 11  8 22 88  3 
30 20 69 57 81 
85 74 58 30 80 57 
33 48 18 83 35 29 
47 26 35 82 48 
 6 36  2 74 85 
84 36 30 74 81 
20 30 35 87 29 
17  1 68 20 86 29 
89  7 22 79  3 
 7 70 88 22 
91 15 68 10 92 
15 28 69 68 90 
15 93 90 10 49 
50 15 99 92 49 
 8 11 95  5 67 
12 11 94 51 67 
44 41 97 54 51 40 
44 96 51 24 12 
25 71 99 13 49 
71 72 50 93 98 49 
