 8 69  6 12 75 
 2 55  7  5 83 73 
55  6 78  7  1 86 
42 22 41 24 12 75 74 
 5  7 30 51 66 92 33 
 4  7  1 83 33 35 
 0 69  2 55 75 86 87 
78 10  2  4  5  1 92 
 9 69  0 12 48 
 8 69 88 67 16 90 48 
78  7 37 11 93 20 92 
95 50 23 10 37 93 
 0  8 24 96  3 48 75 
42 38 41 59 26 72 
49 91 89 27 88 44 54 90 
18 76 36 58 46 61 62 
 9 69 67 28 99 98 21 
37 20 32 81 28 21 
76 15 51 46 25 
29 79 67 98 68 85 
78 10 37 17 86 21 
20 86 87 17 28 16 69 
53 39 31  3 42 24 
95 11 37 43 63 
70 96  3 22 39 12 
18 51 34 82 46 33 35 
59 13 54 72 52 27 
54 14 89 52 26 68 
16 99 81 17 34 21 85 
80 84 79 19 85 34 35 
77 51  4 66 31 38 65 
53 22 42 38 30 65 
37 17 63 81 47 
25 51  4  5 35 
25 82 81 28 85 29 35 
83  5 33 84 25 34 29 
77 38 76 58 15 59 
10 11 23 20 17 32 63 
42 13 31 36 77 30 59 
53 22 94 40 70 24 
39 94 45 71 43 70 
42  3 13 72 74 60 
 3 22 31 13 38 41 
23 95 94 40 45 64 63 
58 62 45 49 14 54 
49 71 64 62 40 43 44 
18 15 61 25 82 47 
61 46 82 63 32 81 64 
12  8 96  9 90 97 91 
14 91 45 71 44 97 
11 95 94 53 93 66 65 
76 18 77 30  4 25 33 
56 68 72 26 27 
39 22 94 50 31 65 
58 44 14 59 26 27 
 2  6 75  1 74 57 73 
68 79 52 72 80 57 60 
74 55 80 56 73 60 
54 44 36 15 59 62 
13 38 36 26 58 54 
74 57 56 72 41 
46 15 64 62 47 
45 64 15 58 44 61 
37 23 32 43 64 47 
45 62 43 61 63 47 
31 53 50 66 30 
93 50 30  4 65 92 
98 19 88  9 89 68 16 
19 79 56 52 27 89 67 
 6  0  8  9 16 87 21 
71 40 39 97 96 24 
45 49 40 70 97 
56 52 41 13 26 60 
80 84 57 83  1 55 
55 57 75 41  3 60 
 0  6 55 12  3 74 
18 15 51 77 36 
76 51 36 38 30 
10  7  2 86 20 
80 29 68 56 19 
29 84 79 56 57 73 
32 17 28 34 82 47 
25 34 46 81 47 
 1  5 73 84 35 
29 80 73 83 35 
19 29 98 99 34 28 
 2  6 78 20 87 21 
 6 69 86 21 
89 14 67  9 90 
14 27 88 67 68 
14 91 88  9 48 
49 14 90 97 48 
 4 66 93  7 10 
10 11 50 66 92 
39 40 53 95 50 43 
11 50 94 23 43 
70 97 24 12 48 
49 71 70 96 91 48 
16 99 67 19 85 
28 16 98 85 
