12  8 67  6 73 
 7  2 53  5 71 81 
84 76  7  1 53  6 
12 24 22 41 73 72 40 
 7 90 64 30  5 33 50 
 4  7 33  1 34 81 
53 73 84  2 85 67  0 
 2 76  4 90  1 10  5 
 9 47 12  0 67 
 8 47 67 88 86 65 16 
36 11 91 20 76 90  7 
92 49 23 91 36 10 
93 24 47  8  0  3 73 
37 41 57 70 26 40 
52 43 27 87 86 88 89 48 
35 74 56 60 59 18 45 
21 28 67  9 65 95 
21 28 79 20 36 32 
15 74 50 25 45 
29 83 77 95 66 65 
84 21 17 76 36 10 
16 28 17 67 20 84 85 
31 41 96  3 24 38 
11 92 36 61 42 
93 12  3 22 68 38 
99 80 33 34 50 18 45 
27 52 57 70 13 51 
87 66 26 52 14 51 
21 16 17 79 98 83 95 
83 19 77 34 82 99 78 
31 63 64  4 37 50 75 
22 41 30 63 96 37 
79 17 36 61 46 
 5  4 34 50 25 
29 82 99  5 33 25 81 
15 74 56 57 37 75 
23 61 11 20 17 32 10 
30 31 41 13 57 35 75 
22 24 68 96 97 39 92 
42 44 92 38 68 69 
72  3 58 41 70 13 
31 22 37 13  3 40 
23 92 62 44 61 39 
56 52 60 44 14 48 
60 43 62 42 48 39 69 
46 80 59 25 18 15 
79 80 45 59 32 61 62 
12 93  9  8 88 89 94 
14 43 89 44 94 69 
11 92 91 97 63 64 
30  4 33 18 74 75 25 
27 66 54 70 26 
56 57 26 27 14 43 
72 73  1  2  6 55 71 
77 66 78 51 70 58 55 
72 53 58 71 78 54 
60 15 35 57 52 43 
56 52 35 37 13 26 
54 70 40 72 55 
46 45 15 60 62 
56 43 44 15 59 62 
23 36 32 46 62 42 
46 61 59 60 44 42 
97 49 31 30 96 64 
30 63  4 49 91 90 
 9 16 95 86 19 87 66 
54 77 87 27 65 51 19 
16 21  9  8 85  6  0 
93 24 38 39 94 69 
39 68 94 48 44 
26 13 54 51 58 40 
 1 53 55 78 82 81 
73  3 53 40 58 55 
 3 12 72  0 53  6 
35 15 18 50 75 
37 30 50 74 35 
 2 84  7 20 10 
29 19 78 66 54 
29 82 77 71 55 54 
17 28 46 80 98 32 
99 25 46 79 45 98 
 5  1 71 82 34 
34 29 78 71 81 
98 99 28 29 95 19 
 2 76 20 21  6 85 
 6 84 67 21 
88  9 14 87 65 
27 66 14 86 65 
 9 47 89 86 14 
88 47 14 48 94 
 4  7 91 64 10 
11 49 64 90 10 
11 49 23 97 42 39 38 
12 24 47 68 94 
68 93 48 89 47 69 
65 16 28 83 19 
22 31 63 97 38 
92 49 63 96 38 
99 80 79 83 28 
29 34 83 25 80 98 
