64  5 70 11  7 
73 81  5  6 50 96 97 
39 69 23 21 40 11 70 
 4 32 61 87 29  6 48 
33 78 32  3  6 97 
 0 70 64  1 81 82 50 
 1 73  3 87  4  9 97 
 0 11 46 64  8 
 7 46 85 83 62 15 64 
88 87  6 73 10 35 19 
22 47 88  9 35 
 2 23 70  0 89 46  7 
25 67 39 40 54 36 
83 84 26 98 42 86 85 
71 34 17 44 53 57 56 
91 62 27 20 64  8 
35 31 19 20 27 76 
44 24 14 71 48 
80 91 28 62 74 63 
35  9 73 81 20 16 
15 27 64 82 81 19 16 
30 40 92 23  2 37 
10 47 93 35 58 38 41 
 2 21 11 89 65 37 
17 44 33 32 95 77 48 
67 49 26 12 54 99 
25 49 99 98 63 84 13 
91 80 15 20 94 76 16 
75 79 33 95 80 18 74 
30 36 72  3 61 60 48 
36 29 40 21 92 60 
58 35 16 76 45 
33 24  4  3 48 
79 78 28 95 32 24  4 
36 54 72 71 14 53 
 9 10 22 58 31 19 16 
34 54 30 29 40 72 12 
38 93 65 92 23 21 
93 22 65 66 43 37 41 
69 55 67 12 40  2 
36 30 21 39 12  2 
43 38 59 22 58 
53 98 57 86 66 43 13 
38 66 59 57 42 41 
17 24 14 77 45 56 
59 56 58 31 76 77 44 
89 11 90  7 85  8 
10 22 88 61 93 60 
72 29  3 32 71 17 24 
25 67 51 26 63 
68 96  1  5 52 70 69 
67 49 55 52 75 74 63 
51 55 69 75 68 50 
99 98 42 57 34 54 14 
34 36 12 25 99 53 
39 69 67 51 52 
59 57 45 14 44 
53 42 59 56 43 14 
35 22 31 45 59 41 
56 57 45 58 43 41 
30 92 61 47 29 93 
88 87 47  3 29 60 
83 84 91 18 15 63  8 
51 49 74 26 84 18 62 
 5  0 15 20  8  7 82 
38 66 90 89 23 37 
65 38 90 42 86 43 
25 49 39 55 51 12 
96 78 79 75 52 50 
39 55 52 50  2 70 
 2 69 11  0 50  5 
72 34 14 17 48 
36 29 34 71 48 
 1 81  6  9 19 
75 51 28 18 63 
51 52 28 79 74 68 
94 77 27 16 31 45 
94 95 76 45 44 24 
33 79  4 68 96 97 
28 75 33 78 68 
91 27 18 28 95 94 
73  1  5 82 20 19 
 5 64 81 20 
62 84 13 85  8 
62 83 26 63 13 
86 90 46 13 83  8 
42 66 90 13 85 
88 61  3  6  9 
10 47 61 87  9 
11 23 65 90 46 
65 66 89 86 46 85 
15 62 80 27 18 
30 21 60 93 37 
22 47 60 92 38 37 
80 27 95 77 76 
28 33 24 80 77 94 
68 78 50  1 97 
 6  4 96 78  1 
99 26 13 42 53 
26 98 25 54 53 
