55 56  1 71 85 77 31 
77 21  2 56  0 
 1 21 79 56 16 36 32 
84 83 21 13 77 66 
83 84 10 38 75  5 27 
75  4 27 88 19 18 
70 27 38 20 64 
61 43 60  9 17 50 
52 54 49 59 89 
40 49 59 60  7 17 63 
39 42 46 38  4 84 13 
29 26 73 74 90 91 99 
23 37 28 22 35 65 
45 46 84  3 10 66 
19 18 34 43 50 51 
37 23 48 58 72 47 
79  2 93 36 35 65 
 7  9 63 82 81 50 
 5 19 27 70 51 14 
18  5 14 88 33 34 
38 29 73 68 95  6 64 
83  3 76 77  1  2 32 
45 46 57 28 12 42 23 
37 12 15 22 45 58 
82 50 41 67 69 25 51 
55 80 81 31 41 24 82 
39 42 29 11 57 62 91 
38  4  5  6 70 18 
57 44 22 12 35 
38 20 39 26 11 73 
47 53 31 85 86 41 67 94 
30 85  0 55 41 25 
36  2 87 21 76 
44 36 87 88 19 34 96 97 
91 61 19 33 43 14 96 
28 44 36 12 65 16 
44 33 35 87 16  2 32 
23 12 15 48 65 92 40 
10 39  4 29 20 27  6 
10 42 38 29 26 
49  9 63 48 92 78 37 
24 67 30 31 25 
39 10 46 26 57 22 
 7 61 34 14 50 
57 28 36 33 62 35 97 
13 46 22 23 66 58 
10 42 13 45 22 
72 15 48 30 53 86 52 
37 15 47 52 49 40 
59  9  8 52 48 40 
24 82 14 43  7 17 51 
24 50 69 70 18 14 
47 48 49  8 53 54 
47 30 52 54 68 94 
53 68 74 52  8 89 
80 56  0 31 25 
80 55  1  2 79  0 
26 42 28 44 22 62 
23 45 66 72 15 
60  9 49  8 89 
59  9 61  7 90 98 89 
 7 43 60 98 91 34 
57 44 26 91 96 97 
17  9 81 80 78 40 
95 67  6 70 20 69 
92 93 35 12 37 16 
13 45  3 77 58 72 71 
95 94 30 41 64 69 24 
53 54 94 74 73 20 95 
64 67 70 24 51 
 6 27 64 69 18 51 
66 72 77 86 85  0 
58 66 15 47 71 86 
68 20 74 29 11 
68 54 73 11 90 89 
83 76  4  5 88 
21 83 32 87 75 88 
21  3 66  1 71  0 
93 92 79 80 63 40 
93 78 80 56  2 16 
79 78 63 81 56 55 25 
17 82 63 80 25 
24 25 81 17 50 
84  4  3 21 76 75 
83  4  3 10 13 
31 30 86 71  0 
47 72 71 85 30 
36 33 32 88 76 
75  5 19 87 33 76 
90 60 59  8 54 74 
74 11 98 60 89 99 
26 11 62 98 61 34 99 96 
93 78 65 37 40 
92 78 79 65 16 
68 53 67 95 30 
67 94 68 20 64 
91 62 34 33 97 
62 44 96 33 
90 60 61 91 99 
90 11 98 91 
