80  5 68 62 10 95 96 
 5 79 97 93 71 49 
38 39 67 68 20 10 22 
28 47 59 84 31  4  6 
31 32 97  6  3 76 
80  0 68 79  1 49 
84  8  4 97  3 71 
14 60 62 83 81 45 96 
84  6 34 18 85  9 71 
98 34  8 85 21 46 
68  2 22 86 95  0 
38 39 65 35 53 24 
82 25 94 41 64 83 81 
33 52 16 69 43 56 55 
19 62 26 88 60  7 
19 26 18 34 74 30 
69 47 13 43 23 
61 60 72 88 78 27 
19 15 34  8 79 71 
15 26 18 80 62 14 79 
89 36  2 39 22 29 
37 40 98 90 46  9 
20  2 10 86 36 63 
92 75 43 16 47 31 32 
94 53 48 65 11 25 
24 94 48 82 12 61 
15 19 14 88 78 91 74 
92 32 78 17 72 73 77 
70 47 29 58 35 59  3 
58 89 20 39 35 28 
34 15 74 98 99 44 
 4 32 23 47  3 
92 27  4 31 23 77 76 
52 13 53 35 70 69 
 8 18 15 98  9 30 
11 53 33 70 39 29 28 
20 89 22 37 63 90 
21 40 42 64 63 36 90 
 2 39 65 54 67 11 
 2 38 20 11 29 35 
37 21 98 99 42 57 
42 64 12 94 52 56 
37 64 40 57 41 56 
44 75 16 13 23 55 
57 99 30 74 55 43 75 
83  7 87 86 95 96 
21 90 58 59 85  9 
70 69 16 23 31 28  3 
50 65 61 24 25 
 5 68 67 51  1 93 66 
65 54 48 61 72 73 51 
50 54 73 66 67 49 
94 53 41 33 13 56 
94 52 33 35 11 24 
65 38 67 50 51 
56 13 57 43 44 
41 52 13 57 42 55 
40 99 42 44 56 55 
90 46 89 29 28 59 
85 84 28 58 46  3 
14  7 61 17 82 81 88 
50 72 48 17 60 82 25 
19 80  0 14 96  7 
37 64 36 22 86 87 
37 42 63 87 41 12 83 
38 54 50 11 48 24 
77 73 51 49 93 76 
38 54  2 68 51 49 
67  2 10  0  5 49 
70 47 16 33 13 
35 33 69 47 28 
79  1 97  8 18  6 
17 61 27 73 50 
72 27 77 66 51 50 
15 26 91 30 44 75 
23 43 92 91 44 74 
93 97  4 77 66 32 
27 32 73 66 76 
88 26 91 17 27 92 
19 18 80  5  1 71 
19 62  0 79  5 
83  7 60 82 12 
12 25 61 60 81 
12 64 87 81  7 45 
 6  8 85 59  3 
84  8 59 46  9 
10 22 63 87 95 45 
63 64 86 83 45 
14 26 78 17 60 
20 36 90 58 29 
37 36 21 89 46 58 
78 26 74 92 75 
27 32 78 23 75 91 
97  1 49 66 76 
52 53 41 12 24 25 
10 86  0 45 96 
62  7 45 95  0 
 4  6 93  1 71 76 
40 99 21  9 34 30 
40 98 30 57 44 
