93  9  4 78 94 67 61 
67  9 21 19 66 38 37 
 3  5 82 58 27 46 30 
 5  2 95 74 31 30 
 0 78 91 48 67 77 
70 95  3  2 82  7 
44 79 94 13 61 59 
70  5 82 83 17 33  8 
20 45 96 33 83  7 
93  0 84 67  1 21 
34 38 23 52 64 37 
40 92 63 81 79 80 24 
32 51 54 42 55 15 68 
61  6 18 25 86 59 
17 18 33 29 25 72 
42 12 22 46 68 
71 26 76 60 59 86 
18 14 33 70 77  7 
17 14 61 78 13 77 25 
87 28 35 21  1 38 
88 45 36  8 96 39 
19 35 62 84  9  1 
15 42 73 46 90 31 30 
52 10 64 47 24 92 
80 11 23 47 60 92 
76 86 89 13 18 14 72 
75 99 71 16 76 31 90 
57 28 58  2 34 69 46 
57 87 19 27 38 34 
97 96 43 33 14 72 
 3  2 46 22 31 
75 26 74  3 90 22 30 
51 12 69 34 52 68 
17 14 29 96  8  7 
69 32 38 28 10 27 52 
88 36 62 19 87 21 
88 20 35 62 41 63 39 
38  1 66 53 64 10 
19 28  1 34 10 37 
41 56 96 20 36 97 
11 92 51 63 41 55 
63 40 36 55 56 39 
54 12 43 15 22 73 
97 56 54 42 73 29 72 
84 85 93  6 79 81 94 
20 88  8 57 83 58 
27  2 69 15 22 68 30 
23 64 24 60 49 
65 50 66 91  4 67 
60 47 71 64 53 98 50 
66 48 65 53 98 49 
32 12 55 40 52 92 
51 32 23 10 34 92 
66 50 37 64 49 
55 56 12 42 43 
51 40 41 56 12 54 
55 41 39 97 43 54 
88 45 87 28 27 58 
27  2 82 57 83 45 
16 60 80 86 13  6 79 
59 80 24 47 49 71 16 
 0 78 94  6 13 18 
36 35 84 85 63 21 
11 40 41 36 62 85 81 
23 10 47 37 53 49 
48 50 98 99 91 74 75 
67  1 48 50 53 37 
 1  9  0  4 66 48 
32 12 15 69 46 
34 32 27 46 68 
95 91  5 77 17  7 
26 16 99 98 49 60 
29 43 73 89 14 25 
43 42 22 90 89 72 
65 91 75 95  3 31 
26 99 65 74 31 
26 90 16 86 89 25 
 4 91 70 78 17 18 
 0 61  4 18 77 
 6 44 81 11 80 59 
11 79 59 60 24 
63 85 11 79 44 
 5  2 58 83  7 
 8 45 58 82  7 
93  9 44 85 62 21 
44 84 62 63 81 
16 76 25 13 59 
57 28 19 35 88 
20 45 36 35 57 87 
76 90 73 25 72 
73 22 31 26 76 89 
65 74 48  4 95 70 77 
40 11 24 51 23 52 
 0  9 84 44 94 
44 93  6  0 61 
91 74 70  5  3 
 8 20 39 97 29 33 
39 56 96 43 29 
65 50 99 49 71 
98 65 75 26 71 
