 4 76 65  9 91 92 59 
 9 65 64 20 36 37 
80 56  5 98 29  3 99 26 
30 72 29 93  5  2 
46 65 89 76 75  0 
80  2 93 68  7  3 
43 77 92 13 59 57 
68 17  8 81 32 80  5 
81 44  7 19 94 32 
 0 65 91 82  1 20 
36 62 22 37 50 33 
39 90 61 79 77 78 23 
52 41 49 31 53 15 66 
59  6 18 84 24 57 
18 17 70 28 32 24 
21 41 98 12 66 
69 25 84 57 58 74 
 7 68 75 18 14 32 
14 17 75 76 59 13 24 
35 38 86 44  8 94 
82  9  1 60 34 85 37 
71 88 30 29 41 98 15 
23 90 45 62 10 50 
11 90 22 45 58 78 
70 87 14 74 84 13 18 
73 97 69 16 88 74 30 
 2 56 99 67 55 27 33 
55 85 37 33 26 
42 95 94 14 70 32 
21 30 98  2  3 
73 72 25 88 21 29  3 
49 12 50 33 67 66 
94 28  8 14 17  7 
37 27 10 50 31 67 26 
35 60 86 20 85 
40 38 60 34 86 61 19 
 1 64 51 62 37 10 
36  1 20 85 27 10 33 
40 35 54 95 94 19 
11 90 40 53 61 49 
53 39 35 38 54 61 
52 12 71 42 21 15 
52 54 41 95 28 71 70 
 6 77 92 91 82 83 79 
56 81  8 19 86 55 
62 47 23 58 22 
63 48 65  4 64 89 
69 58 96 48 45 62 51 
64 46 63 96 47 51 
39 90 12 31 53 50 
10 22 49 31 90 33 
36 64 62 48 47 
53 54 42 41 12 
52 54 40 39 12 49 
52 53 42 40 38 95 
86 44 56 85 27 26 
81 44 80  2 55 26 
16 58 78 84 13  6 77 
69 16 47 23 45 57 78 
 6 13 18 76  0 92 
35 34 61 83 82 20 
11 39 40 35 60 83 79 
45 47 22 36 51 10 
96 48 97 73 72 46 89 
65 46 48  1 36 51 
 4 46  0  9 64  1 
99 98 15 67 31 12 
33 31 26 99 66 
 7 17 75 89 93  5 
96 97 47 25 16 58 
14 28 42 71 87 24 
42 41 87 88 21 70 
73 63 89 93 30  3 
25 97 63 72 30 
84 16 87 88 24 25 
68 17 76  4 89 18 
75  4 18 59  0 
 6 43 79 11 78 57 
11 77 57 58 23 
61 83 11 77 43 
81  7 56  2  5 
56 44  8  7 80 
60 83  9 91 43 20 
60 61 82 43 79 
74 16 24 13 57 
20 34 55 27 86 37 
35 34 19 44 55 85 
71 88 70 74 24 
74 25 71 87 30 21 
46  4 63 72 75 68 93 
23 11 39 22 49 50 
 0  9 92 43 82 
 0 91 43  6 59 
89 72 68  5  3 
95 28 38 19  8 32 
42 28 94 54 38 
63 48 97 47 69 
96 63 73 25 69 
29  2 21 99 15 66 
98  2 26 67 66 
