 9 89 64 90  4 59 99 98 
20  9 64 63 36 37 
 5  3 29 96 26 56 78 97 
 5  2 29 30 71 91 
64 46  0 87 74 98 
 2  3 78  7 91 67 
75 57 13 59 90 43 
 8 79 32 17 78  5 67 
79 44  7 32 19 92 
 1 20 80 89  0 64 
50 33 37 36 22 51 
39 61 77 88 23 76 75 
15 65 52 41 53 49 31 
18 24 59 82 57  6 
18 17 32 28 24 69 
21 41 96 65 12 
25 68 73 58 82 57 
32  7 18 14 74 67 
13 24 59 14 17 74 98 99 
 8 44 84 35 38 92 
 1  9 80 83 34 60 37 
29 96 15 41 70 86 30 
51 45 23 88 50 10 
88 11 76 58 45 22 
85 69 18 13 14 73 82 
16 68 73 95 72 86 30 
55 56 27 33  2 97 66 
55 83 26 33 37 
69 42 32 14 93 92 
21 96  2  3 30 
86 21 29 25 72  3 71 
12 49 65 50 33 66 
 7 17  8 14 28 92 
26 27 37 50 31 66 10 
83 84 35 60 20 
84 34 60 61 40 38 19 
63 51  1 37 10 
33 27 83  1 36 20 10 
40 35 54 19 93 92 
40 61 53 11 88 49 
35 61 39 53 38 54 
21 15 12 52 70 42 
28 69 70 41 52 54 93 
90 89 80 81 75  6 77 
79  8 56 55 84 19 
58 23 47 51 22 
63 48 62 64  4 87 
68 94 48 58 45 51 
63 51 94 62 46 47 
88 39 53 12 31 50 
88 49 31 33 22 10 
63 36 48 47 45 22 10 
41 42 12 53 54 
52 12 39 40 49 54 
40 53 38 52 42 93 
56 44 27 83 84 26 
79 44 55 26  2 78 
75 76  6 82 16 13 58 
23 45 76 57 47 68 16 
13 18 90  6  0 99 
35 34 61 20 80 81 
60 35 40 39 81 77 11 
94 48 46 72 71 95 87 
51 36  1 64 48 46 
 9  0  1  4 63 46 
15 96 12 97 31 66 
33 26 31 65 97 
 7 17 74  5 91 87 
47 94 25 16 58 95 
28 42 85 24 70 14 
41 21 42 69 85 86 
72 62 30  3 91 87 
25 95 62 71 30 
16 25 85 24 86 82 
18 17 67 87  4 98 
57 76  6 11 77 43 
23 58 57 75 11 
81 61 11 75 43 
56 79  7  5  2 
 8 44  7 56 78 
20  9 60 89 81 43 
60 80 61 77 43 
73 16 57 13 24 
84 34 20 27 55 37 
83 34 35 55 44 19 
69 24 70 73 86 
85 73 25 70 21 30 
 4 74 67 91 62 71 46 
39 49 11 23 50 22 
 9  0 80 90 43 
89  0 59  6 43 
 3 71  5 67 87 
19 38 93  8 32 28 
28 42 54 38 92 
47 68 48 95 62 
25 72 94 68 62 
21 29 15 65  2 97 
65 96  2 26 66 
 4  0 74 18 99 
 0 59 98 18 
