88 57 96 87  9  4 62 
35 34 61 19  9 62 
76  5  3 54 25 95 27 94 
89 69  5  2 28 27 
96 72 85 44  0 62 
76  7  3 89  2 65 
41 88 73 57 12 55 
 8 77 76  5 16 30 65 
77  7 18 42 30 90 
19 78 87  0  1 62 
73 75 59 22 86 37 74 
63 29 14 47 51 50 39 
17 57 80 55  6 23 
16 17 23 67 30 26 
63 11 94 39 20 
24 71 80 55 56 66 
17 13 30  7 72 65 
16 13 12 57 97 23 72 
 8 42 82 33 90 36 
35 81 32 78  9 58  1 
27 28 84 94 14 68 39 
34 49 86 48 43 22 
86 21 43 10 74 56 
80 12 17 13 67 71 83 
93 70 66 28 71 15 84 
64 95 53 54  2 99 
40 67 90 30 13 91 
28  3  2 94 20 
70 24  3 69 27 84 20 
63 64 11 48 47 31 
16  7  8 13 90 26 
48 34 64 29 99 98 35 
81 82 33 58 19 
59 58 32 82 18 38 36 
21 49 48 31 35 61  1 
98 81 31 34 19  1 
91 52 38 90 18 33 
86 47 10 59 51 38 
52 51 37 59 33 36 
68 40 50 14 11 20 
68 67 26 52 50 91 39 
79 75 73  6 88 78 87 
54 77  8 18 53 82 
21 49 22 56 45 
60 46 61 85  4 62 
46 92 66 43 49 56 
61 49 92 60 45 44 
48 29 86 11 51 37 
86 21 34 47 29 31 
21 34 61 43 46 45 
11 51 52 40 39 
37 47 11 50 52 38 
40 50 51 91 38 36 
25 54 42 98 81 82 99 
77 42 76 53 25  2 
 6 73 15 80 12 74 56 
55 74 15 66 22 43 45 
12 17 88  6 97 96  0 
59 79 33 32 78 19 
79 75 58 10 37 33 38 
44 46 70 69 93 92 85 
34 49  1 46 44 62 
44 61  1  9  0  4 
64 95 29 11 14 94 
25 95 63 29 31 99 
 5  7 89 16 72 85 
93 24 45 56 92 15 
23 13 83 68 40 26 
83 67 84 40 20 39 
89  3 28 70 60 85 
93 24 28 69 60 
15 24 80 23 83 84 
17 16 97 96  4 65 85 
10 75 41  6 55 74 
55 73 10 22 56 
10 73 79 59 41 
77  7  5 54  2 
54 42  8  7 76 
58 79 41 19  9 87 
59 75 58 41 78 
15 55 12 71 23 
98 53 82 32 35 19 
81 32 53 42 18 33 
68 67 23 71 84 
71 24 28 20 68 83 
89 69 60 72  4 44 65 
48 21 47 37 10 22 
41 88 78  9  0 
41  6 57  0 87 
 3 69  5 65 85 
 8 18 30 26 91 36 
26 90 40 52 36 
60 46 93 45 66 
70 24 66 60 92 
63 95 14  2 27 20 
25 64 63  2 94 
97 57 72  4  0 
17 57 72 96 
53 81 31 99 35 
25 64 31 98 53 
