60 99 94 85  8 86 55 
18  8 60 59 32 33 
74  4  3 52 25 23 93 92 
87 67  4  2 25 26 
74  6  3 87  2 63 
86 55 39 71 53 11 
 7 75 74  4 15 28 63 
75  6 17 40 28 88 
18 76 85  1 60  0 
71 73 20 84 57 35 72 
61 27 49 48 13 45 37 
16 55 78 53  5 21 
15 16 21 28 65 24 
61 10 82 25 92 37 66 
78 53 69 22 54 64 
16 12 28  6 70 63 
15 12 11 55 95 21 70 
 7 40 80 31 88 34 
79 30 76  8 56  1 33 
84 46 20 32 47 41 
84  9 19 41 54 72 
78 11 16 12 69 81 65 
69 14 64 82 91 68 26 
62 93 51 52  2 97 
88 28 89 12 65 38 
 2  3 82 13 26 92 
82 25  3 67 68 22 
61 62 10 29 46 45 
15  6  7 12 88 24 
62 27 46 97 32 96 33 
18 79 80 31 56 
80 30 17 56 36 57 34 
46 19 29  1 59 47 33 
96 79 18  1 32 29 
50 89 88 17 36 31 
 9 84 45 49 57 36 
57 31 49 35 50 34 
38 48 10 13 66 
65 66 37 48 50 89 24 
71 73  5 86 85 76 77 
52 75  7 17 51 80 
20 54 43 19 47 
58 44 59 99 98 83 60 
64 54 41 47 44 90 
42 58 59 47 43 90 
10 27 49 46 84 35 
84 19 29 27 45 32 
32 59 19 41 43 44 
10 49 37 50 38 
10 45 48 35 36 50 
49 48 36 38 89 34 
23 52 40 80 79 97 96 
75 40 74 51 23  2 
71  5 14 78 72 11 54 
14 53 64 43 20 41 72 
11 16 86  5 95 94  0 
31 30 18 76 57 77 
 9 73 36 31 56 77 35 
42 44 83 67 90 91 68 
60 42  1 32 47 44 
42 99 59  1  8  0 
62 93 27 10 13 92 
23 93 61 27 29 97 
 4  6 87 15 70 83 
43 54 14 90 91 22 
21 12 81 66 38 24 
81 82 13 65 37 38 
87  3 26 83 58 68 
58 67 91 26 22 
78 14 22 21 81 82 
16 15 95 83 98 63 94 
 9 73 39  5 53 72 
53 71  9 20 54 
 9 71 39 57 77 
75  6  4 52  2 
52 40  7  6 74 
18  8 56 85 39 77 
56 76 39 73 57 
14 53 11 69 21 
18 30 80 51 96 33 
79 30 51 40 17 31 
21 69 82 66 65 
25 13 26 69 81 66 22 
87 67 58 70 98 42 63 
46 19 20  9 35 45 
76  8 39 86  0 
 5 55 39 85  0 
 3 67  4 83 63 
28  7 17 24 89 34 
38 50 88 24 34 
43 44 58 91 64 
90 58 64 68 22 
25 13 61 93  2 
23 62 61  2 92 
99 98 70 95 55  0 
16 55 70 94 
97 29 51 79 33 
29 62 23 51 96 
42 99 70 83 94 
42 98 94  0 60 
