85 93 84 97 60  8 
33 18  8 60 32 59 
91 25 92  3  4 74 52 23 
26 25  2  4 86 67 
 2  3 74 86 63  6 
71 53 11 55 39 85 
15 63 74 75 28  4  7 
75 40 17 87 28  6 
60  0 84 18  1 
71 72 35 83 57 20 73 
27 45 48 37 13 61 49 
21 16 55  5 53 77 
21 16 15 28 65 24 
10 37 91 25 66 81 61 
54 53 64 77 22 69 
12 16 28  6 63 70 
11 21 55 12 15 94 70 
79 40 31 87 34  7 
33 78  1 30 84  8 56 
83 20 32 47 41 46 
72  9 83 54 19 41 
11 16 12 65 80 69 77 
26 81 68 90 64 14 69 
62 92 96  2 52 51 
12 65 28 38 88 87 
 2 91 81 26  3 13 
81 22 25 68  3 67 
10 45 62 29 61 46 
15 12  6 24 87  7 
62 96 27 95 33 32 46 
78 18 79 56 31 
57 36 56 30 79 17 34 
33 29  1 19 47 59 46 
78 18  1 95 29 32 
50 88 87 17 36 31 
 9 83 49 36 57 45 
49 35 57 50 31 34 
38 66 48 10 13 
66 37 65 50 88 24 48 
84 76 85 73 71  5 
17 79 52 75  7 51 
54 20 19 47 43 
82 58 44 97 60 59 98 
64 54 41 89 44 47 
58 42 89 59 47 43 
83 35 10 27 46 49 
19 83 45 27 29 32 
19 32 59 44 41 43 
50 49 10 37 38 
35 36 50 48 10 45 
49 36 38 88 34 48 
95 96 52 40 78 23 79 
75 40  2 74 23 51 
72 71  5 14 54 11 77 
72 20 53 14 64 41 43 
11 16  5 85 93 94 
84 18 30 76 57 31 
56 76 35 36  9 73 31 
67 68 90 82 89 44 42 
44 47 60  1 42 32 
97 42  0  8  1 59 
13 91 10 92 62 27 
96 29 27 23 92 61 
86  4 15  6 82 70 
90 22 14 54 89 43 
12 21 80 66 38 24 
13 81 37 80 65 38 
86  3 68 26 58 82 
26 22 67 58 90 
22 81 14 80 21 77 
94 99 82 63 15 16 
 9 72 53 73 39  5 
71  9 53 54 20 
57 76  9 71 39 
 2  4 52 75  6 
52 40 74  6  7 
39 84 56 57 73 
53 11 14 69 21 
33 18 30 79 95 51 
30 78 17 40 31 51 
66 65 21 69 81 
26 22 25 13 66 80 69 
67 58 86 63 42 70 99 98 
20  9 35 45 19 46 
39 76 85  0  8 18 56 
93  0 84 39 55  5 
63  4  3 67 82 
24 28 88 34 17  7 
38 50 24 87 34 
44 58 90 64 43 
68 22 64 58 89 
 2 25 92 13 61 
91  2 23 62 61 
55 85 97 99  0 94 
55 16 93 99 70 
33 29 96 78 51 
62 29 95 23 51 
98 42 60  0 93 99 
82 99 42 97 
97 93 94 70 82 98 
