95 91 83 59  7 75 38 
17  7 58 31 59 32 
73  4  3 24 89 90 22 51 
 2  4 24 84 66 25 
84 62 73  2  6  3 
10 54 52 83 38 70 
27 99  4 62 73 14 74 
17 55  1 75 59  0 
71 19 82 34 56 72 70 
60 12 26 48 47 36 44 
20 76 54  5 15 52 
23 27 20 15 14 64 
80 24 65 89 60  9 36 
52 53 76 63 21 68 
 6 27 69 62 15 11 
14 69 92 54 20 11 10 
98 39 85 78 30 33 
55 29  7  1 77 32 
82 45 31 46 40 19 
82  8 71 18 40 53 
68 79 76 11 15 10 64 
25 67 88 63 13 80 68 
90 61  2 94 51 50 
27 85 11 64 37 86 
80 25 12  3  2 89 
66 67 21 80 24  3 
28 45 61 60  9 44 
99 85  6 14 23 11 
26 45 61 31 94 32 93 
30 55 78 17 77 
55 56 29 35 78 16 33 
18 45 28 46 58  1 32 
17  1 77 31 28 93 
35 30 16 85 49 86 
35 56 48 82  8 44 
30 56 34 33 48 49 
65 37 47 12  9 
36 47 49 65 64 23 86 
83  5 70 72 75  0 
98 16 78 74 51 50 
46 18 19 53 42 
96 81 95 57 43 59 58 
40 46 87 43 63 53 
58 41 57 87 46 42 
82 45 26 34 48  9 
18 82 26 28 31 44 
58 43 31 18 40 42 
48 49 37 36  9 
34 35 49 47 44  9 
48 35 47 33 37 86 
94 22 51 39 78 77 93 
74 39 73  2 22 50 
70  5 71 53 10 76 13 
63 13 19 71 40 52 42 
83 91  5 92 15 10 
30 56 29 17  7 75 
55 30 35 34  8 72 75 
81 41 66 67 43 87 88 
41 43 46 31  1 59 
 7  1 58 95 41  0 
90 61 89  9 12 26 
90 22 60 28 26 94 
81 69  4 84  6 14 
53 13 42 21 88 87 
37 23 11 65 79 20 
12 80 36 79 37 64 
25 67 57 81 84  3 
66 25 57 88 21 
80 79 21 20 76 13 
81 97 62 14 15 92 
38  5 72 52 71  8 
53 19 52  8 70 
 8 56 70 38 75 
 2  4  6 74 51 
 6 99 73 98 39 51 
 7 55 72 38 56  0 
68 20 10 52 13 
78 29 17 32 50 93 
30 29 16 39 77 50 
68 80 20 65 64 
21 25 24 12 65 79 68 
96 41 97 69 62 57 66 84 
18 45  8 34 44 19 
54 91  5 38  0 
 4 62 81 66  3 
98 99 27 16 33 23 86 
37 49 33 85 23 
43 57 42 88 63 
57 67 87 21 63 
24 12  2 90 60 
89  2 22 61 60 
95 97  0 83 54 92 
54 91 69 97 15 
32 77 50 94 28 
28 61 22 50 93 
96 41 97 91 59  0 
81 41 97 95 
81 96 69 95 91 92 
99 85 16 39 74 
98 85 27  6 74 
