28 29 55 56 15  5 
85 84 22 95  2 69 48 20 
59 80  4 69 95  1 
 8 51 66 49 35 79 
93 70 69 59 12  2 25 
52 71 15  0 56 98 
17 67 68 53 78 66 31 
44 33 57 10 24 41 45 
49 72  3 18 13 51 
18 61 13 12 21 25 
84 57  7 33 62 76 22 
60 50 19 64 72 49 
59  4 65 13  9 25 
18  8  9 12 65 51 87 
81 30 93 36 74 96 
73 27 29 52  5  0 
17 37 78 42 43 28 
50 37  6 78 16 67 
64 72  9 61  8 75 13 
76 23 63 83 60 11 64 
47 89 58 85 48  1 
 9 61 82 81 34 25 
84 10 94 23 95 76  1 
76 19 63 94 22 
57 58 26 42 41  7 
93  4 12 81 21  9 
88 29 89 58 24 42 28 
73 74 15 96 52 
43 16 26 29 42 55  0 
26 88 73 15 28  0 
81 14 82 32 97 46 96 
78  6 32 45 41 53 
97 30 53 46 45 31 
44 34  7 10 62 
61 62 33 82 21 46 44 
66  3 68 71 79 99 
70 93 14 74 47 48 
50 17 16 43 39 
54 40 77 91 90 55 56 
43 37 40 50 60 83 
54 38 39 43 55 83 
31 45 78 42 24  7 
41 78 16 24 26 28 
16 37 39 40 28 55 
46 45 33  7 34 
32 46 41  7 31 44 
82 30 32 45 34 44 
74 36 89 20 88 48 73 
69 70 36 47 20  1 
 8 72  3 66 67 50 11 
17 37 39 60 11 49 67 
 3  8 79 13 86 87 
71  5 96 27 97 53 15 
68  6 71 97 32 31 52 
77 38 80 63 83 40 
40 38 43 28 56  0 
90 38 55  0  5 98 
84 10 85 58 24  7 
57 24 26 89 85 20 
77 65 80 12  4  2 
11 50 83 19 39 
62 34  9 18 75 21 
61 34 33 75 10 76 
54 80 19 23 83 94 
18 72 75 11 19 76 
59 77 92 12 13 87 
67  6 68 49  3 35 
17  6 50 66 49 
53  6 66 71 35 
70  4  2 48  1 
93  4 36 69 48 
68 53 35 52  5 98 99 
 8 49 64 18 11 
27 74 47 88 15 29 
14 36 47 27 73 96 
61 62 18 64 76 
19 23 62 75 10 22 64 
59 65 80 92 54 38 91 
17  6 16 31 41 42 
51  3 35 86 99 
77 59 54  2 63 95 94 
30 14 93 82 21 25 
30 81 21 34 46 
63 54 19 40 60 39 
57 10 85 22  1 
57 84 58 20  1 
90 99 92 79 51 87 
13 65 51 86 92 
89 47 26 29 73 
47 20 88 26 58 
91 38 92 86 56 98 99 
77 38 92 90 
77 65 91 90 86 87 
70  4 36 14 81 25 
63 80 95 23 22 
 2 80 94 22  1 
30 14 97 74 27 52 
32 30 53 96 52 
56  5 90 71 99 
79 35 71 98 86 90 
