54  5 15 53 28 
 2 67 83 82 46 20 93 22 
57 78  4 67  1 93 
47 64  8 49 34 77 
91 68 67  2 57 12 25 
15 50 69 54  0 96 
65 64 17 76 66 51 30 
32 10 42 43 55 24 99 
47 70 18  3 49 13 
59 18 21 25 12 13 
 7 32 82 55 60 74 22 
70 62 58 48 19 47 
57  4 63 25  9 13 
12  9 85 49 63  8 18 
79 29 91 35 72 94 
71 28  5 50  0 27 
76 40 41 36 26 28 17 
65  6 76 48 36 16 
 8 70 62 73 59  9 13 
61 23 58 81 74 62 11 
45 87 56 83 46  1 
 9 59 80 79 33 25 
 1 82 93 74 23 10 92 
19 61 74 22 92 
26 40 56  7 55 99 
91  4 12 79 21  9 
56 87 40 24 86 28 16 
15 50 72 71 94 
71 15 53 41  0 26 86 16 
79 14 80 94 95 31 44 
76  6 98 51 31 43 
95 29 51 30 44 43 
 7 10 42 33 60 
60 32 59 80 21 44 42 
97 69 66 64  3 77 
91 14 68 72 45 46 
16 41 48 17 38 
52 39 75 54 88 89 53 
81 39 41 36 48 58 
52 37 81 53 41 38 
26 24 16 76 98 99 
53 28 39 16 36 38 
 7 32 43 44 33 
99  7 98 44 31 30 42 
80 33 29 31 43 42 
72 35 71 87 20 46 86 
67 68 35 45 20  1 
 8 70  3 64 65 48 11 
17 36 65 38 58 11 47 
 3  8 85 84 13 77 
 5 15 69 51 95 27 94 
69 50 95 66  6 31 30 
75 78 37 39 81 61 
41 28 39 37 54  0 
88 37 53  0  5 96 
56 83 82  7 24 10 
83 20 87 26 24 55 
75 78 63  2  4 12 
38 81 48 11 19 
18 73  9 60 33 21 
32 33 59 73 74 10 
52 78 81 19 23 92 
73 74 19 18 70 11 
75 90 57 12 85 13 
65  6 47 66  3 34 
64  6 17 48 47 
69 51 64  6 34 
68  4  2 46  1 
91  4 35 67 46 
 5 50 51 66 96 97 34 
 8 47 18 62 11 
45 72 15 28 27 86 
14 35 45 71 27 94 
62 74 18 59 60 
60 10 73 62 19 23 22 
57 78 52 90 63 37 89 
30  6 16 40 17 98 
97 84 34 49  3 
75 57 52  2 61 93 92 
29 14 91 80 21 25 
29 79 21 33 44 
39 52 61 38 58 19 
83 55 10  1 22 
56 20 55 82  1 
88 90 85 97 49 77 
90 63 84 49 13 
26 28 87 71 45 
45 20 56 26 86 
90 84 54 37 89 97 96 
75 37 90 88 
75 63 85 89 88 84 
68  4 79 14 35 25 
61 78 93 23 22 
 1  2 78 22 92 
29 14 95 72 27 50 
51 50 94 29 31 
69  5 97 54 88 
88 84 96 69 34 77 
30 43 76 40 99 
40 24 98  7 43 
