 5 53 52 27 15 
89  2 80 97 65 45 20 81 
89  1 56  4 76 65 
63 46  8 48 33 75 
56  2 65 12 66 87 24 
92 53 67 49  0 15 
50 64 74 17 63 29 
54 23 10 42 41 31 95 
46 68  3 18 13 48 
12 13 21 58 18 24 
59 72 96 80 54  7 31 
47 46 57 19 61 68 
13 62 56  4  9 24 
83 62  8 18 48 12  9 
28 77 87 34 90 70 
69 27  0 26  5 49 
40 35 27 25 39 74 17 
 6 74 63 16 35 47 
 8 13 68 61 71 58  9 
61 11 57 22 72 60 79 
45 44  1 84 55 81 
78 77 32 58  9 24 
97 88 60 96 72 19 
54  7 55 25 39 95 
87 77 21  4 12  9 
84 27 23 55 16 39 
69 70 90 49 15 
84 25 69 40 52 16  0 15 
30 43 14 77 90 78 91 
50 30  6 42 94 74 
28 43 42 29 50 91 
10  7 41 32 59 
21 58 78 43 41 31 59 
67 64 93 63  3 75 
87 14 70 44 45 66 
40 37 16 47 17 
52 53 85 86 51 38 
38 79 57 40 35 47 
51 36 79 37 52 40 
23 25 16 74 95 94 
37 35 27 52 38 16 
 7 42 31 43 32 
30 43 95 94 29  7 41 
30 28 42 78 32 41 
70 34 45 20 69 84 
44 34 65  1 20 66 
11 68 47 63  8  3 
11 46 57 63 37 35 17 
13 83  8  3 75 82 
91 90  5 67 50 26 15 
67 64  6 29 30 91 49 
38 36 79 60 76 73 86 
36 53 38 40 27  0 
92 85 36 52  5  0 
23  7 10 80 55 81 
54 23 84 20 25 81 
73 62  4  2 76 12 
37 79 11 47 19 
32 21 18 71 59  9 
10 31 71 58 32 72 
79 51 76 88 22 19 
19 11 72 71 18 68 
83 13 56 73 99 12 
 3 46  6 17 64 47 33 
67 50  6 63 33 
 2  1 45  4 66 
 4 87 65 34 45 
50 64 92  5 93 49 33 
46 11 61  8 18 
70 44 84 27 26 15 
44 34 14 90 69 26 
18 58 61 59 72 
10 59 96 22 19 61 71 
56 62 99 76 51 86 
39 16 17  6 29 94 
93 82 33 48  3 
89  2 88 56 73 60 51 
28 14 87 78 21 24 
28 43 77 21 32 
38 51 60 37 57 19 
97  1 10 96 54 81 
55 20 54 80  1 
98 83 48 75 93 85 
13 62 99 48 98 82 
20 44 69 27 25 55 
92 53 36 86 93 82 98 
99 73 51 36 98 85 
14 34 77 66  4 24 
89 97 76 60 22 
 2  1 97 88 76 
14 28 70 91 49 26 
50 30 28 90 49 
85 53  5 67 93 
85 82 92 67 33 75 
39 74 95 29 42 
39 23  7 42 94 
10 80 97 72 22 
89 88 80  1 22 96 
99 83 86 82 85 
83 62 73 86 98 
