27 15  5 52 51 
79 80 20 44 64  2 95 87 
64  1 55  4 75 87 
74 33 45  8 47 62 
12 24 55 85 65 64  2 
90 52 15 48 66  0 
17 73 62 63 49 29 
53 10 31 40 23 41 93 
13 47 67 18  3 45 
21 24 12 13 57 18 
53  7 31 94 79 58 71 
45 46 19 60 67 56 
 9 24 55 61 13  4 
12 61  9 47  8 18 
88 28 69 34 85 76 
27 68  5 48 26  0 
17 73 99 39 27 25 38 
62 46  6 73 16 99 98 
67  8 13  9 57 70 60 
60 11 59 22 78 71 56 
80 54 82 43 44  1 
77 32  9 24 57 76 
59 86 19 95 94 71 
25 54 53  7 38 93 
 9 21 12  4 85 76 
82 54 27 23 16 38 
15 48 88 69 68 
15 68 82 25  0 16 39 51 
30 42 77 88 14 89 76 
 6 49 30 73 92 41 
28 42 89 49 29 41 
32 58 40  7 10 
77 42 21 40 57 58 31 
74 91  3 66 62 63 
69 43 44 65 85 14 
51 37 52 83 84 50 
98 99 56 46 39 37 78 
51 39 35 36 50 78 
23 25 16 73 93 92 
99 16 27 51 37 36 
32 42 41  7 31 
30 42 40 29 92 93  7 
30 28 77 32 40 41 
69 34 68 44 82 20 
43 34 20 65  1 64 
67  8  3 11 46 62 
62 17 56 11 98 45 36 
13 61  8 81 74  3 
49 66  5 15 26 88 89 
66 48 63  6 89 30 29 
37 35 78 59 84 72 75 
 0 52 37 39 27 35 
 5 90  0 51 83 35 
 7 10 80 54 79 23 
80 20 82 25 53 23 
12 61 72  4  2 75 
46 11 36 78 19 
21  9 32 58 18 70 
32 57 31 70 71 10 
86 22 19 78 50 75 
19 11 18 67 70 71 
12 55 13 47 81 97 72 
 3 45 17  6 33 46 63 
66 33 49  6 62 
 1  2 65 44  4 
85 34 44 64  4 
49 48 91 33 90  5 63 
18  8 60 11 45 
43 69 15 27 82 26 
43 34 68 88 26 14 
71 58 57 18 60 
70 60 19 22 94 58 10 
97 61 55 84 50 75 
17  6 29 16 38 92 
91 33 81 47  3 
59 86 72 50 55  2 87 
14 85 21 77 28 24 
32 42 28 21 76 
59 19 37 50 36 56 
94 10 53 80  1 95 
20 54 53 79  1 
47 74 61 97 96 91 83 
43 68 27 20 54 25 
90 52 91 81 35 84 96 
35 50 72 97 96 83 
65 34 14  4 24 76 
59 22 75 95 87 
 1  2 75 86 95 
26 48 69 14 28 89 
88 28 30 49 48 
66 91  5 52 83 
74 33 81 66 90 83 
38 73 93 29 41 
38 23  7 41 92 
79 10 95 22 71 
79 94  1 22 86 87 
81 97 84 83 
81 96 61 72 84 
17 46 99 36 
17 16 39 98 36 
