27 15 51 52  5 
63 44 85 20 93 77 78 
63  4 85 73 55 
33 62 72 47  8 45 
24 83 63  2 64 55 12 
65 88 52  0 15 48 26 
17 62 33 49 29 71 
41 40 91 23 31 53 10 
13 18 45 66 47  3 
24 21 57 18 13 12 
31  7 53 70 92 58 77 
66 45 56 46 60 19 
24  4 55 61  9 13 
 8 18  9 12 61 47 
83 34 74 28 86 68 
27 67  0  5 26 
17 71 27 39 25 38 97 
16 71 46 62 96 97  6 
13  8 57  9 69 60 66 
59 22 70 60 76 56 11 
43 44 80 54  1 78 
57 32 74 24 75  9 
93 92 19 59 70 84 
91  7 25 38 54 53 
83  4 74 21  9 12 
27 16 38 23 54 80 
 5 15 48 67 68 86 
16 39 25 51 67 15  0 80 
74 75 42 30 87 86 14 
30 49 41  6 71 90 
29 49 42 28 87 41 
32 40 58 10  7 
57 21 31 40 75 58 42 
 3 62 72 65 49  6 89 
44 64 83 14 43 68 
51 52 37 81 82 50 
97 96 37 39 46 56 76 
51 39 35 36 76 50 
16 25 23 90 71 91 
16 27 97 51 37 36 
32 31  7 42 41 
29 30 42 40  7 91 90 
32 40 75 30 28 41 
44 34 20 68 67 80 
63 64 34 43 20  1 
46 62 11 66  8  3 
17 62 96 45 11 56 36 
72 79  8 13 61  3 
 5 65 87 49 86 26 
30 29 87 33 65  6 48 
37 76 59 35 98 73 82 
37 39 27 35 52  0 
35 51 88 81  0  5 
 7 23 54 10 77 78 
25 23 53 80 20 78 
 2  4 73 12 61 99 
46 36 76 19 11 
32 21 58  9 18 69 
70 10 31 32 57 69 
19 22 84 73 76 50 
69 18 70 19 66 11 
12 55 13 99 47 79 95 
17 46  3 33  6 45 
 2  4 64 44 85  1 
83  4 63 44 34 
33 49 89 88  5 48 
45 11  8 60 18 
27 15 43 68 80 26 
43 67 34 14 86 26 
60 70 58 57 18 
69 60 19 22 92 10 58 
16 17 29 90 38  6 
 3 33 47 79 89 
 2 85 55 98 99 84 59 50 
24 21 83 75 28 14 
74 28 32 21 42 
56 36 19 59 37 50 
93  1 92 10 53 78 
 1 20 77 53 54 
94 81 72 47 61 89 95 
54 25 27 67 43 20 
94 79 88 52 35 82 89 
50 98 35 94 81 
24  4 74 64 34 14 
93 85 22 59 73 
 2 73 63  1 93 84 
87 28 14 68 48 26 
30 28 86 49 48 
81 52 65 89  5 
65 88 72 79 33 81 
29 71 41 91 38 
 7 23 41 90 38 
22 93 70 10 77 
22 92  1 85 84 77 
79 81 99 98 95 82 
79 61 94 99 
46 17 97 36 
17 96 16 39 36 
99 73 94 50 82 
98 73 55 61 94 95 
