49 26 15 50  5 
20 42 61 74 73 89 81 
61  4 71 95 81 53 
45 70  8 43 60 32 
12 79 62 61  2 53 
84 50 63 46 25 15  0 
17 69 60 32 47 28 
87 39 10 30 51 23 38 
18 13  3 43 45 64 
18 13 12 21 55 
51 73  7 30 56 68 88 
44 54 58 64 19 43 
79  4 21  9 13 59 53 
 8 18  9 12 59 45 
66 33 97 27 79 82 
26 65 25  5  0 
26 37 93 69 36 17 24 
60 44 92 93 16 69  6 
 8 13  9 55 64 58 67 
54 11 58 68 22 57 72 
41 42  1 74 52 76 
79 96 12  9 55 31 99 
89 80 19 68 57 88 
87 36 24 52 51  7 
76 26 16 36 52 23 
46  5 66 65 15 82 
49 37 15 65 76 16  0 24 
14 97 82 83 98 40 29 
39 86  6 47 69 29 
39 40 28 27 83 47 
31 56 38 10  7 
55 56 21 30 38 99 
 3 70 60 85 63 47  6 
14 66 41 42 79 62 
72 35 54 37 44 92 93 
49 37 48 72 78 34 
87 86 69 16 24 23 
26 49 35 16 93 34 
31 30  7 99 39 40 98 
38  7 87 40 86 28 29 
38 39 98 27 29 
66 65 42 33 20 76 
41 33 20  1 61 62 
 8  3 44 11 64 60 
60 17 92 34 54 43 11 
70 75  8 13  3 59 
63  5 25 82 47 83 
46 63 83 32  6 28 29 
35 78 71 57 94 72 
26 37 35 78 50  0 
84  5 77 78 49  0 
74 73 52 10 23  7 
51 74 20 76 24 23 
12  4 59 95  2 
44 11 19 34 72 
 9 18 31 56 21 67 
10 68 31 55 30 67 
71 80 48 22 19 72 
64 11 19 68 18 67 
12 13 45 75 91 95 53 
 3 43 44 17 32  6 
 1 42 62  4  2 81 
61  4 79 33 42 
84  5 46 85 47 32 
 8 18 58 11 43 
41 66 25 15 26 76 
14 33 41 65 25 82 
58 18 55 56 68 
19 58 10 56 22 88 67 
36 86 16 17  6 28 
45 75 85  3 32 
 2 95 57 80 48 94 81 
19 54 57 48 34 35 
74 51  1 10 89 88 
51 73  1 20 52 
85 70 45 59 90 77 91 
41 65 20 52 26 24 
84 50 85 75 78 90 
48 35 49 50 77 90 94 
14 33 12  4 97 96 21 62 
57 71 81 89 22 
 2 61 89 80 71  1 
25 46 66 14 27 83 
47 46 82 27 29 
50  5 63 77 85 
84 63 77 70 75 32 
36 69 87 39 28 
36 86 39 23  7 
10 68 22 89 73 
 1 73 81 80 22 88 
94 78 77 75 91 
59 95 94 90 75 
17 44 93 34 
92 17 16 37 34 
71 95 48 78 90 91 
 2 71 94 91 59 53 
97 79 21 99 98 
14 27 79 96 98 
38 40 99 27 97 96 
31 38 21 96 98 
