74 19 97 54 53 98 
81 11 64 80 19 74 
25 36  8 81 80 72  3 
17 85 16 72 25  2 
36 18 62 68 25 
15 48  7 58 41 59 
57 47 50 52 86 
 5 58 15 47 38 57 61 
44 40 11 81 37 36  2 
27 24 88 95 70 71 87 
21 35 20 33 26 63 
44  8 81  1 64 43 
49 48 16 17 41 32 
35 21 56 45 69 46 
76 96 34 33 90 63 
 5 48 79  7 78 61 
17 12 49 68 25  3 
31 85 16 12  3 32 
 4 36 62 92 66 27 70 
80  1 74 97 30 73  0 
21 10 55 40 44 26 43 
35 10 20 43 56 13 
49 48 67 65 79 39 23 
22 39 79 29 77 53 78 
55 40 60 37 27 88  9 
 4 36 68 16  2  3 
33 10 20 55 42 
36 18 70 37 24  9 
83 82 91 51 29 39 65 45 
82 53 23 39 28 
34 96 84 97 19 73 
17 85 84 34 42 93 32 
93 88 59 41 17 12 31 
26 10 42 34 14 63 
30 96 84 31 42 33 14 
21 10 13 46 38 89 63 
 4 18 27 25 37  8  2 
36  8 27 40 24 
47  7 61 46 75 89 35 
22 65 23 29 28 
20 55 24 44  8 37 
12 48  5 59 32 
26 33 55 60 34 31 93 
20 21 56 44 11 64 
20 40  8 11 43 
50 51 83 69 13 28 46 
47 50 45 13 35 38 
50  6 57  7 46 38 
12 49 22 15  5 79 41 
67 68 12 48 22 16 
45 51 52  6 47 46 
50 45 91 66 52 28 
51 66 71 86 50  6 
54 77 29 82 23  0 98 
97  0 53 76 77 
20 40 24 60 26 42 
64 69 43 21 13 
86 58  7 47  6 
 5  7 57 86 94 59 87 
88 95 94 58  5 41 32 
24 55 88 42 93 
77 78 75 15  7 38 
67 68 65  4 18 92 
90 89 35 10 33 14 
56 69  1 11 43 74 99 
67 62 92 91 22 28 39 
51 52 91 92 18 70 71 
62 68 65 49 22 
62 67  4 49 25 16 
56 64 83 45 13 99 
66 18 27  9 71 
 9 70 86 52 66 87 
80  2  3 85 73 
19 30 80 72 84 85 
19  1 64  0 99 98 
77 76 61 90 89 38 
97 96 54 77 75 14 90 
23 78 76 54 75 53 61 
23 77 61 15 79 
22 48 15 23 78 
19  1 81  2 72 73 
11  8  1 80  2 
29 53 28 83 99 98 
45 69 28 82 99 
30 34 31 85 73 
17 31 84 72  3 73 
57 58 71 52 87  6 
 9 95 71 86 94 58 
24 60  9 95 93 59 32 
90 75 38 35 63 
76 75 89 14 63 
66 51 92 65 28 
91 65 62 66 18 
88 60 42 31 32 
59 95 58 87 
 9 88 59 94 87 
30 34 97 76 14 
30 96 54  0 19 76 
 0 74 99 53 82 
64 69 74 83 82 98 
