44 43 59 20 76 21 
37 55 16 67 73 81 94 
73 55  4 47 65 86 
27 64  7 38 54 39 
56 55  2 71  9 47 
27 41 54 63 13 23 
 8 25 45 33 34 79 19 
10 14 39  3 38 58 
50 25 62 80 93 45  6 
71  4 17 47 53 10 49 
53  9 39 49 14  7 
88 22 71 28 74 60 
32 95 31 63 13 85 
96 84 54 63 12 85  5 
58 52 49 10  7 61 
18 62 66 48 52 51 
 1 67 37 46 91 36 
71  9 26 90 87 49 
80 62 15 81 72 51 
46 45  6 79 99 31 98 
74 40 76  0 59 60 
 0 43 32 95 92 59 
11 88 74 75 89 35 24 
 5 41 63 78 34 24 
34 23 35 75 41 22 
50  8 26 33  6 
17 90 50 25 33 49 
57 41 77 64  5  3 54 
37 56 71 11 36 60 
32 30 66 48 84 85 
70 42 66 29 32 43 
95 12 63 78 79 19 98 
29 30 43 12 95 85 21 
89 90 26 25  6 34 35 
 6 33 79 78 23 35 24 
33 89 34 22 24 
91 16 37 28 59 60 
 1 55 16 56 28 36 
58 48 54 96  3 97  7 
 3 64 10 53  7 68 
75 41 57 74 20 76 
27 57  5 40 75 23 24 
65 51 70 30 82 66 
70 30 32 44  0 21 
43 70  0 76 69 
93 67  8  6 46 19 
91 92 45 67 16 99 19 
 4  2 53  9 86 
29 66 15 52 38 97 58 84 
26 17 10 14 50  9 61 
 8 25 62 26 49 61 
66 15 18 72 65 42 
15 48 61 14 62 58 
47  9 10 39 86 83 68 
 3 27  5 38 96 13 
37  1 56 73  2  4 
37 28 55 71  4 
27 41 77 76 40 
38 48 52 14  7 
91 92 36  0 20 60 21 
59 36 74 11 20 28 
49 50 14 52 62 
 8 50 80 61 18 15 52 
23 78 12 13 31  5 
77 27  3 39 68 
73 72  2 51 42 82 86 
29 48 15 30 51 42 
 1 16 45 93 46 94 
83 82 69 39 64 53 77 
82 68 77 44 70 76 
42 30 43 44 82 69 
56 28 11 88  4  9 17 87 
73 81 18 51 65 
 1 55  2 81 72 65 
11 22 75 40 20 60 
74 22 40 41 24 
57 77 20 40  0 44 69 
57 76 27 64 68 69 
23 63 31 79 34 
34 78  6 31 19 
 8 62 93 18 81 94 
73  1 72 18 80 94 
65 42 70 86 83 69 68 
86 82 53 68 
96 13 29 48 97 85 
12 32 29 84 13 
65 82 83  2 47 53 
71 88 17 90 89 
11 22 71 89 87 
88 22 87 90 33 35 
17 26 87 89 33 
46 92 16 36 59 
46 91 59 99 95 98 21 
 8 80 45 67 94 
81  1 93 67 80 
32 12 31 98 92 21 
38 54 84 97 13 
84 96 48 38 
95 92 99 31 19 
46 92 19 98 
