21 58 20 43 44 75 
37 16 72 80 55 66 92 
64 84  4 55 47 72 
 7 39 27 54 63 38 
 2 55 70 47  9 
62 23 13 54 41 27 
33 34 25  8 45 78 19 
57 38 14  3 39 10 
50 61 79 25  6 45 91 
47  4 70 10 49 17 53 
 7 39 14 49  9 53 
70 28 22 73 86 59 
31 62 32 83 13 93 
54  5 94 62 12 83 98 
57 52 60  7 49 10 
51 65 18 61 48 52 
 1 37 89 46 36 66 
49  9 85 70 26 88 
51 71 15 61 79 80 
96 97 46 78 31 45  6 
40 75 73 59 58  0 
32 43 58 90  0 93 
11 73 86 87 74 35 24 
34 77 24 62  5 41 
74 22 35 34 23 41 
33 26 50  8  6 
33 88 25 50 49 17 
54  5 41 56  3 76 63 
55 70 37 11 36 59 
48 65 30 32 83 99 
65 42 29 32 43 69 
77 62 12 78 93 96 19 
30 43 29 83 12 21 93 
35 87 34 88 26 25  6 
77 78 23 24 35 33  6 
22 87 24 34 33 
58 89 16 37 28 59 
55 28  1 16 36 
54 94 95 48  3 57  7 
 3 63 67  7 10 53 
74 73 20 75 56 41 
 5 23 24 74 40 56 27 
51 65 81 64 69 30 
30 32 69 21 44  0 
69 43 68 75  0 
 6  8 66 46 19 91 
89 90 97 16 66 45 19 
84  2  4  9 53 
15 65 38 57 52 95 29 98 99 
60 14 50 26 10  9 17 
61  8 60 25 26 49 
18 71 64 15 65 42 
15 61 60 48 57 14 
10 39 67 82 84 47  9 
 5 13 27  3 94 38 
70 28 37  2  4 72  1 
40 75 41 76 27 
48 38 52 14  7 
89 90 21 36 59 20  0 
36 58 20 73 11 28 
61 52 14 49 50 
 8 50 60 15 18 79 52 
23  5 77 31 12 13 
39 67 76  3 27 
51 71 84  2 81 42 72 
51 15 48 42 29 30 
 1 16 46 45 92 91 
76 63 39 81 82 68 53 
69 81 44 75 67 76 
30 43 42 81 68 44 
55 28 11  4 86 85  9 17 
18 51 64 80 72 
 2 55 80 71 64  1 
11 22 74 40 20 59 
22 73 40 24 41 
20 40 68 44 56  0 76 
67 68 75 56 27 63 
78 31 34 23 62 
77 31  6 34 19 
 8 61 18 80 92 91 
18 71 79 72  1 92 
84 82 64 42 69 67 68 
84 81 67 53 
32 29 12 13 98 99 
64  2 81 82 47 53 
86 87 70 88 17 
22 87 11 70 85 
22 86 35 85 33 88 
85 87 33 26 17 
58 90 46 16 36 
89 58 21 46 97 96 93 
66 45 92  8 79 
 1 80 66 79 91 
12 32 21 31 96 90 
54 13 98 95 38 
48 98 94 38 
97 90 93 31 19 
46 90 96 19 
95 48 94 13 83 99 
29 48 98 83 
