57 21 20 74 42 43 
99 16 91 79 65 71 54 98 
83 46  4 71 54 63 
 7 37 62 38 53 27 
54 69  2 46  9 
23 40 13 61 53 27 
25 33 34 77 44 19  8 
38  3 37 56 14 10 
44 90 78 60 49 25  6 
52 46  4 69 10 48 17 
14 48  9 52  7 38 
85 28 72 58 22 
94 31 21 32 82 13 61 
12 82 96 92 61  5 53 
56 51  7 59 48 10 
47 64 50 18 51 60 
99  1 65 36 88 45 
87 84 26 48  9 69 
78 60 70 79 50 15 
44 45 31 77 95  6 
 0 57 58 72 74 39 
57  0 89 42 94 12 32 
35 86 85 11 72 73 24 
40 24 76 34 61  5 
35 34 22 73 40 23 
 8  6 33 26 49 
33 25 87 49 48 17 
 5 40 53 55  3 62 75 
54 69 85 11 58 99 98 36 
64 47 97 82 32 96 30 
68 42 32 29 41 64 
94 12 77 76 19 95 61 
82 29 42 21 12 30 
 6 34 25 35 86 87 26 
 6 77 33 35 76 24 23 
33 34 86 22 24 
16 88 99 57 58 28 
92 93  3  7 53 56 
 3 62  7 66 52 10 
72 20 73 74 40 55 
24 73 39 23 55  5 27 
50 64 68 80 63 30 
 0 21 43 68 32 30 
74  0 42 67 68 
65 90  8 45 19  6 
89 88 16 65 44 19 95 
83 52  2  4  9 
15 64 51 56 29 97 93 
14 59 10  9 49 26 17 
 8 25 26 60 59 48 
18 70 15 64 63 41 
59 60 14 47 15 56 
83 46 66 38  9 81 10 
92 13  5  3 37 27 
69 28 71  1 98  4  2 
40 39 74 75 27 
47 93 51 37  7 14 
 0 21 20 58 89 88 36 
72 11 57 20 28 36 
14 48 51 60 49 
78  8 49 59 51 18 15 
12 31 13 76  5 23 
66 38 75  3 27 
80 83 50 70  2 71 41 
15 47 50 41 30 29 
44 90 91 16  1 45 
38 62 52 81 80 67 75 
66 80 68 43 74 75 
80 41 67 43 42 30 
54 28 85  4 84  9 17 
71 79 18 50 63 
54  1 79 70  2 63 
58 11 20 39 73 22 
39 72 22 24 40 
 0 20 39 43 67 75 55 
74 67 66 62 55 27 
77 34 31 61 23 
31 76 19 34  6 
91 90  8 60 79 18 
91  1 71 70 78 18 
81 83 66 67 68 63 41 
80 83 66 52 
32 29 12 96 13 
52 46  2 80 81 63 
85 86 69 87 17 
11 28 69 84 86 22 
85 84 87 33 35 22 
84 86 33 26 17 
57 89 16 36 45 
57 21 88 45 94 95 
65 44 91  8 78 
79  1 65 90 78 
96 13 93 37 53 
37 92 56 47 97 96 
89 21 12 31 95 
31 19 94 45 89 
82 29 97 93 13 92 
47 93 29 96 
99  1 54 28 
16  1 98 28 36 
