20 55 21 71 42 41 
94 95 16 63 87 76 69 52 
 4 45 80 52 69 61 
 7 37 36 60 26 51 
 9 45 67  2 52 
39 26 23 59 13 51 
43  8 74 33 19 99 32 
10 14 37  3 36 54 
43 86  6 75 48 58 99 98 
50 45  4 67 17 47 10 
 9 50 47 14  7 37 
82 22 96 56 27 97 
31 21 90 30 59 79 13 
88 92 79  5 59 12 51 
47 10  7 57 49 54 
49 46 18 68 58 62 
35 95  1 63 85 44 
84 25 81  9 67 47 
15 68 76 75 58 
43 44 91 30 74  6 
55 56 96  0 71 38 
31 12 90 55 41  0 
24 70 34 83 82 11 97 
24 33 39  5 59 73 
23 33 39 70 22 34 
32 84 17 98 99 47 48 
39  5  3 60 51 53 72 
56 35 95 94 67 82 11 52 
46 62 29 79 92 31 93 
41 66 31 40 62 28 
12 59 90 91 19 74 73 
12 21 41 29 79 28 
 6 33 84 25 83 34 99 
23 24 32  6 74 34 73 
32 33 83 24 22 
55 85 56 27 95 16 
 3  7 54 89 88 51 
10 50  7  3 60 64 
96 20 71 39 70 53 97 
24 70 23  5 26 38 53 
62 29 61 68 66 77 
42 66 31 21  0 29 
65 66 41 71  0 
 8 86 44 19 63  6 
16 85 63 43 19 91 
50  9  4  2 80 
49 54 15 89 93 62 28 
17 25  9 48 10 14 57 
98 25  8 47 57 58 
54 46 15 14 58 57 
 9 45 80 10 37 64 78 
 3 36  5 13 26 88 
69  2  4 94  1 67 27 
38 71 39 26 72 
 7 14 36 49 46 89 
20 56 35 85 90 21  0 
20 55 35 27 96 11 
14 49 47 48 58 
49 15 18 75 48  8 57 
30 12 73 23  5 13 
 3 37 26 64 72 
80  2 69 68 40 77 
15 46 68 28 29 40 
16  1 44 87 86 43 
72 60 65 37 50 78 77 
42 66 71 77 64 72 
42 65 41 77 40 29 
 4  9 17 81 82 27 52 
18 15 69 76 61 62 40 
76  1 68 52  2 61 
24 39 22 38 97 
65 42  0 20 38 53 72 
71 65 53 64 60 26 
59 23 33 74 30 
30 19 73 33  6 
 8 86 87 76 18 58 
87  1 69 68 18 75 
64 65 78 66 40 80 61 
80 50 64 77 
31 12 13 92 28 
50 45  2 61 78 77 
84 83 17 67 82 
81 83 22 67 27 11 
81 84 32 34 22 82 
81 83 32 25 17 
35 55 90 16 44 91 
87 63 43  8 75 
63 86  1 76 75 
89 36 51 92 13 
54 46 92 88 36 93 
12 21 55 85 30 91 
30 19 90 44 85 
88 13 79 28 89 93 
28 92 46 89 
95  1 27 52 
35 27 94  1 16 
20 56 38 11 97 
11 22 96 70 38 
99 25  8 48 
32  6 98 25  8 
