73 18 95 53 96 52 
10 63 73 18 79 78 
83 16 15 71 24 
35 17 61 67 24 
47 14 40  6 57 58 
49 51 56 84 46 
60 14 57 56 37 46  4 
43 39 10 36 35 79 
23 26 69 86 93 85 70 
20 19 25 34 62 32 
42 63 43  7 79  1 
15 48 16 47 40 31 
20 34 55 44 45 68 
94 33 74 32 62 88 
77 76 60  6 47  4 
 2 16 11 48 67 24 
 2 15 11 83 30 31 
35 26 69  3 61 90 65 
29 72 95 73  1  0 78 
43 39 42 20 54 25  9 
55 42 19 12 34  9 
77 47 48 66 64 38 22 
52 75 28 76 77 38 21 
36 39 26 86 59  8 54 
79 35 71  3  2 67 15 
54 19  9 32 41 
36 23 17 35 69  8 
50 44 89 64 28 80 38 81 
52 80 22 27 38 
82 33 94 72 95 18 
83 16 82 33 41 91 31 
91 86 58 30 16 40 11 
62 13 33  9 25 41 
94 13 32 29 82 30 41 
20 12 45 87 62  9 37 
36  7 17 26  3 79 24 
 7 39 23 26 35 
45 46 87 34  6 60 98 
28 22 27 64 21 
 7 43 19 36 23 54 
47 11 31 58  4 
30 33 91 32 25 59 54 
10 63 55 43 19 20 
42 10  7 39 19 
50 49 45 12 68 27 81 
46 49 44 12 34 37 
56  6  5 49 45 37 
11 48 21 77 14 40  4 
47 21 66 11 67 15 
50 51 44  5 46 45 
49 51 65 89 44 27 
70 84 49 50 65  5 
96 80 75 53 22 28  0 
74 75 52 95  0 
23 39 59 19 25 41 
42 63 20 12 68 
57 84  6  5 46 
56 84 85  6 92 58  4 
86 93 92 57 31 40  4 
86 23 54 91 41 
37  6 98 99 75 14 76 
66 67 64  3 17 90 
87 34  9 32 13 88 
42 10 55 73 97 68  1 
66 21 38 61 90 89 27 
69 70 51 17 90 89 50 
61 67 48 21 64 
61 66 48 15  3 24 
12 55 44 63 97 81 
17 26  8 70 65 
51 84 85 69  8 65 
83 72  2 78 79 24 
29 18 71 83 82 78 
97 63 96  1 18  0 
94 13 95 88 99 53 75 
53 52 99 60 74 22 76 
14 60 77 75 22 
76 14 22 21 47 
71 72 18  1 79 
35  7 10  1 78 71 24 
97 96 52 28 27 81 
27 80 44 68 97 
83 72 29 33 30 
 2 16 82 72 30 71 
51 70 85 57 56  5 
70 84  8 93 57 92 
23 59  8 93 91 58 31 
62 34 37 88 98 
99 74 13 62 87 98 
64 90 50 27 65 
64 89 61 17 65 
86 59 41 30 31 
58 93 57 85 
 8 86 85 58 92 
33 13 74 95 29 
94 74 29 53  0 18 
97 80 52 73  0 
96 80 73 63 68 81 
37 87 88 99 60 
88 74 98 60 75 
