35 18 59 93 99 92 45 98 
43 57 82 15 52 75 
68 38 89 57 43  4 
76 77  7 31 50 22 42 
43  2 56 38  9 
22 33 42 20 61 49 94 
36 17  8 62 87 28 29 
 3 77 31 96 13 10 
 6 36 74 87 63 48 40 
 4 38 56 16 10 41 
31  7 13 16  9 41 
23 83 70 84 85 19 
67 27 18 95 78 49 26 
47 90 21 96  7 16 10 
91 39 64 63 48 51 
82  1 73 37 83 46 52 
13 21 72 69 56  9 10 
 6 36 62 37 79 26 
12 27 35  0 78 45 
58 85 11 70 71 30 20 
30 29 33  5 58 19 61 
86 72 40 47 13 16 
33  5 50  3 60 42 44 
11 83 70 56 82 43 
51 25 67 80 27 81 
35 27 34 51 55 24 
79 17 62 49 12 61 78 
67 12 18 35 25 24 
72 86 71 87  6 29 30 
 6 28 62 30 20 61 
19 71 28 29 20 
 3 50  7 53 10 41 
84 85 59 99 58 33 44 
58 32 22  5 44 20 
88 65 55 51 25 
25 27 18  0 55 92 
 6 17  8 37 74 52 
36 17 79 73 15 52 
 2 68 66  4  9 41 
91 14 97 77 81 51 
86 21 48  8 87 47 
10 31 66 53 38  9 
22  5 76  3 94 
82 23 56  2 57  1  4 
22 60 33 32 59 
78 18 73  0 46 98 
84 83 15 73 45 98 
40 21 48 90 13 
63  8 91 90 47 14 40 
95 94 12 26 61  5 
 3 31 53 60 22 
34 88 64 14 39 81 24 25 
15  1 37 36 74 75 
50 60 54 31 66 65 41 
53 65 60 59 93 55 92 
34 65 54 35 25 92 
23 70 69 43  4  9 16 
64 89  2 43  1 75 
85 32 33 19 20 
 0 93 54 60 99 32 44 
53 54 59 50 22 44 
29 62 26 49 20  5 
 6 17 26 61 29 
64 14 74  8 75 48 
89 57 63 14 75 88 51 
66 53 54 68 88 34 55 
68 38 65 53 41 
12 27 95 80 24 
 2 38 89 66 65 88 
56 70 71 72 16 
11 23 56 69 71 19 
72 28 69 70 19 30 
86 21 28 71 69 16 
78 79 37 15 46 45 
 8 36 63 52 75 
64 57 63 74  1 52 
 3 77 42 80 94 
 3 76 80  7 39 97 81 96 
18 12 73 79 26 45 
37 17 73 78 26 
76 94 95 67 77 24 81 
80 24 77 39 51 
23 83 43  1 15 
23 11 84 46 82 15 
46 83 11 85 32 99 98 
84 11 32 58 19 
72 21 28 40 87 
 6 28  8 86 40 
89 68 65 64 34 51 
64 57  2 68 88 
48 47 91 97 13 96 
39 14 48 90 97 
55 35  0 93 54 
 0 59 54 92 
42 76 80 95  5 49 
67 12 94 80 49 
13  7 77 97 90 
39 77 91 90 96 
84 46 99 45  0 
59 32 84  0 98 
