54 93 92 41 17 31 87 
52 39 70 77 14 47 
39 52  4 34 63 83 
 7 27 46 72 71 38 20 
39 51  9  2 34 
18 56 29 20 45 38 88 
32 16 57  8 82 25 
72 90  3 12 27 94 
32  6 69 36 44 58 82 
 4 51 15 95 34 37 
80 98 21 78 79 65 
17 24 73 62 23 45 89 
 7 90 15 95 19 94 84 43 
58 85 35 59 30 83 
42 78 77  1 68 47 33 
 9 95 12 19 67 51 64 
32  6 57 33 74 23 
 0 41 31 24 73 11 
26 25 99 53 56  5 29 
81 67 15 12 36 43 
46 55 29  5 40 38  3 
39 51 77 78 10 65 
31 24 97 50 30 
73 74 11 45 16 57 56 
31 22 17 97 11 96 62 
18 26 56 81  6 57 82 
18 25 99 81 66 
46 48  3  7 94 37 
54 93 80 53 79 29 40 
28 53  5 20 18 40 
22 97 76 35 13 50 83 
22 24 17  0 50 86 87 
47 69 33 16  6  8 
68 74 47 32 14 16 
 4  9  2 63 61 37 
85 13 91 76 30 
81 19 43 44 82  8 
34 61 94 95  9 27 48 
 5 20  3 71 88 
21 51 52  1  2 77  4 
55 54 28 29 20 
42 92  0 17 68 73 
14 78 92 41 79 68 
36 44 84 19 12 
85 58 84  8 36 43 
23 11 89 88  5 56 
55 20 48 27  3 
32 69 14  1 70 33 
61 60 46 27 37 49 55 
48 60 55 86 87 54 
86 31 60 22 63 30 83 
21 39  4  9 15 65 64 
39  1  2 70 59 83 
80 99 28 18 29 
 0 93 28 40 55 87 49 
46 20 40 54 48 49 
18 25  5 45 23 57 
 6 16 23 25 56 
85 13 44 59 70 69  8 
58 13 70 52 83 
61 48 50 86 63 49 
60 48 63 34 37 
11 24 96 75 89 
50 60 61 34  2 83 
15 51 67 65 66 
21 51 10 98 66 64 
81 26 67 99 98 65 64 
81 19 15 66 64 
42 41 14 73 74 33 
58 70 47 32  8 
52  1 58 59 69 47 
72  3 38 75 88 
 7 90  3 71 75 91 76 
17 41 68 74 11 23 
68 73 33 16 23 
76 72 71 88 96 62 89 
72 91 35 97 96 30 75 
39  1 21 78 14 
42 14 77 21 10 79 
92 42 78 93 10 80 28 
10 98 99 53 28 79 
26 25 67 19 66 36 82 
36 81  6 25  8 
63 50 30 13 59  2 52 
12 90 44 85 91 43 
58 13 44 35 91 84 
50 31 60 87 49 
31  0 86 54 49 
38  5 45 89 71 75 
62 11 45 88 75 
 7 72 12 91 84 
35 85 90 72 76 84 
42 41  0 93 79 
54  0 92 28 79 
12 95  7 27 37 
15  9 12 94 37 
97 24 76 75 62 
22 24 96 76 30 
80 10 99 65 66 
80 53 98 18 26 66 
