53 91 90 40 16 30 85 
51 38 75 13 68 46 
38 51 98 99 33 81 61 
 6 26 45 70 69 37 19 
17 55 28 19 44 37 86 
80  7 31 15 56 24 
70 88  3 11 26 92 
57 43 67 35 80 31  5 
99 50 14 93 33 36 
78 96 20 76 77 63 
16 23 60 44 22 71 87 
 6 88 14 93 18 92 82 42 
51 68 83 34 81 29 57 
41 76 75  1 66 32 46 
 8 93 11 18 65 50 62 
72 32 22 56 31  5 
 0 40 30 23 10 71 
25 24 97 52 55  4 28 
14 11 65 35 79 42 
45 54 28  4 39 37  3 
38 50 75 76  9 63 
30 23 95 49 29 
44 10 15 56 72 71 55 
30 21 16 10 95 60 94 
17 25 55 80  5 56 79 
17 24 97 79 64 
45 47  3  6 92 36 
53 91 78 52 77 28 39 
27 52  4 19 17 39 
21 95 74 34 12 49 81 
21 23 16  0 49 84 85 
67  7 15 32 46  5 
66 13 72 15 46 31 
99  8  2 36 59 61 
83 89 12 74 29 
43  7 80 79 18 42 
33 59 92 93  8 26 47 
 4 19  3 69 86 
20 50 51  1  2 75 98 
54 53 27 28 19 
41 90  0 16 66 71 
13 76 90 40 77 66 
43 35 82 18 11 
82 83 57  7 35 42 
 4 86 22 10 87 55 
54 19 47 26  3 
68  1 67 13 32 31 
59 58 45 26 36 48 54 
47 58 54 84 85 53 
84 30 58 21 29 81 61 
20 38 99  8 14 98 63 62 
38  1  2 68 12 81 
78 97 27 17 28 
 0 91 27 39 54 85 48 
45 19 39 53 47 48 
17 24  4 44 22 56 
15 22 55 24  5 
 7 43 83 68 12 67 
59 47 49 84 61 48 
58 47 36 33 61 
10 23 87 73 94 
49 58 81 59  2 33 
14 50 65 63 64 
20 50  9 96 62 64 
63 96 62 65 97 25 79 
14 18 62 79 64 
41 40 13 32 72 71 
57 68  7 46 31 
51  1 12 57 67 46 
70  3 37 73 86 
 6 88  3 69 73 89 74 
10 16 40 22 72 66 
15 32 66 22 71 
69 70 86 74 87 60 94 
34 89 70 73 94 95 29 
38  1 20 76 13 
41 13 75 20  9 77 
90 41 76 91  9 78 27 
 9 96 97 52 27 77 
25 24 80 35 18 65 64 
 5 24  7 35 79 
51 12  2 29 49 61 
43 83 89 88 11 42 
34 89 12 82 43 57 
49 30 58 85 48 
30  0 84 53 48 
37  4 44 87 69 73 
44 10 60 86 73 
 6 70 11 89 82 
34 83 74 70 82 88 
41 40  0 91 77 
53  0 90 27 77 
11 93  6 26 36 
14  8 11 92 36 
60 73 74 95 23 
21 23 29 74 94 
78  9 97 63 64 
78 52 96 17 25 64 
38 50 99  2 
 8 50 98  2 33 
