53 99 89 40 16 30 84 
38 75 46 68 13 51 
81 61 33 96 38 51 
 6 26 45 19 37 69 70 
55 44 17 28 19 37 85 
31  7 80 15 56 24 
70  3 87 26 90 11 
35 43 57 67 31 80  5 
91 14 50 97 33 36 
78 94 63 77 76 20 
16 23 60 71 86 44 22 
91 90 14 87 82 42  6 18 
68 57 83 34 29 81 51 
46 32 75  1 41 76 66 
91 11 62 65 50  8 18 
72 32 31 22 56  5 
 0 40 30 23 10 71 
95 52 25 55  4 24 28 
79 65 35 42 14 11 
45 54 28  4 39  3 37 
75 76 63 50 38  9 
49 29 93 30 23 
15 56 72 44 10 71 55 
16 30 93 92 21 10 60 
80  5 25 79 17 55 56 
95 64 79 24 17 
45  3 47 36 90  6 
98 53 78 52 77 28 39 
27 52  4 19 17 39 
21 49 81 93 34 12 74 
16 23  0 21 49 84 
 7 67 15 32 46  5 
46 13 66 72 15 31 
59 61 36  8 97  2 96 
74 88 83 12 29 
79 80  7 43 42 18 
59 33 91 90 26 47  8 
 4 19  3 69 85 
75  1 20 50 97 96  2 51 
54 53 27 28 19 
41 89  0 16 66 71 
89 40 77 76 66 13 
82 11 43 35 18 
83 57 82  7 35 42 
86 10 22 55  4 85 
54 19 47 26  3 
68  1 67 13 32 31 
59 58 45 26 54 36 48 
47 58 54 84 53 
58 61 21 30 81 84 29 
63 20 38 97 14 62  8 
38  1  2 68 12 81 
78 95 27 17 28 
 0 99 98 27 39 54 84 48 
45 19 39 53 47 48 
44  4 17 24 56 22 
15 22 55 24  5 
68 67 12 83 43  7 
49 61 59 47 84 48 
58 47 33 61 36 
10 23 92 73 86 
49 58 81 59 33  2 
14 65 50 63 64 
20 50 64 94  9 62 
63 94 95 25 62 65 79 
62 14 64 79 18 
41 40 13 32 71 72 
57 68 46  7 31 
57 67 12 46  1 51 
 3 37 73 70 85 
69  3  6 87 88 74 73 
16 40 10 66 72 22 
71 66 32 15 22 
92 74 70 60 86 69 85 
70 88 34 93 92 29 73 
20 76 38  1 13 
75 20 77 41  9 13 
89 41 76 98 27 78  9 
95 52 94 27 77  9 
64 25 24 80 65 35 18 
 5 24  7 79 35 
49 61 29 12  2 51 
87 11 42 43 83 88 
57 43 34 88 12 82 
49 58 30 53  0 48 
73 69 37 44  4 86 
60 10 44 73 85 
82 11  6 70 88 
70 74 34 87 83 82 
41 40  0 99 98 77 
11 91 36 26  6 
11 90 14 36  8 
93 23 74 73 60 
92 23 21 29 74 
63 64 95 78  9 
78 52 94 64 25 17 
97 38  2 33 
38 50  8 33 96 
53 99 89 27 77 
53  0 89 98 
