16 30 84 97 89 53 40 
51 38 13 46 75 68 
33 61 81 51 95 38 
26 45  6 37 69 70 19 
85 37 44 19 28 17 55 
15 31  7 80 24 56 
87 70 11 90  3 26 
35 80 43 57  5 31 67 
95 50 33 14 91 36 
77 76 20 63 93 78 
86 44 60 23 22 71 16 
82 42 87  6 90 18 14 91 
34 29 81 83 51 68 57 
46 32  1 75 76 66 41 
62 65 50  8 18 11 91 
31 32  5 72 22 56 
10 71 23 30 40  0 
94 25  4 28 24 55 52 
14 65 35 42 11 79 
 4 37 28 54 45  3 39 
38 50 63  9 76 75 
49 29 30 23 99 
10 44 71 72 15 55 56 
92 60 10 16 30 21 99 
17 25 79 80 56  5 55 
79 64 94 17 24 
 6 90 36  3 45 47 
96 77 53 78 39 28 52 
 4 19 17 39 27 52 
34 98 49 21 81 12 99 
49 84 16 23 21  0 
15 32 46  5  7 67 
15 31 46 13 66 72 
95  8 61 59  2 36 
29 98 83 88 74 12 
 7 43 42 80 79 18 
47 59 91 90 33  8 26 
 3 69 85  4 19 
20 50 95  1 51 75  2 
54 53 27 28 19 
16 71 66 41 89  0 
13 76 66 77 89 40 
35 43 11 82 18 
82 42 35  7 57 83 
85  4 86 10 22 55 
26 47  3 54 19 
31 32 13  1 68 67 
58 59 48 54 45 36 26 
58 47 53 84 54 
61 58 84 29 21 30 81 
62 63 20 38 95  8 14 
 1 38 68 12 81  2 
27 28 78 94 17 
48 84 54 97 96  0 27 39 
48 53 47 45 19 39 
44 22 56  4 17 24 
 5 15 24 55 22 
 7 43 83 67 68 12 
84 48 61 59 49 47 
61 58 33 47 36 
92 73 86 10 23 
58 59 49 33 81  2 
63 50 64 65 14 
62 50 20  9 64 93 
62 65 63 79 25 94 93 
64 62 79 14 18 
13 32 72 71 41 40 
46 31  7 57 68 
51  1 46 67 57 12 
 3 37 73 70 85 
74 88 69 73 87  6  3 
10 22 16 72 66 40 
15 32 66 71 22 
60 92 74 86 85 70 69 
34 88 98 70 73 92 
13  1 38 20 76 
 9 77 20 75 13 41 
 9 76 96 89 41 27 78 
27 77  9 93 94 52 
64 65 25 80 35 18 24 
79 35  7  5 24 
49 29 61 12 51  2 
43 42 83 88 11 87 
82 88 34 43 57 12 
58 49 53 48 30  0 
37 69 73 86 44  4 
60 73 85 44 10 
88 70 82 11  6 
83 82 34 74 70 87 
96 77 97 41 40  0 
 6 11 91 36 26 
11 90 14  8 36 
60 73 74 23 98 99 
63  9 64 94 78 
25 64 93 17 78 52 
38 50  8 33  2 
89 77 97 53 27 
96 89 53  0 
29 34 74 92 99 
92 98 23 21 29 
