16 30 39 87 93 51 82 
73 13 49 37 66 44 
32 91 49 79 37 59 
26  6 68 67 36 96 97 
36 83 19 28 43 53 17 
65 31 15 54 24 78  7 
88 11 26  3 85 68 
55 65 78 34  5 42 
91 32 35 98 99 14 48 
20 74 61 89 75 76 
23 16 58 69 84 43 22 
14 18 88  6 85 80 41 99 
66 49 79 29 33 55 81 
73  1 31 64 40 74 44 
11 18 99  8 63 60 48 
31  5 54 70 22 
 0 30 39 23 10 69 
53  4 28 50 90 25 24 
34 77 14 11 41 63 
52 96 38 36  4 28 
 9 74 73 61 37 48 
47 29 30 94 95 23 
43 10 69 70 15 54 53 
95 21 58 30 16 10 
78  5 77 54 25 53 17 
77 62 24 90 17 
97 45 35  6 88  3 
76 50 28 38 51 75 92 
 4 19 38 17 50 27 
47 79 21 94 33 12 
16  0 82 47 21 23 
65  5 13 64 15 44 70 
91  2  8 57 35 59 
94 29 72 12 86 81 
77 18 78 42  7 41 
57 32  8 98 26 45 88 
83 67 19 96  4  3 
49  1 73 91  2 20 48 
52 51 19 28 27 
40 87 64  0 16 69 
39 87 64 13 74 75 
11 18 80 34 42 
 7 55 41 80 34 81 
 4 83 53 84 10 22 
65 31 13  1 66 
97 26 57 56 52 35 46 
82 56 45 52 51 
29 79 21 59 56 82 30 
 8 14 60 91 37 20 61 
79  2 37  1 66 12 
76 90 17 28 27 
 0 93 82 38 52 46 27 92 
19 96 38 51 45 46 97 
54 24 22 43  4 17 
15  5 24 53 22 
66 65 12  7 81 42 
57 45 46 59 47 82 
56 45 35 32 59 
95 71 23 10 84 
57 56 47 79 32  2 
61 62 63 14 48 
 9 20 89 62 60 48 
89 61 77 25 60 90 63 
60 62 77 18 14 
40 39 31 13 70 69 
31  5 44 66 55  7 
49  1 44 65 12 55 
83 71 68  3 36 
85  6  3 67 86 72 71 
39 64 70 16 10 22 
31 64 15 69 22 
68 72 67 83 95 58 84 
94 33 95 86 68 71 
20 74 13  1 37 
20  9 73 40 13 75 
40 87  9 74 76 27 92 
90 50 89  9 75 27 
34 18 78 24 25 62 63 
77 34 24  5  7 
49  2 29 47 59 12 
11 85 41 86 81 42 
12 33 55 86 80 42 
 0 30 51 47 56 46 
71 67 84 36  4 43 
43 83 71 58 10 
 6 11 80 86 68 
72 33 80 85 68 81 
39 40  0 93 75 92 
 6 11 26 35 98 99 
61 62  9 90 76 
89 62 25 76 50 17 
32  2  8 37 48 
27 75 93 87 51 
 0 87 51 92 
29 33 95 21 72 
71 72 58 94 21 23 
52 19 36  3 97 
45 26  3 96 52 
 8 35 88 99 
14 11 88 98  8 
