80 85 47 76 28 15 35 
51 40 45 67 83 12 
29 83 45 73 55 
88 25  5 62 61 87 33 
50 23 72  6 60 14 91 
10 78  3 62 25 81 
31 38 72 51 60  4 
83 29 13 44 89 32 
19 68 70 82 69 57 
54 22 15 63 95 93 21 
17 13 90  5 78 74 37 81 
30 75 27 45 51 73 
67 68  1 40 36 59 92 
44  7 56 17 89 90 10 
 4 50 91 92 64 21 
 9 63 22 28  0 35 
98 99 46 24 23 49 26 39 
71 31 56 13 10 37 
87 48 33 26 34 
67 83 68  8 44 57 
97 86 27 43 22 28 
 9 63 93 64 14 50 49 39 
20 86 54  9 28 15 
72  4 71 24 16 50 49 
23 71 58 99 16 
 3 88  5 41 32 81 
46 16 39 77 33 18 34 
20 43 30 96 11 97 73 
 0 76 22 20 43 15 
83  7  2 55 53 32 
11 75 66 96 27 79 
72 71  6 17 38 37 
29  7 89 53 41 25 81 
61  3 87 77 18 26 
48 18 47 85 84 46 26 
15 63 59  0 80 36 
69 68 80 12 59 35 
10 17 74 31 38 
31 37  6 74 75 51 
93 21 49 77 26 16 
51 60  1 12 91 92 
42 48 52 53 88 32 25 
41 52 48 47 76 
28 76 52 20 27 73 55 
13  7 83 19 56 57 
51 11  1 83  2 73 
98 70 16 84 26 34 
42 48 76  0 85 34 
41 88 87 18 42 47 34 
23 16 50 21 39 
49 23  4 14 21 
45 11 40 60 75 38  6  1 
41 53 42 76 43 55 
52 41 29 55 32 
65 86 22 94  9 95 
29 53  2 73 43 52 
44 13 17 58 71 57 
56 44 19 58 82  8 
82 99 24 71 56 57 
64 63 36 12 35 92 
51 40  6  4 91 
65 62  3 94 77 33 
65 61  3  5 66 78 79 
64 59 15  9 35 21 
59 63 14 92 21 
66 86 54 62 61 94 
62 65 30 96 79 97 86 
19 83 68  1 12 
67 19  8 12 69 36 
 8 70 68 84 80 36 
 8 82 98 46 69 84 
72 31 23 17 24 58 56 
71 31 23  4  6 
45 11  2 27 43 55 
37 10 78 38 75 79 
30 11 38 74 79 51 
52 43 42 47  0 28 
94 61 93 39 26 33 
10  5 62 79 74 
66 62 78 74 30 75 
84 85 69 36  0 35 
25  5 10 90 32 89 
70  8 98 99 58 57 
29  7 19 67 44  1 45  2 
46 70 69 80 85 34 
80 84  0 47 34 
20 97 66 65 22 54 
88  3 48 18 33 
 3 25 41 48 87 
13  7 90 32 81 
89 13 10 81 
 4 60 14 40 92 
14 64 91 59 12 40 
77 39 94 95  9 21 
54 65 77 61 93 95 
94 54  9 93 
30 66 27 97 
27 96 20 66 86 
82 99 70 16 46 
98 82 16 58 24 
