50 39 44 66 82 11 
28 82 44 72 54 
87 24  4 61 60 86 32 
71 22 90 59  5 13 49 
 9 77 61  2 24 80 
30 37 50 59 71  3 
82 28 12 43 88 31 
18 67 69 81 68 56 
14 62 21 53 20 92 94 
16 12 89  4 77 73 36 80 
29 74 26 44 50 72 
91 39 66 67  0 58 35 
43  6 55 16 88 89  9 
90 91  3 63 49 20 
 8 62 34 21 27 98 
45 97 25 23 22 48 38 
70 30 55 12  9 36 
33 25 86 47 32 
66 82 67  7 43 56 
26 42 27 21 85 96 
63 13 49 62 48  8 92 38 
 8 53 14 27 19 85 
71  3 70 23 15 49 48 
22 70 57 97 15 
 2 87  4 40 31 80 
45 15 33 17 38 76 32 
96 95 29 10 19 42 72 
42 75 19 21 14 98 
82  6  1 54 52 31 
10 74 65 95 26 78 
71 70  5 16 37 36 
28  6 88 52 40 24 80 
60  2 86 76 17 25 
25 45 84 83 17 47 46 
14 62 58 99 79 35 98 
68 79 34 58 67 11 
 9 16 73 30 37 
30 36  5 73 74 50 
92 20 48 76 25 15 
50 59  0 11 91 90 
41 47 51 52 87 31 24 
51 75 40 47 46 
27 75 51 19 26 72 54 
12  6 82 18 55 56 
50 10  0 82  1 72 
15 97 69 83 25 33 
33 84 47 41 75 99 
40 87 41 86 17 33 46 
22 15 49 20 38 
 3 22 13 48 20 
44 10 39 59 74 37  5  0 
40 52 41 75 42 54 
51 40 28 54 31 
 8 21 85 94 64 
28 52  1 72 42 51 
43 12 16 57 70 56 
55 43 18 57 81  7 
81 97 23 70 55 56 
11 91 34 62 35 63 
50 39  5 90  3 
64 61  2 93 76 32 
 4 77  2 60 78 65 64 
14  8 34 58 63 20 
58 91 13 62 20 
85 53 94 93 65 60 61 
61 64 96 95 29 78 85 
18 82 67  0 11 
66 18  7 11 68 35 
69 83 79  7 67 35 
81 97 45 83  7 68 
71 30 22 16 23 57 55 
70 30 22  3  5 
44 10  1 26 42 54 
36  9 77 37 74 78 
29 10 37 73 78 50 
51 42 27 98 99 41 46 
93 60 92 38 25 32 
 9  4 61 78 73 
65 61 77 73 29 74 
84 83 68 99 34 35 
24  4  9 89 31 88 
69 97  7 57 56 
28  6 18 66 43  0 44  1 
69 45 84 79 68 33 
79 83 99 33 46 
21 53 19 96 65 64 
87  2 47 17 32 
 2 24 40 86 47 
12  6 89 31 80 
88 12  9 80 
39 59 91  3 13 
11 39 90 58 13 63 
20  8 38 94 93 76 
94 92 64 60 76 
 8 53 92 93 64 
65 96 29 26 
65 95 26 19 85 
69 81 15 45 57 23 
27 14 34 99 75 
79 84 34 98 75 46 
