10 38 65 49 43 81 
27 81 43 71 53 
86 85  4 60 59 23 31 
89 58  5 70 21 48 12 
23  2 76 99 60 79 
29 36 49 58 70  3 
81 27 11 42 87 30 
17 66 68 80 55 67 
91 19 20 52 93 61 13 
28 73 25 43 49 71 
65 66  0 38 34 57 90 
42  6 15 54 98 87 88 
 3 89 48 19 62 90 
26 20 61 33  8 96 
22 95 21 44 24 47 37 
69 29 54 11 98 35 
32 46 85 24 31 
65 81 66  7 42 55 
94 84 25 41 20 26 
47 48 37 91  8 12 62 61 
84 18 52  8 26 13 
70  3 69 22 14 48 47 
21 69 56 95 14 
 2  4 86 39 30 79 
16 32 44 14 31 75 37 
18 41 94 28  9 71 
41 18 20 13 74 96 
81  6  1 53 51 30 
 9 73 64 94 25 77 
 5 70 69 15 36 35 
27 51 39 23  6 87 79 
24 75 16 85 59  2 
16 46 24 44 82 83 45 
57 34 78 97 61 13 96 
10 66 57 33 78 67 
36 29 99 98 15 72 
72 73 35 29  5 49 
91 19 47 75 24 14 
49 58  0 10 89 90 
50 51 40 46 86 23 30 
39 46 50 45 74 
74 50 25 18 26 71 53 
11  6 81 17 55 54 
49  9  0 81  1 71 
68 95 24 32 14 82 
40 46 32 83 97 74 
32 16 85 86 39 40 45 
21 14 48 19 37 
47 21 19  3 12 
43  9 38 58 73 36  5  0 
74 41 39 51 40 53 
50 39 27 53 30 
84 63 20  8 93 
27 51  1 71 41 50 
56 69 15 11 55 42 
56 80 42 17  7 54 
80 95 22 69 55 54 
34 33 10 61 62 90 
49 38  5 89  3 
63 60 92 75  2 31 
63 59 76  4 64  2 77 
62 19  8 57 33 13 
12 19 61 57 90 
84 64 52 93 92 60 59 
60 63 28 94 77 84 
17 81 66 10  0 
65 17 10  7 34 67 
82 68 78  7 34 66 
80 95  7 44 82 67 
70 29 21 15 22 56 54 
 5 29  3 69 21 
43  9  1 25 41 53 
35 99 36 73 76 77 
36 72 28  9 77 49 
97 45 40 50 41 26 96 
92 59 91 31 24 37 
99  4 60 77 72 
76 72 64 28 60 73 
82 83 34 33 97 67 
88 98 99  4 23 30 87 
56 95 68  7 55 
27  6 17 65 42  0 43  1 
44 32 83 68 78 67 
82 32 45 78 97 
94 18 64 63 52 20 
16 46 86  2 31 
39 23 85 46  2 
11  6 88 30 79 
98 11 87 79 
38 58  3 12 90 
57 62 12 89 10 38 
37 19  8 93 92 75 
93 63 91 75 59 
52 63 92  8 91 
28 64 18 25 84 
80 56 68 22 14 44 
74 26 97 13 33 
45 83 78 33 74 96 
15 11 88 99 35 79 
76  4 35 98 79 72 
