10 38 99 43 79 63 
43 69 52 27 79 
58  4 23 84 61 83 31 
48 21  5 57 87 68 12 
97 77 74 23  2 58 
57  3 68 36 98 29 
30 27 85 11 42 79 
17 64 54 78 66 65 
59 19 89 13 20 51 91 
43 69 28 71 99 25 98 
34 64 88 38 56  0 63 
85 86  6 42 15 53 96 
87 88 48 19  3 60 
 8 20 59 33 26 94 
93 44 24 37 21 47 22 
53 11 29 35 96 67 
32 24 46 83 31 
 7 64 54 42 79 63 
26 20 41 82 92 25 
59  8 89 37 47 48 12 60 
26 18  8 13 51 82 
 3 48 47 14 22 67 68 
21 14 93 55 67 
30 39 77 84  2  4 
14 44 37 73 32 16 31 
41 69 92 28 18  9 
41 72 18 20 13 94 
30  6 50  1 52 79 
 9 71 75 92 25 62 
15 35 67 68  5 36 
23 39 85 77  6 27 50 
83  2 90 73 16 61 24 
80 44 24 16 46 45 81 
13 59 56 34 76 95 94 
10 64 56 33 65 76 
29 15 96 97 70 36 
70 35 71 98  5 29 
24 73 14 47 19 89 
10 88 57 99 87  0 
23 30 84 46 49 40 50 
72 45 46 49 39 
26 18 25 69 52 49 72 
 6 11 54 17 53 79 
 9 69 99  1  0 79 
80 66 93 14 24 32 
72 40 95 46 32 81 
45 40 32 16 83 84 39 
21 48 14 37 19 
21  3 47 19 12 
40 39 50 52 41 72 
30 27 49 39 52 
 8 20 91 61 82 
 1 27 50 69 41 49 
15 11 54 55 42 67 
17  7 42 78 55 53 
78 54 53 93 67 22 
34 10 88 33 59 60 
 5  3 99 38 87 98 
75 62 74 61  2  4 
 8 19 13 33 56 60 
56 88 12 59 19 
 2 58 31 62 91 51 82 90 
75 58 61 82 92 28 
79 17  0 64 10 
34 10 17  7 65 63 
66 80  7 64 34 76 
80 44 78  7 65 93 
29 15 53 55 22 21 68 
 3 21 67 29  5 
43  9  1 25 41 52 
35 97 74 36 71 75 
28  9 36 70 75 98 
41 26 45 40 95 49 94 
24 37 90 31 89 
75 70 97 58  4 
74 58 70 71 28 62 
95 33 65 80 34 81 
86 85 30 23 96 97  4 
54 55  7 66 93 
 1 43  0 17 42  6 27 63 
66 44 65 32 76 81 
76 80 32 45 95 
18 20 51 92 62 61 
 2 84 46 16 31 
 2 23 83 46 39 
86 77 11 30  6 
85 77 11 96 
57 38 88  3 12 
10 38 87 56 12 60 
37 19  8 73 91 90 
61 31 91 73 89 
89  8 51 61 90 
82 18 25 28 62 
14 44 66 78 55 22 
26 72 95 13 33 
45 72 76 33 94 81 
15 35 86 77 11 97 
70 35 96 74 77  4 
36  5 57 99 71  9 
57 38  9 43  0 98 
