17 91 69 49 92 50 
 9 59 75 74 17 69 
23 67 14 15 79 
63 57 23 34 16 
99 55 44 13  6 53 54 
46 43 48 80 53 
43 36 94 53  4 13 72 
75  9 41 34 38 35 
33 58 18 24 19 31 
40 59 41  1 75  7 
99 44 45 14 15 98 30 
52 64 97 42 33 19 
31 58 90 70 84 32 
72  6  4 73 44 
15 10  2 23 63 45 
10 14  2 30 79 29 
61 65  3 57 34 25 86 
 0 91  1 74 69 28 68 
 8 24 51 41 40 38 19 
33 11  8 52 40 18 
73 44 60 37 21 62 45 
73 72 20 27 49 37 71 
35 38 89 82 25 56 51 
75 67 34  2 14 63  3 
39 51 18  8 31 
89 65 16 35 34 22 
37 27 85 60 76 77 47 96 
49 21 37 26 76 
68 78 17 91 90 32 
30 15 79 78 87 39 32 
15 10 98 55 82 29 87 
39 24 12 58  8 32 
28 78 31 12 90 39 29 
36 83 58 42 11  8 19 
23 75  7 35  3 16 25 
 7 38 34 25 22 
33 83 94 42 43  6 
60 26 20 21 27 
 7 41 35 22 51 18 
51 24 56 31 87 29 32 
 9 59 52 41 18 19 
 9 40  7 38 18 
43 46 36 97 11 33 
 5 53 46 42 36  6 
99 10 45 20  4 73 13 
63 14 62 10 44 20 
48  5 47 97 96 43 42 
26 85 48 46 61 96 
61 47 46  5 80 66 
27 21 76 92  0 71 50 
49  0 71 70 91 
22 38 56 39 24 18 
40 59 64 11 19 
80  5  6 43  4 54 
80 81 88 55  4 53 
99  4 98 88 82 30 54 
22 82 51 39 87 
63  3 60 62 16 86 
33 83  8 12 31 84 
40  9 52  1 64 93 69 
26 37 20 62 57 85 86 
16 65 85 47 48 86 66 
60 57 63 20 45 
23 14  3 57 62 45 
97 77 93 52 11 59 
61 16 89 81 25 66 
61 65 81 48 80 
75 23  2 74 79 68 
74 17 28 67 79 78 
 1 17  0 59 93 92 
50 91 71 95 90 12 84 
21 49 72 50 70 95 
73 13 21 71  6 94 95 
72 21 20 44 13 
75 67  1 17 68 
23 67 34  1  9  7 74 
49 27 93 77 26 92 
97 64 93 76 26 96 
68 79 29 28 32 
67  2 15 68 78 29 
48  5 66 81 53 54 
89 65 88 66 80 54 
89 22 88 55 30 56 87 
33 36 58 94 95 84 
12 70 95 83 58 
61 47 26 60 86 
16 57 61 85 60 
39 56 29 30 82 
81 89 82 55 54 
81 65 25 22 82 88 
70 91 12 28 32 
50  0 70 17 28 90 
49  0 69 93 76 
64 77 59 69 76 92 
36 83  6 72 95 
94 83 70 71 72 84 
26 77 47 97 46 
64 77 11 96 46 42 
99 55 10 30 
10 44  4 55 98 
