10 37 61 97 42 77 
67 51 42 77 26 
82  4 81 30 59 56 
55  5 66 21 85 12 47 
82  2 75 56 72 95 
28 35 55  3 66 96 
77 41 11 83 29 26 
63 64 62 17 52 76 
57 13 89 87 50 20 19 
67 42 27 69 24 97 96 
37 86 33 62 61 54  0 
84 94 15 83 99  6 41 98 
58 86 85  3 19 47 
25 92  8 57 20 32 
46 21 22 36 23 91 43 
94 11 34 99 65 28 
45 31 30 81 23 
 7 52 61 62 41 77 
25 40 20 90 80 24 
36 87 46 12 58 57  8 47 
25 13  8 50 18 80 
66  3 65 47 46 14 22 
65 21 53 14 91 
30 16 71 31 36 14 43 
40 67  9 27 18 90 
70 40 18 92 13 20 
77  1  6 51 49 29 
 9 69 24 90 73 60 
 5 66 15 34 35 65 
 6 83 75 38 49 26 
 2 81 16 71 88 23 59 
45 16 44 79 78 23 43 
57 13 54 92 33 74 93 
10 62 54 63 32 74 
95 68 35 94 15 28 
 5 28 68 69 34 96 
14 46 19 23 71 87 
10 86 85 55  0 97 
39 45 48 82 75 49 29 
70 48 44 45 38 
70 48 51 67 24 25 18 
17 52 77  6 11 98 
67  1  0 97  9 77 
23 31 91 64 14 78 
39 70 45 31 93 79 
31 16 39 44 38 82 81 
47 19 21 14 36 
21 46 19 12  3 
70 39 38 40 51 49 
51 48 38 29 26 
59 89  8 20 80 
67  1 40 48 49 26 
 7 17 41 76 53 98 
76 52 65 22 99 91 98 
10 86 33 58 57 32 
 3  5 85 37 97 96 
72 73  4  2 59 60 
54 58  8 13 32 19 
54 86 57 12 19 
56 60  2 88 30 89 50 80 
56 73 90 80 59 27 
10 62 17  0 77 
33 10 61 63  7 17 
 7 64 33 62 74 78 
63  7 78 76 91 43 
66 21 22 53 99 15 28 
 3 21 65  5 28 
51  1 42 40 24  9 
69 35 34 95 73 72 
68 35 27  9 96 73 
48 40 25 92 39 44 93 
88 30 23 36 87 
68 95 73 56  4 
69 68 27 72 56 60 
63 33 32 78 93 79 
82 38  4 95 94 84 83 29 
 7 64 52 53 91 
41 17 61  0 42  1  6 26 
63 64 74 79 31 43 
44 31 78 74 93 
59 60 50 90 18 20 
 2 30 82 16 45 
75  4  2 38 45 81 
84 75 11  6 29 
94 11 75 83 
12 86  3 55 37 
37 10 54 58 12 85 
88 71 89 36  8 19 
71 87 30 59 89 
88 87 59 50  8 
18 24 80 27 60 
22 14 76 64 53 43 
70 25 13 32 93 
32 92 74 70 44 79 
84 11 15 95 75 34 
68 34 72  4 75 94 
69 35  5  9 97 55 
55 37  0 42  9 96 
53 52 99 41 11 
65 53 15 11 98 
