41 96 36 60 76 10 
76 25 50 66 41 
81  4 55 80 29 58 
 5 54 65 84 12 46 21 
94 71 74 81  2 55 
95 54 65 27  3 34 
40 11 76 25 28 82 
17 61 51 63 62 75 
49 20 13 56 19 88 86 
23 66 41 96 95 68 26 
60 61 32 53 85 36  0 
97 15 40 93  6 83 82 
57 19 85 84  3 46 
56 31 20  8 24 91 
98 21 90 45 42 22 35 
64 97 11 93 33 27 
29 22 30 44 80 
 7 61 51 60 76 40 
20 79 24 89 23 39 
57 56 12  8 46 86 35 45 
49 79  8 13 18 24 
14 98 45  3 46 99 64 65 
42 14 29 16 30 35 70 
66 39  9 18 89 26 
20 13 18 91 39 69 
76  1 50  6 28 48 
72 68  9 59 89 23 
33 34 64 15  5 65 
 6 25 82 74 48 37 
16 22 70 87 80  2 58 
42 77 22 16 44 78 43 
32 73 53 56 13 91 92 
31 73 53 10 61 62 
67 34 93 15 27 94 
68 95  5 67 33 27 
22 14 45 19 70 86 
96 54 85 10  0 84 
81 44 38 74 47 48 28 
37 44 47 69 43 
50 66 23 18 47 24 69 
17 51 76 97 11  6 
 1 76 96  9 66  0 
14 90 22 63 77 30 
78 92 69 38 44 30 
30 16 80 81 37 38 43 
14 21 46 35 19 
 3 12 19 21 45 
50 39 48 69 38 37 
47 50 25 28 37 
79 58 20 87  8 88 
66 39  1 25 47 48 
 7 17 40 97 52 75 
97 64 51 99 90 75 
32 31 10 56 85 57 
95 96 36  5  3 84 
58 59  2 72 71  4 
31 13 53 57 19  8 
56 19 12 53 85 
79 59 49 55 87 29  2 
55 58 79 89 72 26 
17 61 76 10  0 
17  7 60 10 32 62 
73 77 63 32  7 61 
42 77 90 62  7 75 
97 15 52 99 21 27 65 
 5  3 27 21 64 
50 39  1 23  9 41 
33 34 68 94 71 72 
95  9 72 67 34 26 
39 24 91 92 47 38 43 
29 22 35 87 88 86 
67 94  4 72 55 
55 71 59 67 68 26 
31 32 62 77 92 78 
 4 94 83 81 82 28 37 
63 90 52  7 51 
60 17 40  1 25 41  6  0 
63 42 30 73 62 78 
73 77 92 30 43 
58 59 49 20 18 89 
 2 81 44 16 29 
 4 74  2 37 44 80 
83 74 28  6 11 
93 11 94 74 82 
85 12  3 54 36 
10 53 36 57 12 84 
 8 19 88 70 35 
58 29 49 88 70 
87 49  8 70 86 
18 23 79 59 26 
98 14 42 63 99 52 75 
31 13 24 92 69 
31 73 91 78 69 43 
11 15 33 83 94 
67 33 93 71  4 74 83 
96 54  9 68  5 34 
41  9 95 54 36  0 
64 15 52 11 51 40 
14 21 90 99 
52 64 21 98 90 
