58 74 39  9 34 94 
74 24 39 64 48 
 4 53 27 78 56 79 
82 11 52 44 20  5 63 
 2 79 72 53 69 92 
52  3 93 32 63 98 
26 24 38 10 74 80 
16 59 49 73 61 60 
66 93 94 39 64 25 22 
30 59 34 83 58 51  0 
38  6 95 14 80 91 81 
55 83 82  3 44 18 
19 54 29 89 23 
33 21 43 20 40 88 96 
95 10 62 91 31 99 
28 21 27 78 42 
58 74 59  7 49 38 
23 37 22 87 19 77 
55 11 44 54 84 43 33 
54 12 47 77 23 17 
43 13 97 62 96 63  3 44 
13 33 68 40 28 27 15 
37 64 17  8 25 87 
37 67 19 12 89 17 
74  1 48 26  6 46 
 8 66 22 87 57 70 
 6 24 46 80 35 72 
85 56 68 21 15 78  2 
40 21 76 41 75 15 42 
51 30 54 12 55 71 90 89 
 9 59 51 60 29 71 
91 14 98 32 65 99 92 
66 93 31 65  5 98 
13 21 43 68 84 18 
 9 83  0 94 52 82 
45 36 46 42 79 26 72 
35 45 67 41 42 
48 64 45 22 17 23 67 
16 49 74  6 10 95 
 1 74 64  0 94  8 
13 21 88 61 75 28 
67 90 76 28 36 42 
36 35 79 78 15 41 28 
13 33 20 44 18 
11  3 43 20 18 
48 37 46 35 36 67 
48 45 26 24 35 
54 84 19 77 86 56 
 1 24 64 37 45 46 
 7 16 73 50 38 95 
73 49 88 95 62 97 
 9 83 30 29 55 
94 34 93 82  3  5 
70 69  2 56 57  4 
47 84 19 12 29 55 18 
51 83 11 29 54 18 
53 57 77 27 85 86 47  2 
53 56 77 87 25 70 
16 74 59  9  0 
58 16  7 30  9 60 
61  7 59 30 75 71 
73 88  7 40 75 60 
95 14 50 97 20 99 63 
 5 98  3 99 20 62 
 1 39 48 37 22  8 
31 32 70 69 92 66 
93 32 65  8 25 70 
90 41 89 45 37 36 23 
33 21 86 85 84 27 
53 70 65 92  4 
69 65 25 57 53 66 
76 75 60 30 90 29 
35 26 79 80 81 92  4 
 7 49 50 88 61 
 1 24 16 58 39 38  6  0 
61 40 60 28 76 71 
90 41 28 75 71 
19 47 87 57 56 17 
15 27  2 79 42 
35 42 78  2 72  4 
 6 10 26 81 72 
80 10 91 92 72 
11 83  3 52 34 
34  9 51 55 11 82 
54 47 86 68 33 18 
86 68 27 56 
47 84 68 85 56 
22 25 17 57 77 
73 50 97 61 13 40 96 
90 67 29 12 23 
67 41 76 71 29 89 
10 14 31 81 92 
91 31 65 69 81 72  4 
66 32 94 52  8  5 
 0 34 39 52 93  8 
50 49 38 10 14 62 
13 88 97 20 
50 88 62 20 96 
31 32 99  5 63 
31 14 98 62 63 
