56 72 37  8 32 92 
72 22 37 62 46 
 4 51 25 76 54 77 
80 10 50 42 18  5 61 
51 67  2 77 90 70 
91 30 50 96  3 61 
36  9 78 72 22 24 
14 57 47 71 59 58 
28 57 32 81 56 49  0 
93 36 13 89 79 78  6 
53 81 80  3 42 16 
17 52 27 87 21 
31 19 41 18 38 86 94 
93  9 60 89 29 97 
56 72 57  7 47 36 
21 35 20 85 17 75 
53 10 42 52 82 41 31 
52 11 45 75 21 15 
41 12 95 60 94 61  3 42 
12 31 66 38 76 26 25 
23 85 15 35 62 98 
35 65 17 11 87 15 
72  1 46  6 44 24 
55 85 20 98 64 68 
44 33 70 78 22  6 
83 54 66 19 76  2 
76 19 38 74 39 73 40 
49 28 52 11 53 69 88 87 
 8 57 49 58 27 69 
63 30 89 13 96 90 97 
64 91 63 29 96  5 
12 19 41 66 82 16 
 8 81  0 92 50 80 
43 34 40 77 44 70 24 
33 43 65 39 40 
15 21 65 43 46 20 62 
14 47 72 93  9  6 
 1 72 62  0 92 99 
12 19 86 59 73 26 
65 88 74 26 34 40 
34 33 77 76 39 26 
12 31 18 42 16 
10  3 41 18 16 
33 34 65 44 46 35 
46 43 33 22 24 
52 82 17 75 84 54 
 1 22 62 44 43 35 
 7 14 71 48 36 93 
71 47 86 93 60 95 
 8 81 28 27 53 
92 32 91 80  3  5 
 4 67  2 54 55 68 
45 82 17 11 27 53 16 
49 81 10 27 52 16 
51  2 25 83 55 75 84 45 
23 85 75 54 51 68 
14 72 57  8  0 
56 14  7 28  8 58 
59  7 57 28 73 69 
71 86  7 38 73 58 
93 13 48 95 18 97 61 
 5 96  3 97 18 60 
 1 37 46 99 35 20 98 
29 30 64 90 67 68 
91 30 63 23 98 68 
88 39 87 43 35 34 21 
31 19 84 83 82 25 
 4 51 63 90 68 
51 55 23 64 63 67 
74 73 58 28 88 27 
77  4 90 79 33 78 24 
 7 47 48 86 59 
 1 22 14 56 37 36  0  6 
59 38 58 26 74 69 
88 39 26 73 69 
17 45 85 55 54 15 
26 19 25  2 77 40 
 4  2 33 40 76 70 
79  9  6 70 24 
89  9 78 90 70 
10 81  3 50 32 
32  8 49 53 10 80 
52 45 84 66 31 16 
84 66 25 54 
66 82 83 45 54 
23 55 75 20 15 
71 48 95 59 12 38 94 
88 65 27 11 21 
65 39 74 69 27 87 
 9 13 29 90 79 
63 29 89 67  4 79 70 
64 30 50 92 99 98  5 
 0 37 32 50 99 91 
48 47 36  9 13 60 
12 86 95 18 
48 86 60 18 94 
29 30 97  5 61 
29 13 96 60 61 
23 64 91 99 20 62 
92 37 62 91 98 
