56 71 37  8 32 90 
37 71 22 62 46 
75 25 51  4 76 54 
18 42 10 79 50 61  5 
51 67  2 99 69 76 
89 50 61 94  3 30 
22 71 24 36 77  9 
58 57 14 59 70 47 
56 57  0 32 49 80 
78 88 77 13 91 36  6 
16 42 53  3 79 80 
52 27 17 86 21 
31 66 19 38 85 41 92 
88 29 95 60 91  9 
56 71 57  7 36 47 
20 84 35 74 17 21 
41 42 81 52 53 31 10 
15 74 52 11 45 21 
42  3 41 93 60 92 61 
25 66 75 12 38 26 
62 96 35 15 84 23 
15 17 11 35 65 86 
 1 71  6 24 44 46 
84 55 64 96 20 68 
 6 22 44 77 69 33 
75  2 82 66 19 54 
19 75 38 40 39 73 72 
28 87 86 11 52 49 53 
87 27 58 57 49 73 
30 63 94 98 88 95 13 
89 64  5 63 94 29 
81 66 16 12 41 
 8  0 90 80 79 50 
44 43 24 69 34 40 76 
43 33 65 40 39 
20 62 65 43 46 21 15 
14 71  6 47 91  9 
 0 71 97 62  1 90 
59 85 12 19 26 72 
86 87 40 34 26 65 73 
26 75 76 34 33 39 
18 42 16 31 12 92 
16 41 18  3 10 
35 65 46 44 33 34 
22 24 46 43 33 
74 17 52 54 83 81 
 1 22 44 62 35 43 
36 91 48 70 14  7 
70 85 60 91 93 47 
28 27 57  8 53 80 
90 32 79  3 89  5 
67  4 68 55  2 54 
11 27 17 45 81 16 53 
16 52 27 49 80 10 
45 83 74 82 51  2 25 55 
84 23 74 54 68 51 
 0 71 14 57  8 
58 28 56 14  8  7 49 
28 57  7 59 73 72 
70 85  7 58 38 72 
48 91 18 93 13 95 61 
95 94  5 18 60  3 
20 96 97 37 35  1 46 
98 67 68 64 29 30 
97 96 23 68 63 89 30 
34 43 35 21 86 39 
31 81 82 25 19 12 83 
98 63 51  4 68 99 
23 55 67 63 64 51 
77 24 78 33 99  4 76 
59 85  7 48 47 
56  0 37 14  1 22  6 36 
26 38 73 59 58 
39 87 28 58 26 72 
15 84 17 45 54 55 
25  2 19 26 76 40 
75  2  4 69 33 40 
 6 24 69 78  9 
77 69 99 88  9 
80 32 10  3 50 
53 49  8 32 79 10 
66 83 45 52 16 31 
25 66 54 83 
45 54 82 66 81 
15 20 23 55 74 
59 70 38 48 12 93 92 
87 27 11 21 65 39 
28 27 86 39 73 
98 29 13 78 99  9 
50 90 64 97  5 30 
37 97 32  0 50 89 
60 48 47 36 13  9 
41 18 93 12 85 
18 60 48 85 92 
30 29 95  5 61 
94 29 13 60 61 
20 62 97 64 23 
62 96 37 64 90 89 
29 63 88 67 99 
69 78 88 98  4 67 
