54 69  8 88 35 30 
44 60 21 69 35 
52 49 73 24 74  4 
59  5 10 40 77 17 48 
67 97 74  2 49 65 
62 61 59 92  3 87 48 
34 69 21  9 75 23 
68 45 56 55 57 14 
54 55  0 47 78 30 
34  6 75 89 13 86 76 
51 78 77  3 40 15 
16 50 20 84 26 
36 83 29 64 39 18 90 
58 89 93  9 86 28 
34 45  7 69 54 55 
39 40 10 51 79 50 29 
98 72 43 50 20 11 
58 91  3 40 39 90 59 
64 24 73 36 12 25 
33 60 99 94 22 82 
99 98 16 33 63 11 84 
69  6  1 44 42 23 
66 53 94 19 82 62 
31 42 67 75 21  6 
73  2 52 80 64 18 
73 38 37 70 36 18 71 
47 51 27 50 11 85 84 
56 55 47 71 85 26 
13 93 86 92 61 96 
79 15 64 12 39 
88  0  8 78 77 48 
41 32 42 38 74 67 23 
41 31 63 38 37 
99 20 19 60 44 63 41 
69  6 89 45 14  9 
 1 60 88  0 69 95 
12 83 57 70 25 18 
38 25 32 63 84 85 71 
73 25 32 31 37 74 
40 17 29 12 15 90 
 3 10 15 39 17 
63 33 44 42 32 31 
21 44 41 31 23 
79 50 81 52 72 16 
 1 60 33 21 42 41 
34 89 68  7 46 14 
68 45 89 83 91 58 
51 78  8 55 27 26 
 3 77 30  5 87 88 
66 53 52  2 65  4 
43 79 16 11 15 51 26 
10 78 47 15 50 26 
24  2 43 72 81 80 53 49 
66 49 22 52 72 82 
 0 69 14 55  8 
 7 56 54 14  8 47 27 
 7 55 57 70 71 27 
68 83 36  7 56 70 
17 91 46 89 59 93 13 
92  5  3 17 58 93 
19 33 44  1 94 35 95 
65 66 62  5 92 28 96 
 5 61 94 22 66 87 95 
32 41 37 33 20 84 
81 79 29 80 12 24 18 
49 66 61  4 97 96 
53 49 22 65 61 62 
31 74  4 97 76 75 23 
83 57  7 45 46 
34  6 54  0 21  1 14 35 
56 57 36 25 71 
37 85 70 56 25 27 
98 82 52 43 16 53 
38 25 24  2 74 18 
73 38 31 67  2  4 
 9  6 67 76 23 
67 97 75 86  9 
10 78 30  3 48 
51 10 77 47  8 30 
81 64 43 50 15 29 
81 52 24 64 
79 64 43 52 80 
22 19 99 98 53 72 
68 57 12 36 46 91 90 
11 20 63 37 85 26 
37 84 71 27 26 
13  9 28 76 97 96 
62  5 95 88 48 
35  0 30 87 95 48 
34 45 46 58 13  9 
17 91 39 12 83 
58 17 83 46 90 
28 61 93  5 59 
59 58 13 28 92 
19 60 22 62 95 
62 94 87 88 35 60 
28 61 65 97 86 
67  4 65 76 86 96 
82 72 99 16 20 
82 19 98 20 33 
