 8 52 34 86 29 67 
58 41 34 20 67 
72  4 23 78 71 47 50 
 5 57 17 39 46 75 10 
72 65  2 95 63 47 
 3 57 59 60 85 90 46 
20 73  9 67 33 
14 43 55 54 66 53 
 0 52 53 45 29 76 
87 13 84 74 73  6 33 
 3 39 75 15 49 76 
16 98 82 48 25 
35 18 62 28 81 88 38 
87 56 84 27 91  9 
 7 43 53 52 67 33 
48 49 77 28 38 39 10 
98 96 70 11 42 48 
89 56 88 57  3 38 39 
71 24 35 23 62 12 
21 92 80 58 97 32 
22 41 73  1  6 67 
19 92 80 51 64 60 
30 65 40 41 73 20 
18 62 78 71  2 
18 71 37 35 69 68 36 
48 49 11 82 83 26 45 
69 54 83 25 53 45 
13 84 94 59 90 91 
77 62 15 12 38 
 0  8 86 46 75 76 
31 37 72 65 22 40 
40 61 36 37 30 
40 61 99 97 41 19 58 
 9 87  6 43 14 67 
 0 86 93 58  1 67 
18 24 68 55 12 81 
31 37 69 24 83 82 61 
71 24 72 31 36 30 
15 28 17 88 12 39 
17  3 15 38 10 
22 41 61 31 30 32 
40 22  1 58 20 32 
70 16 48 50 79 77 
 7 14 66 44 87 33 
66 43 87 81 89 56 
25 49 26 53  8 76 
85  5  3 75 86 29 
51 50  2 64 63  4 
11 16 42 25 49 15 77 
25 48 45 15 10 76 
47 51 70  2 78 79 42 
21 64 80 47 50 70 
 8  0 53 14 67 
 7 54 26  8 52 14 45 
 7 55 68 69 26 53 
 7 54 66 68 35 81 
17 89 57 87 13 44 91 
 5  3 17 56 90 91 
 1 41 19 92 93 34 32 
63 64 60  5 94 27 90 
59  5 85 64 21 92 93 
32 99 82 40 31 36 
28 77 23 18 78 79 12 
59 94 64 95  4 47 
59 63 51 21 47 60 
30 72 22  4 73 95 74 
 7 43 55 81 44 
20  1  6 34  0 52 14 33 
69 54 55 35 24 
68 54 24 26 83 36 
16 96 42 80 51 50 
18 24 37 72 23  2 
 4 65 37 71  2 30 
22 65 20 74  9  6 
95 84  9 73 65 
46  3 29 10 76 
45  8 29 75 10 49 
62 79 28 42 15 48 
23 62 79 50  2 
78 62 50 42 77 
19 21 51 70 97 96 
35 55 66 12 88 89 44 
98 99 61 11 25 83 36 
25 82 26 69 36 
13 27 94 95  9 74 
93 86 60  5 46 
34  0 85 93 46 29 
13 56 44 43  9 33 
89 17 12 81 38 
17 56 88 81 44 
59 27  5 57 91 
57 56 90 27 13 
21 19 60 93 58 
85 86 34 60 92 58 
59 27 63 84 95 
 4 65 94 84 63 74 
98 99 16 70 80 97 
19 80 32 99 96 
96 99 16 82 11 
96 98 61 32 82 97 
