 7 27 49 64 32 82 
55 32 64 18 39 
45  4 21 75 69 68 47 
 5 54 44 15 37 72 
62 69  2 45 91 60 
86 54 44 81  3 56 57 
50 49 41 63 51 52 
43 50 49  0 27 73 
99 31 83 70 98 71 12 80 
13 37 46 73 72 
23 96 94 14 46 
78 33 84 36 26 59 16 
 8 83 53 80 87 25 
74 26 37  9 46 36 
94 10 92 46 67 40 
53 85 37 36 84 54  3 
22 33 11 59 21 68 
93 77 30 55 88 19 
20 39 64 98 70  1 
17 77 88 48 61 57 
38 39 18 70 62 28 
59 75 16 68  2 
65 33 35 34 66 16 68 
43 24 79 96 10 46 73 
43 50 23 79 51 66 
80 12 87 90 56 86 
36 13 11 74 59 
 0  7 82 44 73 72 
69 62 20 35 29 38 
28 35 34 58 38 
95 93 38 39 58 17 55 
64 49 41 99 83  8 
 0 64 89 55 82  1 
78 11 22 65 52 16 
97 58 79 22 35 66 29 
28 69 22 34 29 68 
13 26 11 84 37 15 
13  9 72 36 15  3 
20 39 58 29 28 30 
38 20 18  1 55 30 
47 67 14 46 74 76 
 6 49 63 31 42 83 
41 63 78 83 85 53 
50 24  7 23 73 
82 81 27 72  5  3 
 2  4 47 48 61 60 
13  9 23 10 74 14 73 40 
67 48 45 75  2 40 76 
67 77 19 61 45 47 
 6 50  7 41  0 64 31 
43 24  6 49  7 51 
50 24  6 52 65 66 
65 51  6 63 33 78 
83 42 85 12 15 87 54 
15 53 87  3  5 86 
89 32  1 39 30 17 88 
90 60  5 86 25 61 57 
19 88 61 56 89 81  5 
97 34 38 30 95 29 
76 75 21 74 26 11 16 
91  4 90 45 61 56 
48 19 56 60 57 45 
69  4 70 20 28 71 91 
 6 41 42 78 52 
 0 49 32 31 18 98  1 99 
22 33 52 51 66 
34 79 65 51 22 24 
14 92 77 48 47 40 
22 35 69 16 21  2 
28 35 62  4 68  2 
20 62 18 98  8 71 
70 62  8 91 80 
37  9 73 27 44  3 
23 43 46  9  7 27 72 
59 26 13 46 40 76 
59 76 21  2 47 
47 75 40 74 59 
92 93 67 17 19 48 
42 63 11 33 84 85 52 
96 97 34 23 24 66 
71  8 12 91 90 25 
89 82 44  5 57 
 0 32 89 81 44 27 
31 41 42  8 53 12 
11 78 36 85 15 
78 84 42 53 15 
87 54  5 25 56 
12 53 54 25 86 
17 55 89 19 57 
55 32 82 81 88 57 
80 91 25 60 56 
62  4 71 80 90 60 
93 77 14 94 67 95 
92 77 17 95 30 
96 97 10 14 92 95 
97 58 94 30 93 92 
79 97 23 10 94 
96 79 34 58 94 95 
64 18 70 99  8 
64 98 31  8 
