62 47 31  7 27 80 
18 62 53 37 31 
67  4 73 21 43 45 66 
15 52 35  5 42 70 
60 67 89  2 58 43 
84 52 42 79 55 54  3 
39 47 50 49 48 61 
48 47  0 41 71 27 
69 68 78 30 95 81 12 
70 71 35 13 44 
93 92 23 14 44 
32 16 76 57 26 98 82 
85 51 81 25 78  8 
72 26 35  9 99 98 44 
10 92 90 65 44 38 
35  3 83 51 99 52 82 
32 11 57 21 66 22 
53 86 37 91 75 19 
20 68 37  1 62 95 
17 86 75 55 59 46 
60 68 18 37 28 36 
57 16 73  2 66 
34 33 64 63 66 16 32 
10 93 77 24 41 71 44 
49 64 77 23 41 48 
84 85 54 78 88 12 
57 11 13 72 98 
71 70  7 42  0 80 
67 34 60 20 36 29 
56 33 36 28 34 
39 47 62 95  8 81 
 1 62  0 53 87 80 
50 63 76 11 16 22 
29 56 94 77 64 34 22 
29 33 66 67 28 22 
70  9 13 99 15  3 
91 37 20 28 97 56 29 
20 18  1 53 17 91 36 
14 65 45 74 72 44 
 6 47 30 61 40 81 
61 76 39 81 51 83 
23 24 48 71  7 
 5 79  3 70 27 80 
58 59  2  4 46 45 
23 10 13  9 71 72 14 38 
 2 43 73 74 38 65 46 
75 65 19 59 43 45 
39  6 30 62 48  0  7 
 6 47 49 24 41  7 
64 63 24 50  6 48 
49  6 63 32 76 61 
40 81 15 83 85 52 12 
85 51 15  3 84  5 
 1 37 17 86 31 87 
84 25 88 58 55  5 59 
 5 79 54 87 86 19 59 
29 33 94 96 97 36 
21 16 11 26 73 72 74 
89  4 54 59 88 43 
58 43 54 55 19 46 
67  4 20 68 89 28 69 
50 76 40  6 39 
30 47  1 18 95  0 31 
64 49 50 32 22 
49 63 24 77 33 22 
14 90 38 45 75 46 
21 16  2 67 34 22 
60 28  4  2 66 34 
20 60 18 69  8 95 
60 68 89 78  8 
71  9 35  3 42 27 
70  9 23 41 44  7 27 
57 74 26 13 44 38 
57 21  2 45 74 
73 57 72 45 38 
17 91 90 65 19 46 
32 50 11 61 40 83 82 
94 93 64 24 33 23 
69 89  8 88 25 12 
42  5 55 87 80 
27  0 42 31 79 87 
40 39 30  8 51 12 
99 15 98 83 11 76 
15 51 40 76 82 
85 25 54  5 52 
84 25 52 51 12 
17 53 87 55 19 
53 86 31 55 79 80 
58 89 78 25 54 
60  4 69 78 58 88 
14 92 65 96 91 75 
17 37 36 96 97 75 90 
93 94 10 14 90 96 
94 92 10 77 23 
93 92 56 33 77 96 
30  8 68 18 62 
94 92 90 56 97 91 
96 56 91 36 
13 26 99 11 82 
15 35 13 98 82 
