59 44 30  7 26 77 
30 59 17 50 99 
64  4 63 20 70 40 42 
14 49 39 67 97  5 
64  2 86 57 40 55 
49 81  3 76 52 39 51 
36 44 47 46 58 45 
 0 26 38 45 44 68 
66 65 92 29 75 12 78 
69 96 41 97 67 68 
22 90 89 13 41 
25 54 79 95 73 31 15 
82 24 48 75  8 78 
87 89 62 35 10 41 
49 48 80 97  3 79 95 
20 54 11 31 21 63 
98 88 50 83 18 72 
19 65 92  1 59 99 
83 16 43 56 52 72 
17 65 98 34 57 27 99 
54 70  2 63 15 
61 60 32 31 33 63 15 
10 90 74 23 38 41 68 
46 61 45 74 22 38 
85 51 81 82 12 75 
54 11 71 69 95 96 
67 39  0  7 68 77 
57 64 33 28 19 34 
53 32 34 27 33 
92  8 59 44 36 78 
 1 59  0 50 84 77 
47 60 21 73 11 15 
28 53 91 61 21 74 33 
28 32 21 63 64 27 
98 88 19 94 53 28 27 
62 42 13 71 69 41 
 6 44 58 37 29 78 
58 36 78 48 80 73 
22 23 45  7 68 
67 26  3  5 76 77 
 2  4 55 42 56 43 
10 22 69  9 35 13 68 
62 43 35 40  2 71 70 
40 42 56 18 62 72 
36  6 45 59 29  0  7 
 6 44 46 23 38  7 
61 60 23 47  6 45 
46 60  6 58 31 73 
82 49 12 78 37 80 14 
 5  3 81 82 48 14 
98 16 83 84 30  1 99 
52 56 24 81  5 55 85 
76 84 51 56 83  5 18 
28 32 34 91 93 94 
25 11 71 70 20 15 
85 51 40  4 86 56 
40 43 52 51 18 55 
86  4 64 66 19 65 27 
47  6 36 37 73 
30  1 17 92 29 44  0 
61 46 47 21 31 
46 60 23 21 32 74 
13 87 43 42 35 72 
 2 64 33 21 20 15 
 2  4 63 57 27 33 
66  8 92 17 19 57 
 8 65 57 86 75 
39 26  3 97  9 68 
67 26  7 38  9 22 41 
96  9 35 71 41 25 
54 71 20  2 42 
35 69 42 70 25 54 
16 88 87 18 43 62 
31 47 58 79 11 80 37 
91 90 61 23 32 22 
66  8 12 24 85 86 
52 84  5 39 77 
39 76 30 84  0 26 
48 37 12 36 29  8 
95 11 73 80 14 
48 37 73 79 14 
49  5 51 24 82 
49 48 12 24 81 
52 84 50 16 18 
76 52 83 50 30 77 
51 24 75 86 55 
57  4 66 85 75 55 
13 89 93 88 62 72 
34 98 16 94 93 87 72 
87 13 93 90 91 10 
91 89 10 22 74 
53 32 93 90 89 74 
 8 65 17 59 29 
87 89 88 91 53 94 
34 88 93 53 
79 11 25 14 97 96 
69  9 97 25 95 
67  3 14 96  9 95 
34 88 16 19 50 99 
50  1 98 17 19 
