58 43  7 29 25 75 
18 64 29 58 90 49 97 
 4 39 63 62 19 68 41 
 5 48 14 95 66 38 
54 84 56 39  2 63 
48 79 50 51  3 74 38 
35 43 46 45 57 44 
 0 43 44 37 67 25 
65 64 73 90 28 12 76 
99 40 98 94 95 67 66 
13 87 40 21 88 
30 15 71 93 24 53 77 
73  8 23 76 47 80 
85 87 40 34 61 10 
47 48 95  3 78 93 77 
20 62 30 19 11 53 
70 86 96 81 49 17 
16 70 81 51 55 42 
 1 64 56 26 97 33 
15 62  2 53 68 
32 62 15 31 30 59 60 
72 22 10 40 88 37 67 
60 72 45 21 37 44 
83 50 73 12 79 80 
11 93 53 94 98 69 
 0  7 67 75 66 38 
56 18 63 32 27 33 
52 31 32 26 33 
35 43 58 90  8 76 
 1 58 49 82  0 75 
46 59 71 20 15 11 
52 89 72 60 27 32 20 
27 31 26 63 62 20 
96 86 92 97 18 26 27 52 
40 13 61 41 69 99 
 6 43 28 57 76 36 
57 35 76 71 78 47 
21 22 44  7 67 
75 25 66  3 74  5 
41  2  4 54 55 42 
13 34 10 21 99  9 67 
39 42 61 34  2 69 68 
61 70 17 55 39 41 
35  6 28 58  0  7 44 
37  7  6 43 22 45 
60 59 22 46  6 44 
45  6 59 30 71 57 
14 48 76 12 80 78 36 
 5  3 14 47 79 80 
29 82  1 97 81 96 16 
83 54 23 79 55  5 51 
55 50  5 81 82 17 74 
89 31 27 33 91 92 
19 15 11 24 68 69 
 4 84 39 83 50 55 
50 54 39 51 17 42 
18 64 65 84  4 26 63 
46 71  6 35 36 
28 43 29  1 90  0 
60 45 46 30 20 
72 31 22 45 59 20 
41 34 13 85 42 70 
63 32  2 20 15 19 
32 26 62  2  4 56 
 1 18 56 65  8 90 
 8 64 56 84 73 
25 67  9 95  3 38 
37  7 21 40  9 25 66 
19  2 53 41 69 
41 34 68 53 99 98 24 
85 86 16 17 61 42 
30 46 57 11 36 78 77 
89 31 60 22 21 88 
65  8 83 23 84 12 
75 82 51  5 38 
25  0 29 82 74 38 
12 47 28 35  8 36 
78 14 93 11 71 
14 47 36 71 77 
50 23  5 48 80 
12 23 47 48 79 
49 82 16 51 17 
49 29 81 51 75 74 
54 84 50 23 73 
65 56  4 54 83 73 
13 87 86 70 61 91 
70 85 91 92 16 96 33 
85 13 10 89 91 88 
21 72 10 89 87 
52 31 72 91 87 88 
 1 58 28 64  8 
89 87 52 85 86 92 
33 52 91 86 
14 95 11 24 94 77 
 9 95 98 24 93 
 9 94 93 14  3 66 
97 49 16 86 33 
 1 18 49 96 33 
99 69  9 94 24 
40 34 69 98  9 
