 7 25 42 57 29 74 
63 88 48 95 18 29 57 
 4 62 53 41 40 67 61 19 
47 14  5 38 65 93 
53 82 55 62  2 
 3 47 38 49 50 78 73 
43 42 35 56 44 45 
43 37  0 25 42 66 
28 88 75 63 64 72 12 
66 39 96 92 65 93 97 
86 85 21 39 13 
24 52 70 76 91 30 15 
72 23 99  8 75 46 
10 39 34 85 83 60 
47  3 77 46 93 76 91 
61 20 30 52 11 19 
48 79 17 69 84 94 
69 41 50 79 54 16 
55 26 63  1 95 33 
15 52 61 67  2 
30 58 59 31 15 61 32 
10 39 66 37 86 22 71 
21 37 43 44 71 59 
72 81 49 78 12 99 98 
52 11 92 96 68 91 
 0  7 38 65 66 74 
27 32 55 18 33 62 
51 31 33 26 32 
35 75 42  8 88 57 
 1 48 80 57  0 74 
70 11 45 58 20 15 
51 27 87 71 59 20 32 
61 20 31 27 62 26 
27 26 18 95 51 90 94 
13 39 60 40 97 68 
28 75 36 56  6 42 
70 56 77 35 75 46 
 7 43 66 21 22 
 3  5 65 25 74 73 
21 10 66 13 34  9 97 
41  2 67 60 34 68 
 2 40 69 17 53 60 54 
 6 43 28 35  7  0 57 
 6 42  7 37 44 22 
 6 43 45 58 22 59 
70 56 44 58  6 30 
36 75 77 14 47 12 99 98 
 3 14  5 46 78 98 
 1 95 80 79 29 16 94 
53 81 50  5 78 54 23 
49  5 17 79 80 54 73 
89 90 31 27 33 87 
24 11 68 67 15 19 
81 82  4 49  2 41 54 
53 49 50 17 41 
 4 82 18 26 63 64 62 
36 70 35  6 45 
28 42  0 88 29  1 
44 45 30 20 59 
71 31 20 58 44 22 
41 69 83 13 34 40 
 2 62 15 20 32 19 
55 26  4 32 61  2 
 1 88 18 55  8 64 
 8 63 72 55 82 
 3 38 25 66  9 93 
25 65  7 37 21 39  9 
68 52 40  2 19 
96 24 97 34 52 67 40 
17 41 60 83 84 16 
36 56 77 76 11 45 30 
21 86 22 87 31 59 
81 82 23  8 64 12 
74 38 80  5 50 
 0 25 38 29 80 73 
35 28 36 46  8 12 
70 11 77 14 91 
70 36 46 14 76 
 5 47 49 23 98 
50 17 48 80 16 
48 79 50 29 74 73 
53 82 72 23 49 
53 81 72  4 55 64 
60 69 84 89 85 13 
83 69 16 89 90 94 
89 83 10 86 13 87 
10 85 21 87 71 
31 51 86 85 89 71 
 1 63  8 28 57 
83 85 84 90 51 87 
51 33 89 84 94 
92 24 11 76 14 93 
91 24 96  9 93 
91 14 92  3 65  9 
48 95 16 84 90 33 
 1 48 18 33 94 
92 24  9 97 68 
34 39  9 96 68 
46 47 99 78 23 
12 23 46 98 
