55 84 28 91 17 61 47 
65 18 60  3 51 59 39 40 
37  4 13 89 63 46 
60 53 78 51  1 
37  2 71 49 46 96 48 
44 54 43 34 41 42 
55 41 72 24 42 36 
84 27 11 61 62 70 
38 64 63 89 93 92 88 
38 12 20 82 81 
73 68 29 98 23 14 87 
34 27 35 45  7 70 95 
58 33 38  9 93 79 81 
45 46 74  2 89 87 73 
59 19 29 18 98 10 
47 75 80 67 16 90 
49 75 52 40 67 15 
25 53  0 91 61 32 
59 14 98 99 65  1 
59 14 57 30 56 29 31 
69 82 21 38 64  9 36 
43 57 69 20 42 36 
77 70 48 97 94 95 
98 10 87 88 92 66 99 
72 37  6 63 64 36 
17 53 60 31 26 32 
25 32 50 30 31 
55 41 84 11 34  7 
55 72  0 76 47 
44 68 56 19 14 10 
69 57 26 50 19 31 83 
19 59 26 25 30 60 
91 17 25 26 50 86 90 
58 12 39 66 93 
11 27 41 35 54  5 
11 45 74 34 54 68 
20 21 42 64 24  6 
 2  4 63 71 72 24 
 9 12 20 64  8 93 
58 33 66 65  1 40 
51 52 58 39 67 16  1 
55 27 34  6  5 42 
 5 43 21  6 41 36 
56 57 44  5 21 42 
54 68 56 43  5 29 
35 11 74 13 46 94 95 
96  4  2 13 45 97 94 
76 28 75  0 91 15 90 
77 52 49 97 96  4 22 
16 75 52 76 71  4 48 
26 32 30 86 85 83 
40 52 78  3  1 77 
51 40 16 49 77 48 
17 25 60 61 62  3 78 
44 68 34 35  5 
27 41 84 72 28  0  6 
43 57 44 29 19 
69 30 43 56 21 19 
33 12 39 79 67 40 
19 14 18 31 60  1 
31 25 59 53  3  1 
 0 84 17 53 62  7 
61 53  7 70 78 
 2 89 37 24 64  8 
63 24 20 38  8 36 
39 66 99 18  1 
92 23 39 33 65 93 99 
40 58 16 80 15 79 
44 54 74 73 35 29 10 
57 30 21 20 82 83 
11  7 62 78 77 22 95 
72 37 76  4 49 
55 28 76  6 71 37 24 
74 68 13 87 10 
73 68 35 45 13 
49 16 76 47 15 
72 28 49 75 47 71 
78 51 52 22 70 48 
 3 51 62 70 53 77 
85 80 58 67 12 81 
15 67 79 85 86 90 
79 85  9 82 12 83 
20 69  9 83 81 
85 50 69 82 30 81 
55 27  0 61  7 
86 50 80 83 79 81 
32 50 85 80 90 
13 89 73 10 23 88 
 8 92 23 87 89 
13  2 63 87  8 88 
86 80 15 32 91 47 
 0 17 47 32 90 
66 23  8 93 88 
38 12 33  8 92 66 
97 22 45 46 95 
22 70 94 11 45 
46 97  4 48 
96 46 48 22 94 
18 14 10 23 99 
18 98 65 66 23 
