58  8 73 72 16 68 
13 14 76 22 67 66 
15 33 56 22 62 
54 95 12  5 52 53 43 
47 45 42 77 52 
35 90 71 12  3 52 42 
34 37 33 73  8 40 
18 32 57 17 23 30 
58  0 73  6 39 40 
14 13 29 94 95 44 43 
18 32 41 51 93 63 
69 86 31 57 80 30 
 3  5 98 71 99 43 
14  9  1 44 62 22 
 9 13 29 28 76  1 
64 24 33 60 82 56  2 
87 27 49 72  0 68 67 
18  7 23 50 37 39 40 
 7 32 10 17 51 39 
44 61 59 20 98 36 43 99 
36 19 26 48 70 98 71 
85 78 34 37 24 50 55 
73 33 13 62  1  2 66 
17  7 50 30 38 
21 85 34 64 33 15 
36 26 59 74 75 92 46 81 
74 48 36 25 20 
16 87 67 86 76 31 
29 14 76 31 38 83 
14  9 94 54 78 28 83 
31 11 57  7 23 38 
86 11 30 38 76 28 27 
 7 18 57 10 41 35 79 
34 24  6 73 15 22  2 
 6 37 21 24 33 
 5 90 41 32 79 42 
59 19 20 26 25 
34  6 21 50 17 40 
30 31 23 50 55 28 83 
51 58  8 17 18 40 
 8  6 39 37 17 
10 32 35 93 42 45 
 4 52  5 35 41 45 
99 12  3 95  9 44 19 
13  9 62 61 19 43 
 4 47 46 92 93 41 42 
47 45 92 25 60 81 
45 46  4 60 65 77 
74 26 88 49 70 20 
69 70 87 16 88 68 48 
21 37 17 23 55 38 
10 18 39 58 63 
42  5  4 77  3 53 
97 77  3 54 84 52 
94 95 84 78 29  3 53 
21 78 50 38 83 
15 82 59  2 62 61 
 7 32 80 11 30 79 
 8  0 68 89 51 39 63 
56 82 81 25 61 19 36 
47 46 65 64 15 82 81 
59 56 44 62 19 
44 13 22  2 56 61 
93 75 89 51 10 58 
85 24 96 65 60 15 
64 96 47 60 77 97 
72 73 22  1 67 
76  1 27 16 72 66 
88 49 16  0 89 58 
86 11 87 49 70 80 91 
48 49 69 91 71 20 
 5 90 12 91 70 98 20 
16  0 73 67 66 
33  6  8  0 72 22 66 
88 89 75 48 26 25 
93 92 74 89 25 63 
28 14 31 27 67  1 
47 65  4 52 97 53 
85 21 84 55 54 29 83 
80 57 32 35 90 91 
57 11 69 91 79 
59 25 82 46 60 
15 60 56 59 81 
28 29 78 55 38 
85 78 96 54 97 53 
21 78 24 84 64 96 
69 11 87 31 27 
86 69 49 16 27 
68 49 89 74 48 
68 88 58 74 75 63 
35  5 71 91 79 
80 69 70 71 90 79 
93 75 25 46 45 
41 10 75 92 63 45 
29  9 95 54 
94  9 54  3 43 
64 65 85 84 97 
96 84 65 77 53 
71 20 12 99 19 
98 12 43 19 
