77 56 43 83 25 50 15 
36  3 60 16 55 54 
11 42 34 58 97 82 
55  1 36 48 71 72 
37 38 39 40 49 31 
67 22 37 38 33 50 
57 56 77 65 87  9 24 
10 75 99 85 35 18 98 
63 80 26 21 90 12 
87  6 41 24 31 32 
73 75  7 53 85 30 
 2 82 42 80 68 41 
26  8 90 17 54 16 
14 62 74 94 69 43 
13 62 44 45 47 69 
29 83 48 56  0 23 
90 91 12 54 60  1 
26 51 28 54 52 27 12 
33 19 59 64 35  7 98 
39 38 52 33 18 64 
71 65 89 86 87 44 
84 81 80  8 61 91 90 
67  5 34 33 59 58 
29 15 48 55 28 46 
 6 77  9 31 37 50 
70 67 50 43  0 
51 40 63  8 17 12 
64 52 76 17 28 46 
17 54 27 55 46 23 
79 46 15 83 95 23 
53 10 85 61 60 36 
 4 37 49 24  9 32 
41 68  9 63 49 31 
19 38 59 22  5 18 
67 22 58  2 97 96 66 
18 59  7 93 85 92 
30 60 53  1  3 71 47 
 5 38  4 50 31 24 
39 19  5 37 33  4 
19 38 52 51 40  4 
51 39  4 49 63 26 
68 11 87 86  9 42 32 
11  2 41 97 88 89 86 
69 70 25 13 94 83  0 
47 71 14 45 88 89 20 
44 14 96 88 69 70 66 
27 76 28 78 23 29 79 
53 62 44 71 14 36 
56 15 57 55  3 23 72 
 4 40 63 31 32 
 5 67 37 25  0 77 24 
39 40 52 26 17 
39 19 51 64 17 27 
47 62 73 10 30 36 
28 17 12 16 55  1 
28 54 48  3 23  1 
57  6 77 48 15  0 
 6 56 65 48 72 
59 22 34 93  2 82 
33 22 18 58 93 35 
30 36 16 91 61  1 
91 60 21 84 85 30 
53 73 47 13 14 74 
49 40 80  8 68 26 32 
52 19 18 99 76 27 98 
 6 57 72 71 87 20 
96 45 70 34 67 
 5 22 34 50 66 70 25 
80 63 11 41 32 
70 45 14 13 43 
69 45 66 67 25 43 
36  3 47 72 65 20 44 
71 65  3 57 48 
10 75 53 62 78 74 
95 94 13 73 78 62 79 
73 10  7 76 78 99 
78 75 99 64 27 46 
 6 56  0 50 24 
76 75 73 74 46 79 
46 78 29 95 74 
63  8 68 11 82 81 21 
21 84 80 82 93 92 
81 93 58  2 11 80 
94 95 29 15 43  0 
61 21 81 85 92 
 7 10 61 84 35 30 92 
41 87 42 89 20 
 6 65  9 41 86 20 
97 42 96 45 44 89 
88 42 44 86 20 
21  8 91 12 16 
61 21 90 16 60 
85 84 35 93 81 
58 59 35 81 82 92 
95 83 74 13 43 
94 83 29 79 74 
97 34 88 45 66 
34  2 96 42 88 
 7 18 99 64 
 7 75 76 64 98 
