23 40 79 73 47 53 
33  3 52 51 15 57 
78 55 32 92 11 39 
67 68 33 45 52  1 
29 34 35 46 37 36 
35 34 47 63 31 20 
 9 22 53 54 73 94 95 61 
71 93 17 10 81 96 
19 85 60 24 76 
22  6 29 30 38 94 
 7 71 81 69 28 50 
76 64 38 78 39  2 
16 51 24 85 15 
59 70 89 40 65 14 
41 42 59 13 44 65 
12 85  1 51 86 57 
51 26 48 49 24 25 12 
93 18  7 31 56 97 96 
49 93 17 31 35 36 
77 76 86 58 85  8 80 
31  5 63 32 56 55 
43 26 27 45 52 
29 34  9  6 47 73 
47 63  0 40 66 
37 60 48 16 12 85  8 
16 49 72 26 43 
51 52 16 25 43 21 
43 75 21 79 53 45 90 
81 10 50 33 58 57 
22 34  9 30  4 46 
 9 29 60 64 38 46 
 5 35 18 17 56 20 
 2 55 92 91 20 63 62 
57 28 67  3 44 50  1 
22 29  4 35 47  5 
 4 34  5 31 18 36 
49 18 48 35  4 37 
60 24 46  4 48 36 
30 64  9 11 39 94 82 
84 82  2 92 11 83 38 
 0 23 79 89 13 65 66 
42 83 84 98 67 44 14 
91 83 41 14 65 66 62 
74 72 75 25 26 21 27 
33 50 59 67 41 14 
54 53 68  3 27 21 52 
 4 29 37 30 60 
22 34  5 63 73 23  0 
16 49 37 24 36 
93 18 72 48 16 25 36 
44 59 69 33 28 10 
26 52 16  1 12 15 
26 51  3 45  1 21 
54  6 73 45  0 79 27 
53  6 45 68 61 
78  2 32 88 56 20 
88 55 97 17 31 20 
 1 33 28 15 86 58 
80 81 28 19 86 57 
69 50 44 70 13 14 
76 64 37 24 30 46  8 
98 99 95 67 68 54  6 
32 63 66 91 42 
47  5 23 20 32 66 62 
76 60 30 38 11 
40 13 14 42 66 
23 40 65 63 42 62 
44 41 68  3 33 98 61 
67  3 45 54 61 
59 70 74 71 10 50 
74 75 69 59 13 89 90 
72 93 74  7 10 69 
49 93 74 43 71 25 
47 22 53  6  0 
72 43 75 71 70 69 
74 43 70 27 90 
60 64 11 78 77 19  8 
78 88 87 80 76 19 
 2 55 88 77 11 76 
 0 40 53 27 89 90 
87 77 81 58 19 
 7 10 80 87 96 28 58 
94 95 99 39 38 84 
91 92 39 84 42 41 
99 82 39 83 98 41 
12 24 15 19 86  8 
19 58 85 15 57 
88 77 97 80 81 96 
78 77 55 87 97 56 
79 40 13 70 90 
27 75 79 89 70 
32 92 83 42 62 
32  2 91 83 39 
49 18 72 71 17  7 
38  9  6 95 82 
94  6 82 99 61 
87 97 81  7 17 
87 88 56 17 96 
67 41 84 99 61 
82 95 84 98 61 
