85 75 50 69 22 63 
54 14  3 49 32 48 
97 74 96 38 52 31 88 
32  1 49 43 65 64 
34 33 28 44 36 35 
34 33 22 30 19 60 
50 51  9 21 90 91 58 69 
10 77 16 89 92 98 99 
57 23 81 18 72 
21 28 29 37 90  6 
27 77 47 66  7 98 
48 14 23 15 81 
85 67 13 56 62 
39 42 40 56 12 62 
48 11 81 82 54  1 
48 25 24 23 11 45 46 
53 30 17 93 89  7 92 
30 34 16 89 46 35 
82 81  8 72 73 76 
30  5 53 52 31 60 
43 26 49 25 41 
22 33 28  9  6 69 
 5 33 21 69  0 63 60 
11 15 57  8 36 81 45 
25 15 41 68 46 
48 15 24 41 20 49 
71 86 75 20 43 50 41 
54 32 10 77 47 55 
21 33  9 29  4 44 
28  9 37 57 44 61 
 5 34 19 53 17 16 
52 19  2 88 87 59 60 
47 27 54  1 42  3 64 
34  5 22 21 28  4 
 5 33 30 17  4 35 
17 34  4 46 45 36 
57 23 44  4 45 35 
 9 29 90 96 38 78 61 
37 78 96  2 80 79 88 
64 42 94 13 40 79 80 
39 13 79 87 62 59 
26 20 24 68 25 70 71 
39 64 13 32 47 56 
20 26 50 51 49 65  3 
57 29 36  4 28 
23 15 36 46 35 
24 15 45 89 68 17 35 
66 56 27 32 10 42 
25 15 11 14 49  1 
25 20 48 43  3  1 
75 26 43 51  6  0 69 
50 43  6 58 65 
53 19 31 84  2 74 
19 30 84 93 52 16 
27 32 55 82 14  1 
76 77 27 82 54 
13 12 66 47 42 67 
 8 23 36 44 29 72 61 
95 91  6 51 65 64 94 
87 40 62 31 63 60 
31 19 59  5 63 22 
57 29 72 97 96 37 
85 12 13 40 59 63 
 0 85 62 59 22 60 
42 32  3 39 65 58 94 
58 51 43  3 64 
67 56 47 10 70 98 
71 86 70 85 12 66 56 
24 41 70 89 46 99 
 6 21 50  0 22 
67 66 41 68 71 98 99 
26 86 67 70 41 
 8 57 73 18 74 97 61 
76 18 83 72 74 84 
72 73 97 84  2 52 
26 86 50 85  0 
18 73 82 83 77 55 
76 83 10 27 55  7 92 
37 38 80 90 91 95 
39 40 87 80 38 88 
79 38 39 78 95 94 
82 14 11 18  8 23 
81 14 18 54 55 76 
76 73 77 84 93 92 
83 93 53 74 73 52 
67 86 12 75  0 62 63 
71 26 67 75 85 
79 40 88 31 59 
79 38 87  2 31 
16 17  7 46 68 99 
37  9  6 91 78 
95 58  6 90 78 
 7 77 83 93 16 
83 84 53 16 92 
64 39 80 95 58 
91 58 78 80 94 
37 38  2 97 61 
 2 74 72 96 61 
 7 10 66 70 99 
 7 89 98 68 70 
