67 22 48 72 61 81 
14 52 47  3 46 31 
36 83 71 91 50 30 90 
 1 47 63 62 31 
33 32 34 35 42 
22 32 29 19 58 33 
49 85 84 48 67  9 21 
92 10 93 16 98 86 74 99 
69 18 77 23 55 
42 21 28  6 84 97 
92  7 74 64 45 27 
15 23 77 14 46 
81 60 65 94 13 54 
38 37 40 60 12 54 
77 78 11 52  1 46 
44 43 24 23 11 25 46 
29 17 98  7 86 51 87 
16 29 34 44 33 98 
69  8 77 78 70 73 
 5 29 58 50 30 51 
41 47 26 39 25 
22 32 67 42  9  6 
21 32 67  5 58  0 61 
15 43 11 77  8 35 55 
44 15 66 39 25 
15 24 39 20 47 46 
95 72 41 20 48 39 
74 10 45 31 52 53 
55 42 59  9 97 
 5 19 16 17 33 51 
50 19 58  2 83 57 82 
 1  3 52 62 40 27 45 
22 21  5 33  4 42 
29  5 32  4 17 34 
44 43 17 33  4 35 
23 43 34  4 55 42 
90 96 83  2 76 75 
62 40 38 76 88 13 
37 76 60 57 82 13 
66 24 26 20 95 68 25 
31 45 37 62 13 54 
20 47 49 48 63 26 
35  4 55 28 21 32  9 
15 44 23 34 35 
15 43 24 34 17 66 98 99 
54 40 31 64 10 27 
14 11 15 25 47  1 
41 20  1  3 63 25 46 
49 41  0 67 72  6 26 
48 41 63  6 85 56 
30 19 51 71  2 80 
16 29 50 19 87 80 
14 78  1 53 27 31 
27 74 73 52 78 
64 45 40 13 65 12 
23  8 35 69 42 28 59 
49 85 63 89 88 62 
30 58 61 60 38 82 
 5 19 22 30 57 61 
55 69 28 91 90 96 97 
61 57 38 81 12 13 
58 22  0 57 60 81 
37 88 63  3 56 31 40 
49 41 47  3 62 56 
54 65 68 92 10 45 
94 12 95 54 64 68 
44 24 39 68 93 99 
22 21  0 48  6 
92 93 95 65 39 66 64 
18  8 91 71 55 70 59 
71 69 18 73 79 80 
91 69 70  2 50 80 
48  0 95 26 81 94 
74 79 70 18 53 78 
86 79 10  7 27 73 53 
84 85 89 96 36 76 
75 89 36 83 37 38 88 82 
18 78  8 23 11 14 
77 18 14 52 53 73 
86 74 73 70 87 80 
87 79 70 71 50 51 
 0 72 61 60 12 94 
76 83 38 57 30 
 2 36 30 76 82 
 6 85  9 75 96 97 
 6 49 84 75 89 56 
16  7 74 79 87 
86 16 51 79 80 
37 62 76 89 56 
76 88 75 85 56 
36 96 59 91  2 
69 71 59 90  2 
10  7 93 68 64 
92  7 68 66 99 
65 12 95 81 72 
26 72 39 94 65 68 
36 90 59 84 75 97 
59 96 28  9 84 
44 17 16  7 99 
66 44 98 93  7 
