22 98 60 79 99 47 70 
31  3 51 46 45 14 
69 49 88 36 81 30 
 1 46 62 61 31 
33 32 34 42 35 
29 19 33 32 57 22 
47 48 99  9 21 82 83 
90 89 10 72 16 95 84 96 
54 67 18 75 23 
42 28 21  6 82 94 
44 63 27 89  7 72 
15 45 23 75 14 
13 53 64 59 91 79 
37 38 59 40 53 12 
 1 51 76 45 11 75 
11 45 97 43 23 25 24 
17 29 95  7 84 85 50 
43 34 33 29 95 16 
76 75 71  8 67 68 
 5 29 50 49 57 30 
25 46 41 26 39 
42 32  9  6 99 98 22 
57  5 32 21 98 60  0 
35 97 11 75 54 15  8 
65 43 15 25 39 
15 45 46 20 39 24 
41 47 70 20 92 39 
10 44 31 72 51 52 
42  9 54 94 58 
 5 19 33 17 16 50 
49 19  2 81 57 56 80 
51 27  1  3 61 40 44 
33  5  4 42 21 22 
 5 29 17 32  4 34 
43 17 97 33  4 35 
 4 34 97 42 54 23 
88  2 81 74 73 93 
74 38 13 86 40 61 
74 37 59 56 13 80 
66 65 20 26 92 25 24 
44 31 53 13 37 61 
48 47 62 46 20 26 
 9 28  4 32 21 35 54 
17 34 97 95 15 65 96 24 
10 63 27 31 40 53 
15 11  1 46 25 14 
 1  3 45 25 62 41 20 
48  6 41 99  0 70 26 
47  6 41 62 55 83 
50 19 78 69  2 30 
29 19 49 16 85 78 
31 27  1 14 76 52 
72 27 71 76 51 
44 63 40 13 64 12 
42 28 35 23 58 67  8 
62 48 61 83 86 87 
57 30 60 59 38 80 
 5 19 30 56 22 60 
54 28 67 94 88 93 
56 38 60 79 13 12 
57 56 22 59 79  0 
62  3 55 31 40 37 86 
 3 61 41 48 46 55 
44 10 89 66 64 53 
53 63 91 92 66 12 
66 39 90 96 43 24 
65 39 90 89 63 92 64 
88 69 54 58  8 18 68 
67 69 18 78 77 71 
78 49 67 88  2 68 
91 92  0 47 79 26 
72 77 52 76 18 68 
10  7 27 84 77 71 52 
74 36 82 83 93 87 
37 38 73 87 36 81 86 80 
11 23 18 76  8 14 
18 75 71 14 51 52 
84 72 85 71 78 68 
85 77 69 49 50 68 
60 59  0 70 91 12 
30 56 81 38 74 
36 74  2 30 80 
 9  6 94 83 73 93 
82 73 55 48  6 87 
72 77 85  7 16 
84 77 16 50 78 
37 74 55 61 87 
83 55 86 73 74 
67 69  2 36 58 93 
10 63 66 90  7 
65 66 89  7 96 
70 92 79 64 12 
70 91 64 26 39 66 
36 88 58 94 73 82 
 9 28 82 58 93 
17 43 16  7 96 
65 43 95 90  7 
43 34 35 15 23 
99 21 22  0 
47  6 21 98  0 
