45 96 95 99 76 22 67 
49 31 44 14 97  3 
36 78 85 30 66 47 
58 59  1 97 31 
42 32 33 34 35 
22 32 55 19 29 33 
45 96 21 46  9 79 80 
87 86 92 10 16 81 69 
64 52 18 72 23 
21  6 79 42 28 91 
43 27  7 86 60 69 
72 23 15 14 44 
13 51 57 61 88 76 
40 37 51 12 57 38 
72 73 11 44 49  1 
94 23 24 25 44 11 
17 92  7 81 29 48 82 
93 34 92 33 29 16 
73 68 72 65 64  8 
30 55  5 29 48 47 
41 97 25 39 26 
22 32  6 96 95 42  9 
 5 32 55 21 95 99  0 
94 35 52 15 72 11  8 
62 93 94 25 39 15 
39 24 15 44 20 97 
89 39 20 67 41 45 
10 43 49 50 31 69 
42  9 52 56 91 
19 48  5 33 17 16 
19 55  2 78 47 54 77 
27 43 49  1 40 58  3 
 5 22 21 42  4 33 
29  5 32  4 17 34 
93 17 33  4 94 35 
 4 34 94 23 42 52 
70 71 78 90 85  2 
83 58 71 40 13 38 
13 57 77 54 37 71 
25 24 62 89 26 63 20 
43 51 31 37 58 13 
46 45 59 97 20 26 
 4 32 21 35  9 28 52 
10 27 60 51 40 31 
15 25 11 14  1 97 
 6 96 46 41  0 67 26 
 6 45 53 59 80 41 
75 48  2 30 66 19 
19 29 16 82 75 47 
73 14 50 31 27  1 
68 73 49 27 69 
60 61 43 40 13 12 
42 28 35 23 56 64  8 
46 59 83 84 58 80 
30 55 77 98 57 38 
22  5 19 30 99 54 98 
52 28 90 85 91 64 
98 76 54 13 12 38 
37 83 40 53 59  3 31 
53 46 58 41 97  3 
10 86 43 63 61 51 
89 63 88 60 51 12 
93 24 92 87 39 63 
39 62 89 87 86 61 60 
56 52 65 18 85 66  8 
68 18 64 75 74 66 
 2 85 75 65 64 47 
 0 45 76 26 89 88 
18 65 73 50 74 69 
50 68 74 81  7 10 27 
71 84 80 79 90 36 
36 78 70 83 37 84 77 38 
73 14 18 11 23  8 
72 14 18 68 50 49 
75 65 68 82 81 69 
82 48 74 65 66 47 
 0 99 67 98 57 88 12 
30 78 54 71 38 
 2 36 30 71 77 
 9  6 80 70 90 91 
79  6 46 70 84 53 
16  7 82 74 69 
75 48 16 81 74 
71 84 37 58 53 
83 71 70 53 80 
56 90  2 66 36 64 
 7 87 10 60 63 
62 92  7 86 63 
61 89 67 76 12 
39 63 61 26 67 88 
70 79 56 85 36 91 
 9 79 90 28 56 
93 62 17 87  7 16 
62 24 92 17 34 94 
93 34 24 35 23 15 
21 96 22  0 
45  6 21 95  0 
44  1 59 41  3 25 20 
99 76 55 54 57 
22 55  0 76 98 
