89 88 90 41 80 61 
40 12 29  3 45 87 
70 28 43 33 77 60 
53 29  1 54 87 
20 30 31 50 17 27 
71 72 90 41 94 42 91 
84 79 78 14 73  8 63 
 9 16 48 21 59 
78  6 55 39 25 63 
66 12 16  7 21 40 13 
52 11 80 47 56 
34 39 52 10 47 35 
 9 66 40  1 45 
23 40 86 21  9 22 
74 73  6 84 15 27 44 
27 31 32 85 84 14 
66  9 62  7 67 60 59 
28 50  4 44 43 27 
24 36 23 37 87 
38 30 20 91 94 95 
19 30 50 89  4 91 
99 48 98 86  7  9 13 
85 57 86 36 23 13 
36 18 13 40 22 87 
18 37 41 36 81 61 
39 29 45 46  8 63 
48 38 95 83 51 
44 17  4 31 15 14 
50 49 17 43 69 70  2 
 1 45 34 39 53 25  3 
19 38 92 20 93 31  4 
93 30  4 27 15 32 
93 31 15 98 86 85 
64 82 65 77  2 70 
11 39 35 75 29 53 
34 75 11 52 69 49 65 
58 57 24 18 23 81 22 
18 87 54 42 41 24 
19 30 92 99 48 26 95 
 8 55 11 34 47 29 25 
 9 12  1 23 13 87 
90  0  5 42 37 24 61 
41  5 37 72 96 54 
44 17 28 68  2 60 
43 17 27 68 74 14 
29  1 12 66 46 25 
62 66 45 25 63 
11 10 39 55 56 
99 38 21 26  7 59 51 
50 28 88 69 52 35 
28 49 17 89 20  4 88 
26 48 59 77 82 83 
11 10 88 49 80 35 
29 34 97 54  3 75 
37 87 42 96 97 53  3 
56 47 39 58 78  8 
80 10 81 47 55 58 
79 84 58 36 85 22 
56 55 79 57 36 78 81 
 7 48 16 60 77 51 
16 59 77 68 67  2 43 
80  0 81 24 41 
46 66 16 67 63 
62 46 73 67  6  8 25 
71 72 82 76 65 33 
69 70 33 76 75 64 35 
 9 12 16 62 46 45 
74 73 68 62 16 60 63 
43 44 74 67 60 
28 49 70 35 65 
69 28  2 33 65 
 5 72 94 64 82 83 
71  5 64 42 96 76 
74 67 14  6 63 
73 67 68 44 14 
76 97 34 35 65 53 
64 65 96 72 97 75 
33 82  2 60 59 51 
58 55 79  6  8 
84 57 58  6 78 
88  0 52 10 61 81 56 
24 36 58 61 80 56 
71 64 33 77 83 51 
94 71 82 95 26 51 
79 57  6 85 15 14 
32 15 84 57 86 22 
98 21 32 85 13 22 
40  1 37 18 54  3 23 
89  0 50 49 80 52 
50 20 88  0 90 91 
89  0 41  5 91 
90 89 20 19 94  5 
38 30 93 99 98 
31 30 92 98 32 
71  5 91 19 83 95 
83 94 26 38 19 
42 72 54 76 97 
96 54 53 76 75 
93 92 99 21 86 32 
92 38 48 21 98 
