79 60 40 89 88 87 
 3 86 39 12 28 44 
32 69 27 59 76 42 
28  1 52 53 86 
20 29 30 26 49 17 
70 93 90 89 40 41 71 
83 14 78  8 62 72 77 
21 47 16 65 58  9 
38 54 62  6 77 24 
 7 21 13 12 65 39 
46 11 79 55 51 
33 38 46 10 34 51 
 1 39 44 65  9 
22 23 39 85 21  9 
83  6 15 26 72 43 73 
83 14 30 31 84 26 
65 61 66 59 58  7 
 4 26 43 49 27 42 
80 60 35 23 86 36 
37 94 93 90 29 20 
 4 29 90 88 49 19 
85 13 97  7 47 98  9 
13 23 85 84 56 35 
22 13 39 86 18 35 
28 38  8 62 45 44 
37 94 82 50 47 99 
 4 30 15 14 43 17 
48 68 49 69  2 17 42 
24 38 44 33  1  3 52 
 4 20 30 92 91 37 19 
 4 29 26 15 31 92 
15 30 84 92 97 85 
 2 76 81 69 64 63 
28 38 11 52 74 34 
48 68 33 11 74 51 64 
18 80 57 56 22 23 
41 40 18 60 86 53 
94 25 91 29 19 99 
54  8 24 28 33 11 46 
23 86 13  1 12  9 
 0 60 89 36 41  5 
36 40  5 71 53 95 
17 43 67 27  2 59 
14 26 73 17 67 42 
28  1 12 24 45 65 
62 24 44 65 61 
54 38 11 55 10 
50 58 25 99  7 21 98 
87 49 27 68 34 51 
20 88  4 87 48 27 17 
82 81 25 76 58 47 
48 87 79 10 34 11 
33 74 96 28 53  3 
36 86 41 52 96 95  3 
38  8 57 55 77 46 
54 57 80 79 46 10 
57 78 22 84 83 35 
55 54 80 77 78 56 35 
76 59 50 47 16  7 
16 58 66 76  2 67 42 
 0 79 80 18 40 36 
65 45 16 66 62 
 8  6 72 66 24 45 61 
70 81 32 64 75 71 
32 63 75 69 68 74 34 
61 45 16  7 44 12  9 
72 62 16 59 61 73 67 
73 43 59 66 42 
48 27 69 34 64 
32  2 27 68 64 
82 81 93 63  5 71 
63 75 70  5 41 95 
 6 14 62 66 73 
72 66 14 43 67 
52 96 33 75 34 64 
64 74 96 63 71 95 
59  2 32 58 50 81 
78  6  8 54 57 
 6 83 77 57 56 
 0 60 80 55 87 10 51 
18 60 57 55 79 35 
50 82 76 32 70 63 
94 25 50 81 93 70 
 6 14 15 84 78 56 
15 31 83 85 22 56 
22 13 84 31 97 21 
23 39  1 18 36 53  3 
49 88  0 79 48 51 
90 20 49 89  0 87 
90 88  0 40  5 
20 88 89 93 19  5 
97 92 29 37 99 
30 29 31 97 91 
82 94 19 90 70  5 
37 25 82 93 19 
96 75 71 41 53 
75 74 52 53 95 
92 31 85 91 21 99 98 
21 97 99 47 
91 97 47 25 37 98 
