84 76 85 58 86 38 
11 42  3 26 83 37 
25 40 66 30 57 73 
 1 26 50 83 51 
28 27 96 16 47 19 
39 68 90 67 87 86 38 
80 75 13 74 98 69 59 
45 20 15 62 56  8 
12 20  7 37 11 62 
10 44 53 76 49 
36 44 31 32  9 49 
42 62  1 37  8 
37 22  8 20 21 82 
41 97 70 14 80  6 69 
29 81 28 97 80 13 
57 56 43 62  7 63 
41 40 25 96  4 47 
22 33 77 58 83 34 
35 27 91 19 87 90 
47  4 85 27 18 87 
45  7 94 93  8 12 82 
12 22 33 54 81 82 
17 33 83 12 37 21 
26 42 99 98 36 43 59 
91 35 95 45 48 79 
16 40 65 46 47 66  2 
42 23 50  3  1 36 31 
28  4 18 35 89 88 19 
 4 27 96 97 14 29 89 
14 81 28 89 93 82 
73  2 66 61 78 60 
36 10 26 50 71 32 
65 46 61 71 31 10 49 
17 22 77 21 54 55 
83 17 51 58 39 38 
18 27 91 88 95 24 
52 44 10 31 26 23 99 
12 22 83  1 11  8 
39 34 58  5 86  0 
51 92 68 34  5 38 
41 64 16 25  2 57 
64 40 16 96 97 70 13 
23 26 11 62 43  1 
63 15 23 42 59 62 
52 53 36 10  9 
56 48  7 20 24 95 94 
25 65 32 47 84 49 
16  4 25 46 84 85 19 
73 56 45 24 78 79 
32 10  9 46 84 76 
 3 26 31 71 92 51 
 3 50 92 83 34 39 
99 36 74 55 53 44 
44 52  9 76 55 77 
80 81 75 21 33 55 
75 54 33 77 74 52 53 
57 15 73 48 45  7 
56 15 64 40  2 63 73 
76  0 77 17 34 38 
23 98 43  6 69 63 
78 30 61 72 67 68 
72 71 60 32 65 66 30 
42 11 15 43  7  8 
70 64 43 15 57 69 59 
41 40 70 63 57 
25 46 32 61 66 
25 65 61  2 30 
78 79 90 60 68  5 
92 72 60 67 39  5 
63 70 13  6 59 
41 64 63 13 69 
92 50 31 72 61 32 
61 71 92 60 68 
57  2 56 48 30 78 
99 52 98  6 75 55 
80 54  6 74 55 
 9 53 84  0 58 49 77 
76 53 58 55 33 17 
73 48 30 79 67 60 
24 48 78 91 67 90 
81 54 14 75  6 13 
14 29 80 54 21 82 
12 20 93 21 81 29 
37 22 17  3  1 51 34 
76  0 85 47 46 49 
84  0 47 19 87 86 
85  0 87  5 38 
19 18 85 90 86  5 
35 27 89 95 93 
28 27 29 88 93 
91 18 87 79 67  5 
18 35 24 90 79 
50 71 72 51 68 39 
95 88 89 29 94 20 82 
45 20 95 93 
88 35 24 45 93 94 
41 97 16  4 28 
41 96 28 14 13 
74 99  6 23 59 
52 36 74 98 23 
