74 57 37 84 83 82 
36 81 11  3 41 25 
56 71 39 24 29 64 
25  1 81 50 49 
19 46 27 26 16 94 
37 84 38 85 88 65 66 
96 72 73 58 67 78 13 
44 55 20  8 15 61 
 7 20 36 12 11 61 
10 48 74 52 43 
35 30  9 48 31 43 
36  8 61 41  1 
36  8 80 20 21 
78  6 67 14 68 40 95 
78 13 28 27 79 95 
 7 55 56 98 61 99 42 
39 24 46  4 40 94 
81 33 57 36 75 32 21 
85 88 34 26 19 89 
83 46  4 26 85 18 
80 91 92 44  7  8 12 
12 36 17 32 53 80 79 
35 25 97 96 41 42 58 
34 93 44 47 89 77 
45 46 39  2 16 63 64 
 3 49 30 35  1 41 22 
34 86 27  4 19 87 18 
 4 26 87 28 14 95 94 
80 79 91 87 27 14 
 2 64 71 60 59 76 
35 10 25 49 31 69 
10 30 48 45 69 60 63 
54 53 75 17 21 
57 17 37 38 81 50 
23 93 86 26 18 89 
10 30 25 22 43 51 97 
17 81 12  8 11 21  1 
 0 84 57 33 38  5 
37 33  5 50 90 66 
 2 56 24 16 40 62 
68 13 95 39 16 62 94 
11 61  1 25 42 22 
15 99 61 41 22 58 
35 10  9 52 51 
55 47 23 93 92 20  7 
46 24 31 48 82 63 
83 19 45 24  4 82 16 
55 44 23 71 76 77 
10  9 74 31 45 82 
30 25  3 69 90 50 
33 38 81 90  3 49 
54 72 97 35 43 52 
74  9 43 51 75 54 
78 79 54 32 73 21 
53 32 73 72 51 75 52 
44 47 71 56  7 15 
55 71 15  2 98 39 62 
 0 74 37 33 17 75 
42 99 67 96 22  6 
60 29 76 65 66 70 
69 31 63 64 29 70 59 
11 41 15  7  8 42 
39 40 68 56 98 
45 24 31 60 64 
29  2 24 63 60 
 5 88 76 59 66 77 
 5 38 65 90 59 70 
58 99  6 13 68 
98 99 67 13 40 62 
31 30 49 90 60 70 
66 59 90 69 60 
55 47 56  2 29 76 
97 96 73 54 51  6 
78 53 54 72  6 
 9 48 52 82  0 57 75 
74 52 57 17 32 54 
65 59 29 71 47 77 
76 65 88 89 23 47 
53 79 73  6 13 14 
53 78 28 80 14 21 
91 20 28 79 12 21 
36  1 17 33 50  3 
74 48 45 83 46  0 
19 46 82  0 84 85 
 0 37 83 85  5 
83 84 19  5 88 18 
34 93 91 26 87 
28 27 26 86 91 
85  5 18 65 89 77 
18 34 88 23 77 
50 38 66 70 69 49 
80 20 86 93 92 28 87 
44 20 93 91 
34 23 44 86 91 92 
95 40 16  4 27 
14 13 27 40 94 
97 22 72 58  6 
35 22 96 72 51 
15 99 56 68 62 
42 15 98 58 67 68 
