69 53 34 78 76 77 
75  2 33 23 38  9 
47 46  1 23 75 
34 78 35 79 82 62 61 
63 54 68 67 90 11 72 
41 51 86 18 13 57  6 
33 10 18  5 57  9 
69 45  8 40 49 
28 29 45 40  7 
33  1  6 38 57 
74 18 19 33  6 
 4 63 37 89 12 72 
25 26 89 73 11 72 
 5 51 57 52 92 93 39 
95 88 37 36 43 22 
75 31 30 19 99 33 53 
79 82 17 24 83 32 
79 16 94 95 24 43 77 
74 85 86  5 10  6 
74 10 33 73 30 15 
90 54 23 38 91 39 
71 83 32 87 41 44 
43 14 60 59 96 36 42 
20 91 28 46 38  2  1 
25 94 17 16 81 80 32 
26 12 94 24 88 81 89 
25 12 74 85 81 73 
55 56 96 97 66 60 70 
 8 29 40 64 46 91 23 
28  8 45 64 56 59 42 
73 19 68 15 99 50 
34 53 35 47 75 15 
83 16 24 80 87 21 
10 19 75  1  6 15  9 
 3 78 35  0 53 31 
 3 34 62 84 31 47 
14 37 58 97 96 52 22 
14 36 88 58 63 89 11 
23 20  1 39 57  9 
20 54 93 38 13 57 
28  8 91 48  7 49 
 5 51 86 87 21 44 
22 43 59 45 76 29 
14 95 17 77 76 22 42 
71 70 21 66 41 51 
 8 29 69 76  7 42 
47 84 64  2 23 28 
35 84 46 31 75  2 
50 67 90 91 40 49 
98 69  7 50 48 40 
68 67 30 99 48 98 49 
66 52  5 41 13 44 
97 66 58 36 92 13 51 
98 99 69  0 34 31 15 
63  4 90 20 93 39 
56 65 27 70 61 62 
64 29 65 55 27 59 60 
 5 13  6 39 38  9 
37 36 63 52 92 
56 29 60 22 42 
96 27 56 59 22 
 3 82 62 55 70 71 
 3 35 84 65 61 55 
 4 54 58 37 93 11 92 
28 29 46 84 65 56 
62 84 64 56 55 
27 70 52 51 97 44 
 4 68 90 50 48 
 4 67 73 30 50 72 
45 76 98 53  7  0 49 
27 66 55 61 71 44 
61 82 83 70 21 44 
 4 68 11 12 73 
74 19 26 12 30 68 72 
85 18 26 10 19 73 
47 31 33  1 15  2 
45 69  0 77 43 42 
17 79 78 43 76  0 
34  3 79  0 77 
16 82  3 78 17 77 
81 24 85 87 32 
26 25 24 80 85 
16 79  3 61 83 71 
16 82 32 71 21 
62 35 65 47 46 64 
74 18 26 86 81 80 87 
85 18  5 41 87 
86 41 80 85 32 21 
94 25 95 14 37 89 
37 88 25 12 11 
20 54  4 67 91 48 
90 20 40 28 23 48 
13 93 52 58 63 
63 54 39 13 92 
25 24 88 95 17 
94 88 14 17 43 
97 27 36 60 22 
96 27 66 36 52 
99 53 69 50 49 
98 53 50 30 15 
