75 74 67 51 32 76 
 9 31 23  2 36 73 
45 73 44 23  1 
80 77 76 32 33 60 59 
70 11 88 52 65 61 66 
18 84 55 13 39 49  6 
18 10 31  9 55  5 
47 38 67 43  8 
43  7 29 38 28 
 1 31  6 55 36 
19 31 72 18  6 
12 87 70 35 61  4 
11 87 25 26 71 70 
90 91 50 37 55 49  5 
34 22 35 41 93 86 
97 51 32 73 31 19 98 
17 24 77 30 81 80 
16 24 77 75 41 93 92 
83 84 72 10  5  6 
99 98 15 71 10 31 72 
23 89 36 37 88 52 
30 85 81 39 42 69 
57 40 14 34 94 41 58 
 1  2 89 20 28 44 36 
78 79 25 17 16 30 92 
12 87 79 24 26 86 92 
83 79 25 12 71 72 
94 95 68 64 53 54 58 
89 38 62 44 29 23  8 
57 40 28 62 43  8 54 
78 85 16 24 81 21 
 9  1 19 10 15  6 73 
51  0 15 73 76  3 33 
45 73 32  3 60 82 
95 50 56 35 14 22 94 
56 34 11 87 61 14 86 
 9  1 23 20 37 55 
91 52 36 55 20 13 
89 46 47  7 28  8 
85 84 42 49 21  5 
22 57 29 43 74 41 
74 75 17 93 40 22 14 
49 39 21 69 64 68 
74 40 29 67  7  8 
45  2 82 23 28 62 
73  2 44 82 33 
88 89 65 48 47 38 
96 48 46 38  7 67 
99 98 46 47 65 66 96 97 
42 39 50 13  5 64 
95 64 34 56 90 13 49 
67  0 96 97 32 15 
91 61 37  4 88 20 
59 60 68 27 54 63 
63 62 29 57 53 27 58 
37 13  5  9  6 36 
90 61 34 50 35 
22 40 29 54 58 
54 57 27 94 22 
68 69 80  3 60 53 
 3 33 82 59 53 63 
91 52 90 56 35 11  4 
82 44 28 29 63 54 
53 54 62 82 60 
49 50 42 95 68 27 
46 88 48  4 66 
48 65  4 70 99 71 
74  0 43  7 51 96 47 
42 69 64 59 27 53 
81 80 42 21 68 59 
12 11 71  4 66 
12 26 70 66 99 19 72 
18 83 10 26 71 19 
45  2 32 15 31 33  1 
75  0 43 40 67 41 
74  0 77 17 41 76 
32  0  3 77 75 
17 16 75  3 80 76 
83 79 85 24 30 
78 83 24 25 26 
 3 77 16 81 69 59 
30 16 80 69 21 
45 44 33 60 62 63 
85 84 78 79 26 18 72 
85 39 83 18  5 
39 84 83 78 30 21 
25 87 14 93 35 92 
12 11 25 35 86 
46 89 65  4 52 20 
28 23 88 46 38 20 
91 61 56 50 13 
61 52 37 90 13 
86 93 25 24 17 
41 17 14 86 92 
34 22 95 27 58 
50 64 34 94 27 
47 48 51 67 97 
96 48 98 51 15 
99 48 19 15 97 
98 48 66 71 19 
