65 50 31 74 72 73 
 9 35 30  2 71 22 
44 71 43 22  1 
74 75 78 57 58 32 31 
63 64 59 51 86 11 68 
48 38 82 17 13 54  6 
 9 30 10 17 54  5 
65 42 46  8 37 
 7 42 28 37 27 
35 54  1 30  6 
18 30 17 70  6 
 4 59 85 12 68 34 
25 69 11 85 24 68 
 5 54 36 89 88 48 49 
84 91 34 33 40 21 
50 95 31 71 30 18 96 
99 23 75 29 79 78 
10 70 82  5  6 81 
15 96 30 69 70 10 97 
35 22 87 86 51 36 
83 38 41 29 79 67 
56 39 40 14 33 92 
 1  2 35 87 27 19 43 
99 16 29 76 90 98 77 24 
85 12 25 77 84 90 23 
69 12 70 24 77 81 
92 93 62 66 53 56 52 
 8 28 60 43 37 87 22 
39 42 56  8 53 60 27 
83 76 20 23 16 79 
15 71 18 10  9  1  6 
74  3 32  0 50 71 15 
80 44 71 58  3 31 
55 49 34 14 21 93 92 
33 55 84 85 11 59 14 
 9 54  1 36 19 22 
19 35 54 51 13 89 
 8  7 46 45 87 27 
48  5 83 20 41 82 
28 42 72 40 56 21 
14 91 72 39 98 73 21 
48 38 20 62 66 67 
 7 65 39 28 72  8 
27 60 80 22  2 44 
 2 71 43 80 32 
37 87 46 86 63 47 
65  7 94 47 45 37 
63 64 94 46 45 95 96 97 
 5 38 41 62 49 13 
33 55 13 48 88 93 62 
15 95  0 65 31 94 
86 19 59  4 36 89 
66 57 26 61 53 58 
56 28 60 61 52 26 
35  9 36  5 13  6 
33 49 34 59 88 
28 39 21 53 92 26 
66 52 67 78  3 58 
61 80 32 57 52  3 
 4 51 11 34 55 89 88 
53 28 61 80 43 27 
80 60 53 52 58 
48 49 41 66 93 26 
86 45 47 64  4 
47 63  4 97 69 68 
 7 42 46  0 50 94 72 
57 52 62 41 67 26 
79 20 41 66 57 78 
69 64 12 11  4 
25 12 70 18 97 64 68 
69 25 18 17 10 81 
 2 44 32  1 31 15 30 
65 42  0 39 40 73 
72  0 74 75 99 98 40 
 3 75 31  0 73 
16 99 74  3 78 73 
29 83 23 77 81 
76 23 24 25 81 
 3 75 57 16 79 67 
29 20 16 67 78 
43 60 44 61 32 58 
83 76 82 77 25 17 70 
 5 38 17 83 81 
20 38 29 76 82 81 
90 91 24 85 34 14 
11 12 24 84 34 
63 45 87 19 51  4 
37 45 19 22 86 27 
13 49 89 55 59 
36 51 13 59 88 
98 91 23 84 24 
98 90 84 14 40 
21 56 33 93 26 
33 49 92 62 26 
65 46 47 95 50 
15 50 94 47 96 
18 15 95 47 97 
47 96 64 69 18 
90 91 23 99 40 73 
16 23 75 98 73 
