50 63 70 71 31 72 
 2 22 30  9 69 35 
44 69 43 22  1 
56 57 76 73 72 31 32 
51 84 58 11 66 62 98 
38 48 80 17 13 36  6 
30  9 10 17  5 36 
46 63 37  8 42 
37  7 42 28 27 
 1 30 35 36  6 
 6 30 17 68 18 
83 12 34  4 58 66 
83 11 67 25 66 24 
 5 48 36 87 86 49 
40 89 21 33 34 82 
50 31 93 69 94 18 30 
73 97 29 77 23 76 
79 80  5  6 10 68 
10 30 15 94 68 95 67 
85 84 51 36 35 22 
29 81 77 38 41 65 
40 14 90 55 39 33 
 2 43 19 85 27  1 35 
96 97 74 75 29 88 24 16 
75 23 88 12 83 25 82 
75 79 67 12 24 68 
55 53 90 52 64 61 91 
43 59 28  8 37 85 22 
55 53 59 42  8 27 39 
74 81 23 20 77 16 
15 69  1  9  6 10 18 
50 15  0 69  3 72 32 
69 31  3 57 44 78 
14 21 90 91 34 54 49 
83 11 58 54 33 14 82 
19 22  1  9 36 
51 87 13  5 19 35  9  6 
 7  8 45 85 46 27 
41 48 20 81  5 80 
55 21 40 28 42 70 
96 89 14 21 71 70 39 
38 48 61 64 65 20 
 7  8 63 70 28 39 
78 44  2 59 22 27 
32 69 78  2 43 
37 46 47 99 85 84 98 
63 92  7 37 45 47 
62 95 99 45 46 92 93 94 
38 41 61  5 13 49 
48 61 13 91 33 54 86 
63 92 15 31 93  0 
19 84  4 36 58 87 
26 64 53 56 57 60 
60 59 28 55 52 26 
34 58 33 49 86 
28 53 90 21 39 26 
 3 57 65 64 76 52 
56  3 32 52 78 60 
 4 11 51 34 54 86 87 
60 53 28 43 27 78 
52 57 78 59 53 
41 64 48 26 91 49 
47 95 99 67  4 66 98 
46 92  7 42 70 50  0 
61 41 65 26 56 52 
41 64 20 77 56 76 
 4 11 62 12 67 
12 25 62 95 66 68 18 
79 17 10 25 67 18 
15 31 32 44 30  2  1 
71 40 42 63 39  0 
96 97 40 70 73  0 72 
 3 31  0 73 71 
71 97 16 76  3 72 
75 23 29 81 79 
74 23 79 25 24 
65 77 56 16 73  3 
20 29 65 16 76 
32 57 44 60 59 43 
75 25 74 81 80 17 68 
79 81 17 38  5 
74 29 20 38 79 80 
24 83 88 34 14 89 
12 11 34 24 82 
85 19 51  4 45 98 
19 84 37 27 22 45 
49 54 13 58 87 
36 51 13 86 58 
96 23 89 24 82 
40 96 14 88 82 
55 21 26 91 33 
49 61 26 90 33 
63 46 50 93 47 
50 92 15 94 47 
15 93 47 95 18 
47 62 67 94 18 
97 23 40 89 88 71 
96 23 71 73 16 
 4 62 99 84 45 
47 62 45 98 
