29 70 69 48 68 61 
28  9 67  2 20 33 
42 41 20  1 67 
29 70 30 71 74 54 55 
49 82 56 11 96 64 60 
13 34 36 78 46  6 
28  9 10 34  5 78 
40  8 35 61 44 
40 26 25 35  7 
 1 28  6 34 33 
28 16  6 78 66 
56  4 32 81 64 12 
81 11 64 22 23 65 
85 34 84  5 46 47 
29 48 16 28 67 91 92 
74 71 95 27 21 75 
28 14 10 66 92 93 65 
83 82 49 34 33 20 
79 27 63 39 36 75 
98 31 88 53 99 38 37 
83 25 17  2  1 33 41 
73 22 72 27 15 95 94 86 
73 21 81 80 23 12 86 
22 73 77 12 66 65 
89 59 51 50 53 62 88 
26  8 57 35 83 41 20 
51 53 40  8 57 37 25 
72 21 79 18 15 75 
14 16 67  1  9 10  6 
 0 70  3 30 48 14 67 
42 76  3 29 67 55 
32 52 98 47 89 19 88 
98 80 56 52 11 81 31 
20 17 34  9  1 
85 49 13 17  5  6  9 33 
83 43 25  8  7 44 
79 18 39 46 78  5 
26 53 40 19 38 68 
99 19 87 94 69 37 68 
62 59 46 63 18 36 
26  8 37 68  7 61 
25 57 20 76 42  2 
76 41 30 67  2 
35 44 96 97 82 83 45 
35 43  7 45 90 61 
43 44 97 60 93 90 91 92 
39 59 36 13  5 47 
89 59 46 31 52 13 84 
29 14  0 91 90 61 
 4 82 17 34 56 85 
24 62 51 58 54 55 
24 50 53 26 58 57 
32 56 31 47 84 
24 51 19 88 26 37 
63 74  3 62 50 55 
58 76 30 50 54  3 
49  4 11 32 52 85 84 
58 76 26 51 25 41 
76 57 51 50 55 
62 24 39 46 89 47 
45 97 93 96  4 64 65 
68 40  7  0 48 90 44 
24 50 59 39 63 54 
39 18 62 75 74 54 
11  4 60 12 65 
66 23 60 93 16 64 12 
23 77 78 10 16 65 
 1 28 14 42 30 29  2 
69  0 38 37 40 61 
71 70  0 95 94 38 68 
 0 29 71 69  3 
69 70 95 74 15  3 
73 21 27 77 79 
22 21 72 77 23 
15 71  3 63 75 54 
27 18 63 74 15 
57 41 42 30 58 55 
72 73 79 78 23 66 
79 77 36  5  6 10 66 
77 72 27 18 78 36 
98 32 81 22 99 87 86 
80 22 11 32 12 
49  4 83 17 96 43 
17 82 20 25 35 43 
56 52 85 47 13 
56 49 34 13 84 
94 21 87 22 80 
99 38 80 94 86 
31 19 89 53 24 
47 59 31 24 88 
91 45 48 61 44 
90 45 48 14 92 
45 93 91 14 16 
45 60 92 16 65 
87 38 69 95 21 86 
69 71 15 21 94 
 4 82 43 97 60 
43 96 45 60 
80 32 31 19 99 
98 19 38 80 87 
