 1 65 26  8 31 18 
18 39  0 40 65 
28 53 27 52 68 72 69 
47 80 54 98 62 94 58 
34 44 76 11  5 32 
 4 76 26  8 32  9 
59 42 38  7 33 
38 24 23 33  6 
26  5 32 31  0 
 5 76 26 14 64 
79 20 21 99 62 63 
 4 44 32 83 45 82 
27 46 89 14 26 65 90 
93 19 25 73 72 69 
26 12 90  9 64 91 63 
18 31 47 80 32 81 
37 34 61 73 77 25 
96 29 97 36 35 51 86 
23 81 39 15 31  1  0 
70 71 20 93 13 84 25 92 
71 19 79 78 84 21 10 
71 20 75 10 64 63 
51 49 48 86 87 57 60 
55 39  7 24 18 81 33 
51 49 35 38  7 55 23 
16 73 70 19 77 13 
12 65 14  5  8  9  0 
 2 28 46 12 68 65 
74 53 40  2 27 65 
96 17 30 50 45 87 86 
96 78 29 50 79 54 99 
32  8 15  0 18 
 5  8  4 11 83 31 15 47 
41 81 23  7 42  6 
 4 44 76 37 16 77 
36 17 51 24 38 66 
97 17 67 92 85 35 66 
34 44 57 16 61 60 
35 24 66  7 59  6 
23 55 74 18 40  1 
74 39 28  1 65 
42 33 43 81 80 95 94 
33 41 88 59 43  6 
42 41 88 89 90 95 91 58 
 4 34 37 57 11 45 
29 50 82 11 87 57 44 
27 12 89 68 88 59 
 3 80 15 54 83 32 
56 53 49 22 60 52 
24 51 22 48 56 55 
29 30 45 54 82 
24 49 22 35 17 86 
48 53  2 60 61 72 
56 48 28 74  2 52 
47 83 98  3 30 50 82 99 
24 49 56 74 39 23 
48 53 49 55 74 
37 44 87 22 60 45 
94 95 43 91 62  3 63 
66 38 88 42 68 67 46  6 
37 61 57 22 48 52 
37 16 73 60 52 72 
98  3 99 10 58 63 
64 14 91 21 10 62 58 
21 75 76  9 14 63 
 0 26 12  1 40 27 28 
67 36 35 38 59 
92 93 36 66 69 68 59 
 2 27 46 69 67 59 
68  2 72 67 93 13 
71 19 75 77 25 
70 19 20 75 21 
52  2 13 73 61 69 
16 61 25 13 72 
28 53 56 55 39 40 
71 70 77 76 21 64 
34  4  5 77 75  9 64 
34 76 75 70 16 25 
96 30 79 20 84 97 85 
78 20 30 10 99 
47  3 15 81 41 94 
23 18 33 15 80 41 
45 50 54 83 11 
54 47 82 32 11 
20 19 78 92 85 
92 84 78 97 36 
29 17 87 51 22 
45 29 86 22 57 
46 89 59 42 43 
46 12 88 90 43 
12 14 89 43 91 
43 90 14 58 63 
93 19 84 67 36 85 
13 19 92 67 69 
 3 80 41 95 58 
43 41 94 58 
78 30 29 17 97 
96 17 36 78 85 
54  3 99 62 
10 79 30 54 98 62 
