60  1 25  7 17 29 
36 17  0 69 37 60 
50 92 44 53 89 57 75 
30 10 32 71 41  4 
 8 71  3 25  7 30 
83 54 35 39  6 31 
35 23 22  5 31 
 0 25  4 30 29 
13 59 71 25  4 
19 20 74 93 58 57 
78 30 77  3 41 42 
85 13 60 26 25 43 84 
64 67 88 18 24 68 
85 11  8 59 86 25 58 
44 30 29 76 17 75 
32 72 41 24 68 94 56 
33 47 96 80 81 34 
76 14 22 29 36  0  1 
88 12 24 65 19 79 66 87 
79 18  9 20 74 73 66 
70 59  9 19 66 58 
94 55 95 45 47 81 82 
51 36 17 76 23  6 31 
45 47 33 51 35 22  6 
12 18 65 72 68 15 
 0  7 60 11 13  8  4 
63 43 11 60 37 27 
63 64 26 67 49 37 
50 92 91 73 74 93 46 
17  0 14  7 30 
14 44 78 10  3  4  7 29 
22 76  6 38 39  5 
71 72  3 41 15 
23 47 16 34 61 35 
16 80 87 33 61 62 
33 23 61 54  5  6 
51 69 17 22  1 
69 49 26 60 27  1 
75 89 90 31 76 39 
38 90 83  5 40 31 
83 39 86 85 53 84 90 
 3 10 32 15 94 42 
94 41 10 77 46 82 
26 63 11 54 83 84 
 2 50 78 30 14 75 
23 47 21 95 52 51 
28 91 42 77 50 82 
45 23 21 33 16 81 
49 67 98 99 55 68 56 
69 37 48 67 98 27 52 
28 92  2 44 78 77 46 
45 52 23 69 36 22 
51 45 69 49 98 95 
86 40 89  2 58 57 90 
83  5 63 43 62 61 35 
21 94 48 99 95 56 
94 55 15 68 48 
93  9 58 53 92  2 
53 86  9 20 59 13 57 
 8 13 71 20 70 58 
26 37 11 25  0  1 
34 33 54 62 35 
63 64 88 54 61 34 87 
26 43 54 62 64 27 
12 67 88 62 63 27 
24 18 72 70 66 
65 18 19 20 70 
12 64 49 48 27 68 
24 12 67 48 15 56 
49 37 36 51 52  1 
71 72 65 20 59 66 
32 72  8 59 70  3  4 
32 71 65 24 70 15 
80 79 97 91 28 74 19 
28 73 19  9 93 
14 44  2 89 76 38 
22 17 14 31 75 38 
78 50 10 42 46 
44 30 50 77 10 
80 73 19 18 87 
79 73 97 96 16 87 34 
96 91 21 47 16 82 
46 91 42 81 21 94 
54  5 43 39 40 84 
40 83 85 43 11 
13 11 86 40 84 
85 13 40 53 58 
79 80 18 88 34 62 
12 18 64 87 62 
53  2 75 90 38 
39 40 53 89 38 
97 73 28 46 96 81 82 
50 28  2 93 57 
 9 74 28 92 57 
21 55 82 41 15 42 56 
52 98 99 45 55 21 
97 91 80 16 81 
80 73 91 96 
48 49 52 99 95 
48 55 98 95 
