99  1 23 27  7 16 
65 35 98 34 16 99  0 
42 47 87 71 84 54 50 
28  9  7  4 67 30 39 
56 67 23  7  3 12 
37 79 51 33 29  6 
 5 33 29 21 20 
28 27  3  0 23  4 
62 66 18 70 56 55 54 88 
28  3 74 73 40 39 
23 99 41 80 81 98 24 12 
83 17 64 63 22 60 
 4 56 82 81 23 55 10 
42 28 72 16 27 71 
22 64 68 30 53 89 39 
77 45 76 32 31 94 
27 13 34  1 20  0 72 
83 11 61 62 22 75 18 
62  8 70 17 75 69 
77 45 78 43 89 52 90 
48 34 16 72 21 29  6 
48 43 45 20 31 33  6 
11 17 61 64 14 68 
99 10  0  7  4 12 
98 35 25 10 59 41 
24 35 46 63 60 59 
86 44 47 87 69 70 88 
28  7  0 13 16 
27  7  3  9 74 42 13 
 5 37 36 72 20  6 
68 14  3 67 39 
57 33 21 15 32 45 
76 15 83 58 57 31 
57 31 21 51  5  6 
48 65  1 16 20 
24 98 25 65 46  1 
71 84 85 29 72 37 
38 79 85  5 36 29 
80 79 37 81 82 50 85 
89 14 30 40  9  3 
44 78 73 89 39  9 
51 79 59 80 24 10 
13 28 74 47 71  2 
19 45 48 49 90 21 
73 47 86 78 40 26 
77 19 43 15 21 31 
65 35 25 63 92 96 
73 44 42 74 26 87  2 
43 49 34 20 65 21 
48 43 65 92 93 90 
82 38 55 54 85 84  2 
58 57  5 79 33 59 41 
97 93 90 19 89 53 
89 52 14 97 64 
55  8 50  2 87 88 
56  8 54 82 50 12 
66 67  8  4 55 12 
58 32 31 33 51 
32 83 60 57 51 59 
51 58 60 25 24 41 
25 63 11 83 58 59 
62 17 22 66 68 
61 17 66  8 18 
64 11 25 46 60 96 
11 63 22 14 96 97 53 
46 35  1 34 48 49 92 
62  8 61 56 67 68 
56 66 68  4  3 30 
66 61 67 22 14 30 
86 91 26 70 18 75 
18  8 26 69 88 
13 72 42  2 84 36 
13 16 29 20 71 36 
44 47 74 40  9 
42 47 73 28  9 
83 17 18 76 91 69 
15 32 75 91 83 94 
19 45 78 86 15 95 94 
19 77 89 86 44 40 
38 80 37  5 51 41 
38 81 79 10 41 
80 10 38 82 12 
38 81 50 55 12 
11 17 75 60 76 32 58 
85 50 71  2 36 
38 37 50 84 36 
44 78 77 26 95 91 69 
26 47  2 54 88 
70  8 54 87 26 
40 78 19 52 53 14 39 
93 52 19 43 49 
86 95 76 75 69 94 
46 65 49 93 96 
97 52 92 49 90 96 
76 15 77 95 91 
86 91 77 94 
92 46 63 97 93 64 
93 52 96 64 53 
24 35  1 99 10 
 1 98  0 23 10 
