22  6 26 15 97 98 99 
85 46 53 49 41 69 82 
65 29  3  6 27  8 38 
22  6 55 65 11  2 
50 32  5 77 36 28 
32  4 20 19 28 
22  3  0 26 27  2 
68 17 86 55 54 64 53 60 
72 27 71 39 38  2 
23 40 96 78 79 97 22 11 
81 16 21 58 61 62 
55 54  3 22  9 79 80 
70 15 26 27 69 41 
21 62 52 87 66 29 38 
30 44 75 31 92 74 
19 70 33 99 12 26  0 
73 81 17 10 21 59 60 
73 16 68  7 67 60 
75 44 76 42 87 51 88 
15 70 33 20 47  5 28 
30 44 42 47 19 32  5 
10 16 62 59 13 66 
 3  6  0 97  9 11 
40 57 24 34 96  9 
23 57 58 61 34 45 
86 68 84 43 46 67 85 
 6 27  0 15 12 
 8 72 41 26  6  2 12 
35 70 19  5 36  4 
66 13 65 38  2 
20 44 14 31 56 32 
14 30 56 58 81 74 
20 30 56 50  4  5 
63 47 99 19 15 
24 23 98 63 45 96 
70 28 36 69 83 82 
77  4 37 28 35 83 
79 78 77 36 83 49 80 
 8 39 87 13 29  2 
43 76 71 87 38  8 
23 57 50  9 77 78 
 1 46 69 72 12 27 
18 44 20 47 48 88 
71 46 84 76 39 25 
20 30 75 18 42 14 
90 94 61 24 34 63 
71 43 72 25 85  1 41 
20 19 33 42 48 63 
42 47 63 88 91 90 
53 54  1 83 37 80 82 
56 57 32  4 40 77 
95 91 52 87 18 88 
95 62 51 87 13 
49 54 86  7 85  1 
55  7 49 53 11 80 
54  7 64 65  3 11 
31 30 32 50 57 58 
56 50 58 40 23 24 
31 81 56 57 10 61 24 
21 16 60 64 66 
17 16 59 64  7 
94 62 10 58 24 45 
95 52 94 61 21 10 13 
48 47 90 98 34 99 33 45 
55  7 60 59 66 65 
55  3 64 66 29  2 
59 64 13 29 21 65 
25 68 17 84 89 73 
17  7 86 25 67 
12 70 35 41  1 82 
12 15 35 28 69 19 
43 46 72 39  8 
71 46  8 27 41 
81 16 17 74 89 67 
31 14 92 89 73 81 
18 44 76 14 84 92 93 
18 75 87 84 43 39 
40 50  4 36 37 78 
37 79 77 40  9 
78  9 37 11 80 
79 37 49 54 11 
73 16 31 58 10 74 
83 35 69  1 49 
35 36 37 49 82 
43 76 75 93 89 25 67 
25 86  1 46 53 
68  7 25 85 53 
76 39 52 51 18 13 38 
48 91 42 18 51 
84 93 92 74 73 67 
48 91 63 94 45 
51 95 94 48 88 90 
14 75 93 89 74 
84 75 92 89 
95 91 62 61 90 45 
51 91 52 62 94 
98 34 97 23  9 
98 96  0 22  9 
63 34 99 96 97  0 
98 63 33 15  0 
