67 79 82 44 47 39 51 
 2  5 26  7 63 28 36 
 1  5 21 10 53 63 
30  4 27 74 48 34 
30  3 27 19 18 
98 21  2  1 26 25 
16 58 62 53 52 66 83 51 
26  1 36 37 69 
76 10 21 75 38 22 92 93 
59 60 78 15 56 20 
76  8 21 77 52 53  2 
68 14 67 25 26 39 
50 84 28 64 20 60 36 
88 71 29 72 42 97 96 
11 25 68 99 18 31 95 
70 78 16 58  9 57 20 
70 15 58  6 65 66 
85 49 40 42 84 73 72 
27 68 14 31 45  4 19 
 4 30 40 42 45 18 96 
 9 15 57 60 64 12 
10  8 93 98  5  2 
55 38  8 92 32 23 
59 43 32 22 55 56 
41 81 44 65 83 82 66 
98  5 26 11 99 14 
 1  7  5 25 11 39 69 
 4  3 18 68 33 34 
63 64  1 12 36 
13 71 78 56 97 54 
 4  3 19 54 97 96 48 
61 95 45 18 14 
61 43 94 92 22 23 
34 27 80 68 79 67 
27  3 33 74 35 80 
77 47 76 80 34 75 74 
37 84 12 28  7  1 
84 73 36  7 69 41 
55 22 74 75  8 48 
 0 44 67 69 11 26 
85 46 45 17 42 19 
81 24 44 73 37 69 
17 40 19 72 13 96 
87 90 61 59 32 23 
41 24 69 82  0 39 
40 46 19 61 31 18 
85 40 87 61 45 
77 35 80 79 52  0 51 
54 55 38 74  3 30 
50 84 17 85 91 87 
60 91 12 84 49 
 0 47 82 83 52  6 
 6 53 10 77 47 51 
 6 62 52 10  2 63 
56 55 29 97 30 48 
38 22 56 54 23 48 
29 78 54 55  9 59 23 
58 15 62 64 20 
16 15  6 62 57 
90 60 43  9 56 23 
90 91 59  9 20 50 12 
87 43 46 95 31 94 45 32 
 6 53 58 57 64 63 
62 64 28 53  2  1 
62 57 20 63 28 12 
81 86 24 70 16 66 
65 16  6 83 24 
79 33 68 11  0 39 
11 14 27 33 18 67 
 7 37 41 44 26 39 
78 15 71 86 16 65 
70 78 86 88 13 29 
81 73 17 42 13 88 89 
84 17 72 81 37 41 
38 75 35 48  3 34 
38 74  8 35 76 
10  8 77 35 75 
35 47 76 10 52 
70 15 71 29 56  9 
80 47 33 67  0 
35 47 34 33 79 
72 73 89 86 41 24 65 
83 24 44  0 51 
82 24 66  6 51 
17 73 37 12 50 49 36 
46 40 87 17 49 
71 70 88 89 81 65 
90 91 43 85 46 61 49 
71 86 13 72 89 
72 88 81 86 
60 91 87 43 59 
60 90 87 50 49 
 8 22 32 94 93 
 8 21 92 98 99 94 
95 99 61 32 92 93 
94 99 61 31 14 
19 42 13 97 30 
29 13 54 30 96 
93 21 99  5 25 
94 93 98 25 95 14 
