 8 67 66 54 63 97 
61 20 12 62 70 13 
31 14 20 53 57 
11  5 50 51 88 41 
50 71 40 43 45 
40 33 50 65 11 84  3 
31 67 32  8 38 35 
28 10 21 15 16 30 73 74 
37 54 38  6 67  0 
12 13 42 27 88 41 
29 28  7 80 74 94 
65  5  3 99 91 41 98 
20 57 42  9  1 13 
70  1 12  9 26 27 
59 76 53 22 31  2 
37 16  7 21 38 35 48 
37 49 15  7 30 93 92 
34 18 56 99 42 91 
24 46 99 98 17 34 64 65 
52 72 22 32 35 48 79 
31 67 61  2 57 12  1 
28 36  7 15 48 
59 14 31 32 19 79 
55 75 44 34 24 69 68 86 
34 23 68 46 18 
62 70 29 80 81 97 96 
70 13 29 36 77 27 
77 72  9 13 26 88 
21 36 29 10  7 
28 10 36 70 25 80 26 
39 33 93  7 16 73 
 6 67 32 20 22 14  2 
31  6 35 22 19 
39 40 30 73  5 84 
24 23 55 18 17 56 
38 15 32  6 48 19 
21 28 29 26 77 52 48 
49 54 16  8 15 38 
 8 37 15 35  6 
40 33 30 93 43 87 
50  4 39 33  5 43 
88  9 42 91  3 11 
56 17 57 91 41 12  9 
40  4 39 45 44 87 86 
75 23 45 43 86 
44 43 71 60 75  4 
82 47 68 24 18 64 
46 82 63 96 81 95 64 
15 35 21 36 52 19 
37 54 16 58 92 
40  5  3 51 71  4 
50  3 90 71 88 78 
77 72 36 48 19 
56 57 76 14 55  2 
49 37  8  0 58 63 83 
34 23 56 76 75 53 
34 17 55 53 57 42 
53 56 42 20  2 12 
49 54 92 83 69 87 
76 14 60 22 79 89 
71 45 76 59 75 89 
66 67 20 62  1 
61 66 70 25  1 97 
 0 54 82 47 96 83 97 
95 85 47 65 46 18 
85 64 98 11  5 84 18 
 0 67 61 62 97 
 6 31  8 20  0 66 61 
82 46 24 83 69 23 
58 83 68 23 87 86 
62 25 29  1 13 26 
45 60 90 51 50  4 89 
77 27 52 88 19 78 79 
30  7 33 84 85 74 
73 85  7 10 94 
76 55 23 44 60 45 
59 14 60 75 55 53 
26 36 27 72 52 
51 90 88 72 79 
19 22 59 78 90 72 89 
81 25 29 10 94 
80 25 95 47 96 94 
46 47 63 83 68 
58 69 54 63 82 68 
 5 33 73 85 65 
95 64 65 73 84 74 94 
87 69 23 44 43 
58 69 92 43 39 93 86 
27  9 51  3 72 78 41 
79 59 90 60 71 
51 71 78 79 89 
42 17 99 11 41 
49 16 93 58 87 
30 39 16 92 87 
95 85 74 10 80 81 
85 64 47 81 94 
63 47 97 25 81 
 0 66 62 63 96 25 
18 65 99 11 
17 91 18 11 98 
