96 97 42 38 73 62 
27 58  2  7 25  5 35 
20  9 57 58  1  5 
46 29  4 26 68 33 
29 18 17 26  3 
 2 20  1 24 25 90 
54 57 76 61 49 50 15 
64 25 36  1 35 
19 14 72 52 83 55 
20 70  2 57 50 71 
13 24 25 38 62 63 
77 48 59 27 19 35 
81 98 66 28 89 99 88 
63 17 24 10 30 91 87 
19 53  8 54 15 65 72 
 6 61 54 65 14 60 
47 78 77 39 66 67 
63 13 30 26  4 18 43 
29  4 17 39 43 88 
53 14  8 48 84 59 11 83 
70  9 95  2 92  5 90 
22 51 31 85 94 37 
52 51 21 31 41 55 
76 61 75 40 60 96 42 
10 25  5 13 91 90 
38 10 24 64  7  1  5 
17  4 63  3 32 33 
59 58 11  1 35 
12 89 52 51 99 72 46 
18  4 46 89 88  3 
43 17 13 56 87 
56 86 41 22 21 85 
62 73 74 63 26 33 
 3 26 32 74 68 34 
71 70 69 68 33 74 45 
77 36 11 27  7  1 
67 77 40 64  7 35 
46 51 68 21 94 69 
25 64 42  0 10 62 
16 66 78 44 43 18 88 
36 67 75 23 64 42 
56 80 83 31 22 55 
96  0 64 38 40 23 
39 18 44 17 30 56 
78 39 80 56 43 
97 49 71 34 74 73 
29 89 28 51  3 68 37 
77 48 84 16 78 80 
19 84 77 11 47 
76  6 50 71 97 45 
49  6 57  9 71 
52 28 46 22 21 37 
28 51 72  8 22 55 
19 14 57 54 59 
57 53  6 14 15 
22 52  8 83 41 
80 44 41 31 86 43 30 87 
 2  9 58 54 53  6 50 59 
 2 57 59 27  1 
27 58 57 53 19 11 
23 61 75 15 65 79 
 6 76 23 15 60 
73  0 38 10 63 32 
13 17 26 10 62 32 
36 40  7 25 38 42 
15 14 99 98 72 60 79 
81 82 16 39 12 67 88 
16 66 82 77 36 40 75 
 3 46 33 34 69 37 
68 34 70 95 94 37 
20  9 95 71 34 69 
70 34 50 49  9 45 
52  8 14 65 99 28 
97  0 45 74 62 32 
33 34 45 73 32 
23 40 67 82 60 79 
 6 61 49 23 96 97 
36 67 16 11 48 47 35 
16 39 44 80 47 
75 82 60 81 98 65 
78 44 56 41 83 84 47 
82 66 12 98 79 
81 66 67 75 79 
19 84  8 80 41 55 
48 19 83 80 47 
31 21 94 86 95 92 93 
56 31 85 93 91 87 
30 13 91 86 56 
12 66 39 18 29 89 
28 12 29 46 88 
92 20  5 93 91 24 
86 93 87 13 24 90 
20 95 85 93 90 
85 86 92 90 91 
85 21 95 69 37 
94 85 70 20 92 69 
76 23 97  0 42 
76 49 96  0 45 73 
81 12 99 65 79 
65 98 12 28 72 
