37 39 59 70 93 
 5  2 34  7 55 27 25 
 5  1 54  9 20 55 
43 65 32 26 29  4 
26 17  3 29 18 
 2  1 20 87 25 24 
15 58 51 54 73 46 47 
34  1 35 61 25 
69 14 19 49 52 80 
54  2 20 67 68 47 
25 37 59 60 13 24 
56 19 45 27 34 74 
85 86 28 95 94 63 78 
60 10 24 88 17 30 84 
51 15 69  8 19 62 50 
51 14  6 58 62 57 
44 75 38 63 74 64 
30 40 13 18 60 26  4 
17 40 38 85 29  4 
 8 14 80 81 11 56 45 50 
89 87  5  2  9 67 92 
91 36 48 22 82 31 
49 52 48 21 31 98 
97 39 93 73 58 57 72 96 
25 10 87 88  5 13 
 7 61 37  5  1 10 24 
32 71 70 59  3 60 17  4 
56 11 55 34  1 
43 86 49 69 12 48 95 
43 86  3 85 18  4 
53 40 17 13 84 
83 82 53 21 22 98 
 3 65 33 71 26 
66 67 68 42 65 32 71 
 7  1 35 27 11 74 
61  7 97 34 74 64 96 
66 65 43 91 48 21 
61 39 25  0 59 10 
41 40 75 18 85 16 63 
37 61  0 93 97 23 
30 17 53 41 38 18 
40 38 75 77 53 
46 68 70 93 33 71 
 3 65 36 28 86 48 29 
77 81 75 45 16 74 
19 81 11 44 74 
73  6 68 42 47 93 
 6 46 68  9 54 
36 43 28 49 22 21 
22 52  8 69 28 48 
19 14 56 51 54 
15 14  6 54 50 
49 22  8 80 98 99 
40 41 77 31 83 30 98 84 99 
 2  9  6 51 47 50 56 55 
54  2 56  1 27 
11 19 50 54 55 27 
15 58 62 23 72 76 
15  6 73 23 57 
60 26 70  0 37 10 
17 26 59 10 13 
37 39 25  7 35 97 
15 14 69 95 94 57 76 
38 85 16 12 78 64 79 
63 16 74 35 79 72 96 
43  3 66 36 32 33 
36 65 33 91 92 67 
20  9 92 66 68 33 
46 42 67  9 47 33 
 8 14 49 28 62 95 
59 26  0 93 42 71 
33 42 32 70 26 
57 23 76 64 79 96 
 6 58 46 93 23 
44 45 35 34 64 11 16 
38 41 16 77 44 
94 62 57 78 72 79 
80 81 75 41 53 44 99 
94 12 63 76 79 
78 63 64 72 76 
77 81  8 52 19 99 
80 77 19 45 44 
89 92 91 90 83 31 21 
90 82 88 31 53 84 
53 83 30 88 13 
12 86 38 18 29 63 
12 85 43 28 29 
89 20  5 90 88 24 
24 13 87 83 90 84 
82 92 20 87 90 
89 82 83 88 87 
36 66 92 82 21 
82 91 89 20 67 66 
70 42  0 46 73 39 23 
95 12 62 78 76 
62 69 28 12 94 
64 72 23 97 35 
61 39 35 23 96 
22 52 31 53 99 
53 77 98 80 52 
