36 38 91 68 58 
54  2  5 27 25  7 33 
54 53  9 20  5  1 
42 28  4 64 31 26 
18 17 28  3 26 
 2 20 85 24 25  1 
15 57 50 53 71 45 46 
25 60 34  1 33 
51 48 67 14 78 19 
 2 53 20 90 66 46 
58 59 13 24 36 25 
55 19 44 27 72 33 
98 84 83 62 93 76 92 
82 29 10 59 24 17 86 
50 15 49 19 61 67  8 
 6 57 50 14 61 56 
63 62 37 73 43 72 
18 39  4 29 13 59 26 
17 39  4 28 37 83 
11 55 44 49 14 78 79  8 
85 87  9  2 90  5 
89 80 30 35 47 22 
30 21 47 51 48 96 
71 57 91 38 95 94 70 56 
85 86 13  5 25 10 
60 36 24  5  7  1 10 
59 58 68  3  4 31 17 69 
55 11 54  1 33 
18  4 42 84 83  3 
17 39 82 13 52 
80 21 22 81 52 96 
32 64  3 26 69 
69 41 66 31 64 65 
 7 34 72  1 27 11 
94 95 72 63 60  7 33 
64 65 89 21 47 42 
 0 38 58 10 25 60 
18 39 40 73 16 62 83 
 0 36 91 23 95 60 
17 18 40 52 37 29 
39 37 73 75 52 
32 69 66 45 91 68 
99 84 28 47  3 64 35 
72 44 79 75 16 73 
11 19 43 72 79 
71  6 66 41 91 46 
45  6 53  9 66 
42 99 48 35 21 22 
67 99 47 51  8 22 
55 53 50 14 19 
 6 53 15 14 49 
 8 48 78 22 97 96 
82 29 40 75 39 81 30 97 96 
 6 50 55 54  2 49  9 46 
55 53  2 27  1 
11 19 27 54 53 49 
70 74 15 57 23 61 
15  6 71 23 56 
 0 36 68 59 26 10 
17 26 13 58 10 
36 38 95 25  7 34 
15 14 67 93 92 74 56 
63 16 37 83 12 76 77 
16 62 72 70 94 34 77 
32 31 65  3 42 35 
64 32 90 89 35 66 
32 41  9 90 45 65 46 
98 99 48 61 14 93  8 
91 41  0 69 26 58 
32 41 31 26 68 
94 63 23 56 74 77 
 6 57 23 91 45 
43 44 11 16 63 34 33 
37 40 16 43 75 
92 61 76 56 70 77 
79 78 43 40 73 52 97 
12 62 92 74 77 
70 63 62 76 74 
79 19 75  8 51 97 
43 44 78 19 75 
89 87 21 30 88 81 
52 82 30 80 88 86 
13 29 52 81 86 
37 18 28 12 62 84 
99 98 12 42 28 83 
87 20  5 88 86 24 
13 24 85 88 82 81 
85 20 90 89 88 80 
80 87 85 81 86 
80 87 90 65 21 35 
87 89  9 66 20 65 
 0 38 23 71 45 41 68 
93 61 74 76 12 
12 98 67 61 92 
70 63 95 23 34 
23 38 60 94 34 
52 30 97 22 51 
52 75 78 51 96 
99 84 12 67 93 
98 84 42 67 48 47 
