36 38 57 87 66 
25  5  2 53 27 33  7 
52 53 20  5  9  1 
26 31  4 28 42 62 
26  3 18 17 28 
20  2  1 25 82 24 
46 45 52 50 56 15 69 
 1 33 99 98 25 34 
19 14 65 75 48 
20 86 64 46  2 52 
13 24 58 25 36 57 
19 44 70 54 33 27 
60 73 94 81 89 88 80 
58 10 24 96 97 17 29 79 
19  8 65 59 49 50 15 
56  6 50 14 59 55 
74 61 70 60 37 43 71 
18  4 13 29 58 26 39 
17  4 39 37 28 80 
14  8 75 76 44 11 49 54 
 2  5  9 86 82 83 
22 30 77 47 35 85 
21 30 75 48 47 92 
87 38 90 68 56 69 55 91 
25 10  5 13 96 82 
36 10  1  5 99 24  7 
 3 31  4 57 58 66 67 17 
 1 53 33 11 54 
18  4  3 42 81 80 
51 39 17 13 79 
22 21 77 78 51 92 
 3 26 67 32 62 
31 67 41 64 63 62 
70 11 34  1 27  7 
90 61 70 33  7 98 91 
47 21 42 85 63 62 
38  0 10 25 57 99 
60 16 71 40 39 18 80 
36  0 87 23 98 91 99 
17 29 18 40 37 51 
71 72 51 39 37 
87 45 32 67 66 64 
95 81 47 35 28  3 62 
72 76 70 16 44 71 
19 11 76 43 70 
46  6 41 87 69 64 
45  6 52 64  9 
95 42 22 21 48 35 
95 65  8 75 22 47 
19 14 50 52 54 
52  6 49 14 15 
78 30 72 93 29 39 40 92 79 
46  6 50 49  2 53 54  9 
 2 52 54  1 27 
19 11 49 52 53 27 
56 23 68 15 73 88 59 
15  6 69 23 55 
36  0 10 58 26 66 
13 10 17 57 26 
89 65 14 88 15 55 
74 73 16 37 12 80 
74 68 90 34 70 16 
35 63 32 31  3 42 
85 35 32 64 86 62 
32 63 46 45 41 86  9 
89 94 59 14  8 95 48 
41 67 57  0 87 26 
32 31 41 26 66 
74 61 73 90 23 55 
56 23 87 45  6 
43 16 44 11 61 33 34 
43 16 72 37 40 
43 76 71 93 51 40 
68 74 55 88 60 12 
68 61 73 60 16 
19  8 76 93 48 22 92 
19 75 72 43 44 93 
21 30 78 84 83 85 
51 30 77 84 97 79 
78 51 29 97 13 
28 18 60 37 12 81 
95 94 42 12 28 80 
20  5 24 96 84 83 
82 20 84 86 85 77 
78 77 97 83 82 96 
77 21 35 63 83 86 
85 63 64  9 20 83 
38 23 41 45  0 66 69 
89 59 55 73 12 
65 94 59 88 12 
68 61 23 34 91 
34 90 98 38 23 
75 22 93 30 51 
72 76 75 51 92 
65 89 95 81 12 
94 81 42 65 48 47 
24 13 82 84 97 
96 13 78 84 79 
 7 34 91 38 99 
 7 25 98 36 38 
