64 55 35 37 85 
26 32  7 24  5 51  2 
 1  5 51 50  9 20 
41 60 27 30  4 25 
27 18 17 25  3 
24 23  1 80  2 20 
67 44 15 48 45 54 50 
33 32 96  1 24 97 
46 73 63 14 19 
50 45  2 62 84 20 
35 55 56 24 23 13 
68 32 43 26 52 19 
87 86 92 71 58 78 79 
77 28 56 10 23 94 95 17 
15 57 48 63  8 47 19 
53 57 14 48  6 54 
58 72 36 69 42 59 68 
38 18 28  4 25 56 13 
27 78  4 36 38 17 
74 43 73  8 14 47 52 11 
84 81  9  2 80  5 
75 83 34 99 22 29 
73 90 46 98 99 29 21 
13 94 10  5 24 80 
 5 23 10 35  1  7 97 
65 30 55 56 64 17  4  3 
11 32 52  1 51 
18 78  4 79 41  3 
49 77 13 38 17 
22 90 76 75 21 49 
25 65 31 60  3 
40 65 30 60 61 62 
68 33 11 26  1  7 
 7 96 89 32 88 59 68 
61 60 83 21 99 41 
97 37 55 10  0 24 
16 58 38 39 18 78 69 
67 85 97 96 89 35  0 
49 39 36 18 28 17 
69 70 36 49 38 
85 44 31 65 64 62 
79 27 34 60 99 93 98  3 
16 68 69 70 43 74 
68 42 11 74 19 
85 67 40  6 45 62 
 6 44 50 62  9 
73  8 22 63 93 98 
14 48 19 52 50 
15 14 47  6 50 
70 39 29 90 76 77 28 38 91 
52 47 51 48  6 45  2  9 
52 26  1  2 50 
11 26 19 47 51 50 
15 57 86 71 66 54 
89 67 66 53 15  6 88 
35 10 56  0 64 25 
55 10 13 17 25 
15 53 14 63 86 87 
71 72 12 78 16 36 
88 33 16 72 66 68 
31 30 61 34 41  3 
60 34 83 31 84 62 
61 31 84 40 44 45  9 
46  8 14 57 93 92 87 
40 65 85  0 55 25 
40 31 64 30 25 
71 53 72 54 88 59 
85 44 37 89  6 54 
16 59 42 43 33 32 11 
16 42 70 39 36 
69 42 39 74 49 91 
86 12 53 58 72 66 
58 71 16 66 59 
46  8 22 90 91 74 19 
70 42 43 91 73 19 
81 82 83 76 29 21 
75 82 29 49 77 95 
49 28 76 13 95 
18 27 12 58 79 36 
92 93 12 78 27 41 
81 82 94 23  5 20 
75 82 83 80 84 20 
81 80 94 75 76 95 
81 84 75 61 34 21 
61 83 81 62  9 20 
67 44 37 40 64  0 
53 57 87 12 71 
92 63 57 86 12 
33 89 54 66 59 
96 37 67 33 54 88 
73 22 29 49 91 
74 70 49 90 73 
63 93 87 12 79 
46 63 92 98 79 41 
23 13 95 82 80 
77 76 94 82 13 
97 37  7 89 33 
96 37  7 35 24 
46 93 22 99 41 
98 22 34 21 41 
