 8 66 65 53 95 62 
60 20 12 61 69 13 
30 14 20 52 56 
11  5 49 86 40 50 
44 42 70 49 39 
64 11 39 49 32  3 82 
30 66 31  8 37 34 
27 10 72 29 21 16 15 
36 53 37  6 66  0 
12 13 41 26 86 40 
28 27  7 72 92 78 
64  5  3 96 40 89 97 
20 56 41  9  1 13 
69  1 12  9 26 25 
58 74 52  2 30 98 
36 16 47 34 21 37  7 
36 48 15 91 29  7 90 
33 18 55 97 89 41 
96 97 23 45 63 17 64 33 
47 34 31 51 71 99 77 
30 66 60  2 56 12  1 
15 47 35 27  7 
54 33 73 43 84 68 23 67 
22 33 67 45 18 
61 69 28 95 94 79 78 
69 13 26 75 28 35 
75 71  9 13 25 86 
28 10 35 21  7 
27 10 35 69 24 25 78 
72 32 91 16  7 38 
 6 66 31 20  2 14 98 
19 34 30  6 99 98 
72 29 38 39  5 82 
23 22 54 18 17 55 
15 47 19 31 37  6 
28 27 21 47 51 75 25 
48 53 16  8 15 37 
 8 36 15 34  6 
91 29 32 39 42 85 
49  4 42 38 32  5 
86  9 41 89  3 11 
 9 40 89 12 56 55 17 
39  4 38 44 85 84 43 
22 84 73 44 42 
43 42 70 59 73  4 
63 46 80 67 23 18 
62 94 63 45 79 80 93 
15 34 21 35 19 51 
36 53 16 57 90 
 4 70  3  5 39 50 
86  3 76 49 88 70 
35 47 19 71 75 
55 56 74 14 54  2 
48 36  8  0 57 81 62 
33 22 55 74 73 52 
33 17 54 52 56 41 
52 55 20  2 12 41 
48 53 90 81 85 68 
74 14 59 98 99 77 87 
70 44 74 58 73 87 
65 66 20 61  1 
60 65 95 24  1 69 
95  0 94 53 81 46 80 
45 18 64 83 93 46 
96 18 11 63 83  5 82 
 0 66 60 61 95 
 6 30  8 20  0 65 60 
80 45 23 68 81 22 
22 84 81 57 85 67 
61 24 28  1 13 25 
44 59  4 49 88 50 87 
19 51 75 26 86 76 77 
29 32  7 10 92 83 82 
74 54 22 43 59 44 
58 14 59 73 54 52 
51 71 35 26 25 
86 71 77 88 50 
19 71 76 99 88 58 87 
92 10 79 28 24 
94 46 93 24 92 78 
45 46 62 81 67 
57 53 62 68 80 67 
64 83  5 32 72 
92 72 93 64 63 82 
42 85 22 43 68 
90 91 38 57 42 84 68 
26  9 71 76 40  3 50 
77 58 88 59 70 
77 76 50 70 87 
41 17 40 11 97 
48 16 91 57 85 
29 16 90 38 85 
72 10 83 93 79 78 
92 83 63 46 79 
95 24 62 46 79 
 0 65 61 94 24 62 
18 64 11 97 
18 17 96 89 11 
30 31 99 14 58 
19 31 98 58 77 
