63 81 54 36 34 
 6 31 25  4  2 50 23 
 8 19 49  4  1 50 
96 97 24 29 40 76 26 59 
 2 19  1 23 22 77 
49 44 47 14 53 66 43 
 1 31 32 92 93 23 
98 45 18 13 99 62 
 2 19 49 44 61 80 
12 22 23 55 54 34 
18 51 42 25 31 67 
88 83 76 26 82 70 57 
16 27 55  9 22 75 91 90 
18 46 47  7 14 56 62 
52 56 13 47  5 53 
67 58 41 35 57 71 68 
17 37 24 96 97 27 12 55 
16 37 97 26 35 57 
10 51 46 13 42 72  7 99 
 8  2  4 80 77 78 
79 73 33 95 21 28 
98 45 94 95 20 28 86 
23  9  4 12 90 77 
 6  1  4 93 34  9 22 
63 54  3 29 96 16 55 64 
10 51  1 31 50 
76 11 17 97  3 57 
16 37 12 75 48 
48 74 73 20 21 86 
 3 24 59 30 64 
60 61 39 64 59 29 
 6  1 32 25 10 67 
67 31 58 84 85  6 92 
79 20 60 95 40 59 
23 93  9 36  0 54 
17 37 57 15 38 68 
 0 81 66 85 34 93 92 
16 17 35 27 48 38 
37 35 68 48 69 
43 61 81 63 64 30 
76  3 95 33 89 94 59 
42 72 69 68 15 67 
41 72 18 10 67 
61 44 66 81  5 39 
 5 49  8 61 43 
21 98 94 89  7 62 
18 13 51 47 49 
46 13 49  5 14 
75 74 27 37 38 69 87 28 86 
 5 44 47  8  2 46 51 50 
 2  1 25 51 49 
18 10 46 25 49 50 
65 53 70 14 56 82 
65 52 14  5 84 85 66 
 0 63 24 55  9 34 
12 16 24 54  9 
14 52 13 82 83 62 
35 15 70 11 17 26 71 
32 67 15 84 65 71 
 3 29 40 33 30 60 
80 61 79 33 59 30 
 8 44 43 80 60 39 30 
 7 45 83 88 56 89 13 
 0 81 54 24 64 39 
24 63 39 29 30 
52 53 70 84 58 71 
85 53  5 43 81 36 
42 41 32 31 58 15 10 
38 35 69 41 15 
68 38 48 87 41 72 
52 65 82 11 57 71 
57 70 15 58 65 
41 42 18 69 87 99 
20 79 78 74 28 
75 91 78 73 48 28 
74 91 12 27 48 
88 11 89 40  3 26 
22  4 90 19 78 
91 90 77 73 74 79 80 19 
20 73 33 60 80 78 
 8 19 61 60 79 78 
66 43 63  0 36 39 
52 70 83 11 56 
88 11 82 56 62 
32 58 85 65 53 
32 84 53 66 36 92 
48 87 28 21 98 
48 69 72 99 98 86 
83 11 76 89 62 
76 88 45 94 40 62 
22 12 91 77 78 
75 74 12 90 78 
36 85 93 32  6 
23  6 34 36 92 
21 45 89 95 40 
33 20 21 94 40 
 3 97 24 16 
96  3 17 16 26 
21 45  7 99 87 86 
 7 18 98 72 87 
