53 33 62 35 38 65 
49 24  2  4 30 22  6 
49  1  4 18  8 48 
28 23 39 74 25 93 58 92 
75 18 21  2  1 22 
14 46 48 43 52 65 42 
89 88 31 30  1 22 
61 13 17 95 44 94 
43 48 60 78 18  2 
33 22 53 54 12 21 
41 98 17 50 24 30 
56 25 68 74 84 79 
87 73 86 26 21  9 15 54 
55 61 46 14  7 17 45 
46  5 13 55 52 51 
92 23 93 16 26 12 54 36 
56 25 34 93 15 36 
 7 13 95 70 45 41 10 50 
 4 75 76 78  8  2 
77 32 91 20 71 27 
44 90 94 91 19 82 27 
 9 12 75  4 86 22 
 4  1 21  9 33 89  6 
28  3 63 62 53 92 15 54 
49  1 50 10 30 
74  3 93 11 56 16 
12 73 15 36 47 
19 20 82 71 72 47 
 3 23 58 63 29 
59 58 60 38 28 63 
99 98 10 24  1 31  6 
81 88  6 80 30 99 57 
58 59 39 77 19 91 
 9 22 89 35 53  0 
97 66 56 37 16 36 
81 88 89 33 65  0 
16 15 26 37 34 47 
67 66 34 36 47 
60 29 65 42 62  0 63 
74  3 85 90 58 32 91 
67 66 70 96 41 98 99 
70 17 40 98 10 
43  5 65 38 60 
48  8  5 60 42 
85 61 90 20  7 94 
48 46 13 17 50 
14  5 13 48 45 
27 82 72 73 26 83 36 37 67 
43  8 46  5 45  2 49 50 
24  1  2 48 50 
24 49 45 48 10 17 
52 64 14 55 79 68 
80 81 64 14  5 51 65 
54 23  9 33 62  0 
15 23 53 12  9 
61 13 79 14 51 
68 69 11 25 97 34 16 
99 31 80 96 69 64 
59 32 39  3 28 29 
32 58 29 77 60 78 
29 38 43  8 59 78 42 
79 84 55 13 85 44  7 
53 23  0 38 63 
28 29 38 62 23 
68 69 52 80 57 51 
52  5 81 35 42 38  0 
67 37 40 96 34 97 
83 70 37 66 40 47 
56 69 64 11 79 51 
56 68 64 97 96 57 
17 95 83 67 40 41 
77 19 76 27 72 
27 71 87 73 76 47 
87 12 26 72 47 
39  3 25 85 84 11 
 4 18 21 76 86 
71 72 77 75 18 87 78 86 
76 78 59 32 19 71 
60  8 59 18 77 76 
61 84 55 11 68 51 
31 81 52 64 57 
31 88 80 52 35 65 
94 20 83 27 47 
94 95 70 82 67 47 
61 79 85 74 11 
61 84 44 74 39 90 
12 21 87 75 76 
86 76 12 73 72 
31 81  6 89 35 
33 22  6 88 35 
85 39 44 20 91 
39 32 90 19 20 
 3 23 93 15 
25  3 92 15 16 
44 20  7 95 83 82 
17  7 94 70 83 
97 69 66 57 99 40 
34 66 56 69 96 
41 40 99 10 30 
40 98 96 30 57 31 
