52 33 35 64 38 61 
22  6  4 24 48  2 30 
 1 48  4 47  8 18 
73 39 25 92 57 28 91 
22 21  1 74  2 18 
47 43 45 42 14 51 64 
22  1 88 87 30 31 
60 13 98 93 17 
47 43 59  2 77 18 
12 53 21 52 33 22 
49 24 96 41 17 30 
73 25 83 78 67 55 
85 21 72 26 15 53  9 
54 60 14 44 45  7 17 
54 13 50 45 51  5 
23 53 12 16 36 92 26 91 
34 36 15 92 25 55 
49 44 69 41 13  7 93 10 
74  4  2 75 77  8 
90 32 20 27 70 76 
89 99 93 90 19 27 81 
 9 12 85  4 22 74 
 4 21  9 33  1  6 88 
15 53 52 61 62 28 91 
 1 48 49 30 10 
 3 73 92 16 11 55 
46 72 36 15 12 
20 19 70 71 46 81 
57 29  3 62 23 91 
59 58 38 57 28 62 
 1  6 24 10 96 31 97 
79 56 87 80 97 30  6 
57 39 58 90 19 76 
 0 52 35  9 22 88 
16 36 37 55 95 65 
87 80  0 33 88 64 
16 34 15 37 46 26 
66 46 36 34 65 
59 42 64  0 29 61 62 
73 84  3 57 32 89 90 
69 41 96 66 65 94 97 
69 40 96 17 10 
59 43 38 64  5 
59 42 47  8  5 
45 13 47 49 17 
44 13 14 47  5 
27 71 66 37 82 81 72 26 36 
 8 43  2 48 45 44 49  5 
24  1  2 47 49 
24 48 47 44 17 10 
54 78 67 63 14 51 
14 50 79 80 64 63  5 
 0 33  9 53 23 61 
15 12  9 52 23 
60 13 78 50 14 
11 67 95 34 25 16 68 
63 79 68 94 31 97 
58 29 28  3 39 32 
76 32 77 59 57 29 
42 43  8 38 77 58 29 
83 84 78 54 13 98  7 
52  0 23 38 62 
23 28 61 29 38 
79 56 68 67 50 51 
35 80  0 38 42 51  5 
34 37 95 66 40 94 
69 82 40 46 37 65 
11 78 55 68 63 50 
55 67 95 63 56 94 
40 41 93 82 17 66 
75 86 71 27 19 76 
70 86 27 46 72 
46 26 71 86 85 12 
83 84 39  3 25 11 
86 75 85  4 21 18 
70 76 86 74 77 18 
70 75 77 58 32 19 
76 58 75 59  8 18 
60 83 11 67 54 50 
63 56 31 80 51 
35 87 31 79 64 51 
27 20 93 82 46 
69 93 66 46 81 
60 84 73 11 78 
60 83 73 39 98 99 89 
86 72 12 21 74 
75 74 70 71 85 72 
35 80 31 88  6 
22 33 35 87  6 
39 84 99 20 90 
32 19 20 89 39 
23 28  3 92 15 
 3 25 16 15 91 
69 82 20 99 98  7 17 81 
65 40 95 68 56 97 
55 34 94 65 68 
40 41 10 30 97 
31 56 94 30 96 40 
60 84 99  7 93 
98 84 89 20 93 
