59 36 56 33 31 49 
23 45  2  4 29  6 21 
44 45  1  4 18  8 
67 24 37 84 27 97 
 1  2 21 18 20 68 
39 59 48 14 42 40 
29 30 81  1 21 82 
89 95 85 17 13 
18 71 55 40  2 44 
20 21 12 50 31 49 
87 29 23 63 17 46 38 
67 24 77 72 62 52 
20 79 66 25 15 50  9 
42 14 17 41 51 95  7 
42 13 48 47 51  5 
22 50 84 16 12 25 34 
84 24 15 52 32 34 
41 13 85 63 10  7 46 
 4  2  8 71 69 68 
64 26 92 93 70 99 98 
21  9 12 79  4 68 
 1  6  4 31  9 82 20 
15 50 49 84 56 57 27 
10 29  1 45 46 
 3 67 11 16 84 52 
43 66 34 12 15 
64 65 19 75 76 43 99 
84  3 22 57 28 96 97 
36 57 55 54 27 96 
30  6 88 87 10 23  1 
29 88 73 81  6 53 
21  9 82 33  0 49 
90 60 52 16 34 35 
59 74  0 81 82 31 
43 25 32 16 15 35 
32 34 60 43 61 
59 39 55  0 28 57 56 
78 83 67  3 92 98 97 
61 60 63 86 87 10 
59 36 55 40  5 
55 39 42 44  5  8 
17 13 42 44 46 
14 13 41 44 40  5 
66 65 25 35 34 26 76 61 
45  2 42 40 41 46  8 
44  2 23  1 46 
10 17 23 41 45 44 
62 72 48 14 51 58 
47 14 59 74 73  5 58 
56 22 50  0 31  9 
12  9 22 15 49 
47 14 95 13 72 94 
90 91 11 62 32 24 16 
30 88 73 86 91 62 58 
71 55 28 70 93 96 
39 40 36 28 71 54  8 
36 57  0 22 49 
36 28 56 22 27 
62 47 53 73 48 
39 36  0 48 74 33  5 
90 86 32 35 61 38 
63 76 35 60 43 38 
47 72 11 53 91 58 52 
85 76 17 10 61 38 
80 65 26 19 69 70 
64 80 26 66 43 
80 65 79 43 25 12 
37 78 77  3 24 11 
20  4 79 18 69 80 
64 80 70 71 18 68 
93 19 64 69 71 54 
54 55 70  8 18 69 
77 94 47 62 51 11 
81 74 48 30 53 58 
48 59 33 81 73 
85 76 26 89 83 99 
85 75 26 63 43 61 
67 78 94 72 11 
37 83 67 77 94 89 
20 12 66 80 68 
64 65 69 66 79 68 
33 74 82 73 30  6 
33 81 31 21  6 
78 37 75 89 99 98 
16 24  3 15 22 27 
75 76 89 63 17  7 
38 60 87 88 53 91 90 
29 88 86 10 38 
29 87 30 86 53 
94 95 75 83 85 78  7 
32 60 86 91 52 
53 86 62 90 52 
93 19 98 37 97 
92 19 70 97 96 54 
77 72 78 89 95 51 
94 89 51 13  7 
27 28 97 93 54 
27  3 96 37 92 93 
92 19 99 37 83 
26 19 75 83 98 
