99 93 63 52 64  7 
12 11 19 67 60 59 
84 49 48 39 10  4 
43 41 68 48 38 
 2 10 48 62 80 31 38 
29 64 36 33 30  7 
26  9 20 28 15 14 70 
35 52  0 36  5 64 
84 25 39 12 40 11 
27 26  6 76 70 90 
 2 39 94 62 95 87  4 
 8 12  1 19 55 40 
25 24 67  1 11  8 
29 19 51 96 57 72 
35 15 36 46 20 33  6 
35 47 14 89 28  6 88 
32 17 54 95 40 87 
22 32 44 61 62 16 95 94 
46 33 50 69 75 97 30 
 1 11 55 64 29 51 59 13 
46 34 26 14  6 
22 32 65 66 82 53 71 42 
17 32 44 65 21 
67 27 60 76 77 93 92 
27 34 25 12 67 73 
24 12 73 69 84  8 
20 34 27  9  6 
26 34  9 24 67 23 76 
89 15  6 70 31 37 
64 19  5 30 96 13 
29 96  5 33 97 18 
70 28 37 80  4 38 
22 21 53 17 16 54 
46 18 14 36  5 30 
46 20 50 26 27 24 73 
47 52 15 14 36  7 
14 35 33  5  7 
28 31 89 83 38 41 
37 31 48  3  4 41 
84  2 10  8 40 87 
39  8 54 16 11 55 87 
43  3 83 82 37 38 42 
43 71 21 82 41 
71 58  3 41 42 68 
78 45 17 22 61 65 
44 78 92 77 61 98 91 
20 34 50 18 33 14 
35 52 15 88 56 
 2 49 68  3 38  4 
74 84  2 48 68 86 
46 34 18 73 69 
55 19 54 53 13 72 
47 35 99 79 56  0  7 
32 21 71 54 51 72 
32 16 53 40 55 51 
19 11 40 54 51 
88 47 83 66 79 52 
85 58 96 97 75 13 72 
71 43 85 57 68 72 
 1 60 63 64 19 
 1 67 93 63 59 23 
91 81 62 17 45 44 
81 61  4 10 17 80 94 
93 60 59 64  0 
29 19  5 59 63  0  7 
78 44 22 66 79 21 
83 82 56 79 65 21 
27 23 24 60 12  1 
 3 43 58 85 48 49 86 
18 50 73 25 84 74 75 
28 31  6  9 80 81 90 
53 21 58 43 42 72 
58 57 13 51 71 53 
25 24 50 34 69 
84 49 69 86 75 
69 18 74 97 86 85 57 
27  9 23 77 90 
76 23 92 90 91 45 
44 45 99 79 98 65 
99 52 66 56 78 65 
70 31 81  4 62 
91 61 62 70 80 90 
83 66 21 41 42 
88 89 37 66 82 56 41 
74 49  2 69 25 39  8 
58 57 68 86 75 
68 49 85 74 75 
95 10 39 16 40 
47 15 89 83 56 
28 15 88 83 37 
70 81 91  9 76 77 
81 61 90 77 45 
77 45 98 93 23 
63 60 99  0 98 92 23 
62 10 95 17 
94 10 87 16 17 
97 57 29 30 13 
96 57 75 18 30 
78 45 99 92 93 
79 52 78  0 93 98 
