32 58 35 55 30 48 
 6 21  4 23 44  2 28 
 4 18 43 44  1  8 
36 66 83 27 24 96 
20 67 21 18  2  1 
41 14 58 47 39 38 
29 28 81 21  1 80 
94 13 88 17 84 
18  2 43 70 54 39 
49 12 21 30 48 20 
86 37 17 45 28 23 62 
61 71 51 24 66 76 
78 20  9 15 25 49 65 
94  7 17 40 14 50 41 
46 47 50 13 41  5 
25 12 22 83 16 33 49 
83 15 33 31 51 24 
40 45  7 13 10 84 62 
 4 67  2 68  8 70 
69 63 92 91 97 26 
 9 21  4 67 12 78 
 6 81  9 20  4  1 30 
83 15 27 56 55 49 48 
44 45 10 28  1 
11 66  3 16 51 83 
15 33 42 12 65 
19 97 75 42 64 63 74 
83  3 22 56 98 95 96 
87 29 86  6 10 23  1 
72 52 80  6 28 87 
32 81  0 21  9 48 
16 51 89 33 34 59 
 0 58 73 30 81 80 
42 34 25 15 16 31 
60 42 59 33 31 
 0 58 99 54 55 56 38 
66  3 77 91 97 82 96 
85 86 59 10 60 62 
39 54  5 35 58 
43 41  8  5 54 38 
17 45 13 41 43 
14 13 40  5 43 39 
33 25 60 75 26 64 34 65 
44  2 41 40 45  8 39 
43  2 45 23  1 
40 17 10 43 44 23 
14 47 57 61 71 50 
72 57 58 73 46 14  5 
49  9 30 22 55  0 
 9 12 15 22 48 
46 71 14 13 94 93 
11 61 31 16 89 90 24 
57 72 61 90 85 29 87 
99 54 98 92 69 70 95 
99 35 53 70  8 39 38 
 0 35 22 48 56 
22 55 35 99 98 27 
72 47 52 46 61 
73 47  0 32 35  5 38 
85 37 89 31 60 34 
75 42 59 37 34 62 
46 71 57 52 11 51 90 
84 75 60 37 10 17 
69 68 19 79 64 26 
79 63 26 42 65 
79 78 64 12 25 42 
36  3 77 11 24 76 
 4 20 18 68 79 78 
63 69 18 67 79 70 
68 63 19 92 70 53 
53 69 68 54  8 18 
46 61 11 50 93 76 
57 47 52 73 29 80 
58 47 72 32 80 
82 88 84 75 97 26 
60 42 26 84 74 62 
93 71 77 11 66 
36 66 93 88 82 76 
79 65 12 20 67 
64 63 68 67 78 65 
29 72 32 81 73  6 
32 30 21 80  6 
36 97 77 88 74 
22 15 16 27  3 24 
88  7 17 74 75 62 
90 52 89 86 37 59 87 
87 28 85 37 10 
28 86 29 85 52 
94  7 93 77 82 84 74 
31 51 90 85 59 
89 51 61 52 85 
36 97 19 92 96 
69 19 91 96 95 53 
88 94 77 50 71 76 
 7 13 88 50 93 
27 98 96 92 53 
91 36  3 95 92 27 
36 91 19 82 26 74 
53 99 56 27 95 
35 54 53 98 56 
