28 30 46 56 33 53 
20  6 26 22 42  4  2 
 1 42  4 17 41 37 
94 25 23 64 81 34 
 1 20 19  2 17 65 
37 36 45 13 56 39 
79 20  1 78 27 26 
92 86 82 12 16 
11 47 19 46 28 20 
43 16 60 35 22 26 84 
74 69 59 49 23 64 
47 14 24  8 19 76 63 
92  7 48 13 16 38 39 
44 48 45  5 12 39 
11 24 47 21 31 15 81 
31 14 29 23 49 81 
12  7 38 82 43  9 60 
37 68  2  4 66 65 
98 95 61 89 90 67 
 4 20  8 65 76 11 
79  6 28  1  4 19  8 
14 47 46 81 25 54 53 
43  9 26 42  1 
 3 64 15 49 10 81 
31 14 40 11 63 
94  3 93 81 21 54 96 
 1  6 27 22  9 84 85 
50 70 78  6 26 85 
 0 30 46  8 20 79 
31 32 87 49 15 57 
78 71  0 28 79 56 
40 24 32 14 29 15 
31 40 29 58 57 
52 36  0 56 53 54 97 
89 95 75 64 94  3 80 
60  9 58 57 83 84 
37  5 52 33 56 
36  5 52 68 39 41 17  2 
12 16 43 41 39 
41 38 13  5 37 12 
31 32 24 73 99 63 58 62 
43 42 38 39 37  2 
41 43 22  1  2 
41 42 38 16  9 22 
13 48 69 45 55 59 
13 44 55  5 70 71 56 
28  0 21 47  8 53 
11 14 21 46  8 
13 44 91 92 69 12 
88 87 59 29 15 23 10 
70 55 88 83 59 27 85 
90 93 67 68 52 96 97 
37 68 36 33 51 97 
 0 46 21 54 33 
25 21 53 33 96 97 
70 50 44 45 59 
 0 33 36 71 30  5 45 
58 32 29 87 35 83 
32 40 73 60 35 57 
88 49 44 55 69 50 10 
35  9 16 82 58 73 
77 66 67 98 18 62 
77 61 63 98 99 40 
77 76 11 24 40 62 
75 74 23  3 10 34 
19 76  4 77 66 17 
61 67 77 68 17 65 
18 90 51 68 61 66 
52 37 67 51 17 66 
91 48 44 74 59 10 
50 55 71 78 45 27 
78 30 70 45 56 
82 86 73 99 98 95 80 
99 40 82 72 58 60 
69 91 75 64 10 
74 64 86 91 34 80 
63 77 65 19 11 
61 66 65 76 63 62 
71 30 70 79  6 27 
28 30 78  6 20 
72 95 86 75 34 
21 14 15 25  3 23 
86  7 16 72 73 60 
88 50 87 85 35 57 84 
83 35  9 26 85 
27 26 50 83 84 
92 91  7 75 82 72 80 
88 83 49 29 57 
50 83 87 49 59 
90 94 18 95 34 
89 94 93 51 67 18 
92 48 69 86 74 75 
91 48 86  7 12 
90 51 94 25 96 
 3 25 90 89 93 34 
18 98 89 72 34 80 
51 93 25 54 97 
51 52 96 33 54 
18 95 61 72 99 62 
73 40 72 98 62 
