27 29 45 55 32 52 
19  6 25  4 21 41  2 
 1 41  4 16 40 36 
63 33 22 99 24 92 98 
 1 19 18  2 16 64 
36 35 44 12 38 55 
78 19  1 25 26 77 
10 46 18 45 27 19 
15 59 25 82 34 42 21 
63 22 48 73 68 58 
23 62 75 46 13  7 18 
12 47 15 37 38 90 
44  5 43 47 11 38 
10 23 46 20 30 14 99 98 
48 22 30 13 28 98 
80 59 11 37  8 90 42 
36 67  2  4 65 64 
60 96 66 93 87 88 
 4 19  7 64 75 10 
78  6 27  1  4 18  7 
13 46 53 24 52 99 45 
 8 25 42 41  1 
63  9  3 48 14 98 
30 13 39 62 10 
20 53 99  3 91 92 94 
 1  6 83 82  8 26 21 
49 69 77  6 25 83 
 0 29 45  7 19 78 
48 85 14 30 31 56 
77 70  0 27 78 55 
39 23 31 13 14 28 
30 39 28 57 56 
51 35  0 55 52 53 95 
63  3 92 87 93 79 74 
57 59 56  8 82 81 
36  5 51 32 55 
35  5 51 67 38 40 16  2 
11 15 40 38 42 
40 37 12  5 36 11 
30 31 57 72 61 62 23 97 
38 37 36 42 41  2 
40 42 21  1  2 
40 41 37 15  8 21 
44 54 12 47 68 58 
43 54 69 70 12  5 55 
27  0 20 46  7 52 
10 13 20 45  7 
12 43 68 89 11 90 
14 22  9 86 85 58 28 
69 54 86 81 26 58 83 
88 91 66 67 51 94 95 
36 67 35 32 50 95 
 0 45 20 53 32 
24 20 52 32 94 95 
69 49 43 44 58 
 0 32 35 70 29  5 44 
28 31 57 85 81 34 
31 39 56 72 59 34 
68  9 48 86 43 54 49 
15 80 72 57  8 34 
96 17 66 65 61 76 
62 39 96 60 76 97 
61 39 76 23 75 10 
 3 33  9 22 73 74 
18 75  4 76 65 16 
60 66 76 67 16 64 
17 88 50 67 60 65 
51 36 66 50 16 65 
89 47 43 73  9 58 
49 54 70 77 44 26 
77 29 69 44 55 
93 79 72 80 97 96 84 
80 59 57 39 97 71 
68 89  9 63 74 
63 33 73 79 89 84 
62 76 64 18 10 
65 60 64 61 62 75 
70 29 69 78  6 26 
27 29 77  6 19 
93 33 71 74 84 
15 59 72 90 71 84 
86 49 85 83 34 56 82 
83 25  8 81 34 
26 25 49 81 82 
90 80 71 79 89 74 
86 81 48 56 28 
49 81 85 48 58 
92 33 93 17 88 
50 91 92 87 66 17 
68 47 73 90 74 84 
15 80 11 89 47 84 
92 24 94 50 88 
87 33  3 91 24 88 
79 33 87 17 96 71 
50 91 24 53 95 
50 51 94 32 53 
60 17 93 61 97 71 
72 39 61 96 71 
14 13 99 22  3 
20 13 24  3 98 
