44 26 51 28 54 31 
20 24  6 18  4 40  2 
40 39 35 15  4  1 
62 32 90 21 96 23 97 
18 17  1 63 15  2 
43 11 54 37 35 34 
24  1 18 77 25 76 
18 26 44 17 45 10 
41 14 80 24 33 20 58 
72 67 62 57 47 21 
12 22 61 74 17 45  7 
46 98 42 43  5 37 
96 13 29 97 19 22 10 45 
12 96 47 27 29 21 
41  8 36 88 78 99 58 
64 66  4 63 35  2 
91 85 86 94 59 65 
10 74  7 18  4 63 
 7 17 26 77  6  1  4 
51 44 52 97 12 23 45 
24  1  8 41 40 
96 13 47  9 62  3 
12 10 61 29 38 
52 19 97 92 89 90  3 
25 81 80  8 20  1  6 
48 81 68 76  6 24 
18  7 44  0 77 28 
47 13 29 83 55 30 
69 76 77 54  0 26 
27 13 12 22 38 30 
56 55 27 29 38 
54  0 51 52 34 50 93 
73 62 85 91 90  3 
80  8 55 79 56 58 
31 50 35  5 54 
15 66  2 39 50 37  5 34 
14 41 39 99 37 
 5 11 99 36 39 98 35 
56 71 30 95 60 61 22 29 
36 41 40  2 35 37 
20 41 39  1  2 
14  8 20 36 39 40 
46 67 11 43 53 57 
11 42 53 68 69 54  5 
26  7  0 51 19 45 
44  7 19 12 10 
42 67 11 98 88 87 
27 13 57 84  9 21 83 
25 81 68 79 84 53 57 
65 66 89 92 50 86 93 
35 66 49 31 34 93 
44  0 19 52 31 
92 23 19 51 31 93 
48 68 43 42 57 
69 43 28  0  5 31 34 
79 83 33 56 30 27 
55 33 58 71 30 38 
48 84 53  9 67 42 47 
78 71 56 33  8 14 
60 75 64 94 16 65 
61 75 59 94 95 38 
22 10 74 75 60 38 
72  9 73 32 21  3 
74 17  4 75 64 15 
15 66 65 63 75 59 
64 66 59 49 86 16 
15 64 65 35 49 50 
46 42  9 72 57 87 
25 48 53 43 76 69 
43 68 76 54 28 
78 82 71 91 95 94 
78 70 95 58 56 38 
 9 67 62 73 87 
62 32 72 91 82 87 
10 17 61 75 63 
74 61 63 60 59 64 
25 68  6 69 77 28 
76  6 18 26 28 
88 82 14 70 71 58 
48 81 84 80 33 55 83 
24  8 81 33 79 
48 25 79 80 24 
78 88 73 91 87 70 
55 27 47 84 79 
48 79 57 47 83 
16 91 32 86 90 
16 85 89 49 65 90 
73 72 88 46 82 67 
46 98 78 82 14 87 99 
86 49 92 23 90 
23 89 85 32 86  3 
16 85 32 73 82 70 94 
23 52 89 49 93 
92 52 31 50 49 
91 16 59 70 95 60 
71 70 94 60 38 
12 13 97 21  3 
12 19 96 23  3 
11 46 88 99 37 
36 14 88 98 37 
