37 18  5 16  1 22  3 
33 36 13 37  0  3 
30 59 86 19 93 21 
13 60  1  0 15 16 
10 97 96 33 40 32 51 
16  0 74 22 23 73 
41 42  9 24 16 15 
55 31 12 18 38 77 22 
19 59 44 54 64 69 
42 11  6 15 71 58 20 
97  4 39 43 40 94 
27 92 17 42 20 93  9 
95 34 55  7 75 84 38 
33 63 61 60  1  3 
82 81 62 56 87 90 
71 60  9  3 16  6 
74 24  5  0  3 15  6 
41 48 42 11 93 49 21 
37  0 38  7 22 
 8 59 44 93 92 25  2 
27 35 58 11  9 
49 17  2 86 93 88 85 
 5 23 18  0  7 77 98 
45 65 73 98 99  5 22 
 6 41 74 26 16 48 
28 27 92 52 19 44 79 
74 73 24 51 29 48 66 
28 35 11 92 20 25 
25 52 27 53 35 
47 89 49 32 51 26 48 
86 81 70 59  2 87 
55  7 52 76 53 77 
33  4 47 29 51 
96  4 36 47 63 13 32  1 
97 36 94 95 12 38 
91 57 58 28 53 27 68 20 
97 34 96 33 38 37  1 
18  0 38 36  1 
37 18  7 34 36 12 
64 43 54 10 50 40 
10  4 39 50 65 51 66 
 6 42 24 17 48 
11  9  6 41 17 
39 64 10 84 95 83 94 
80 54 19  8 25 79 
76 99 80 65 50 54 23 
47 63 89 62 88 85 82 
33 63 29 89 46 32 
29 26 49 24 41 17 
29 89 17 21 48 88 
39 54 40 65 45 
29 26 32 40  4 66 
31 76 53 79 25 28 
31 55 52 28 35 68 
64 39 80 44 50  8 45 
31  7 53 12 75 68 
62 61 72 14 57 90 
56 72 35 91 58 90 
35 57 71  9 72 20 
 8 19 30 70 69  2 
61 13 15 71 72  3 
13 63 60 62 56 72 
14 56 61 46 63 82 
47 33 46 13 61 62 
39 43 54  8 83 69 
40 50 45 66 73 23 
65 40 51 26 73 
75 78 87 91 68 90 
35 53 91 67 75 55 
83 64 70 59  8 
83 78 30 59 69 87 
 9 58 15 60 72 
60 61 56 57 71 58 
74 26  5 66 65 23 
73 26 24 16  5 
78 84 12 55 67 68 
31 52 77 99 79 80 45 
31  7 76 22 98 99 
75 84 83 70 67 87 
76 52 80 44 25 
44 54 76 79 45 
86 82 14 30 87 
86 81 62 46 14 85 
64 43 84 78 70 69 
95 43 78 75 83 12 
21 86 88 82 46 
82 81 30  2 21 85 
67 78 70 14 81 30 90 
49 21 85 89 46 
29 47 46 49 88 
56 57 91 14 87 67 
35 57 68 67 90 
27 11 93 19 25 
19 92 11 17  2 21 
34 97 95 10 43 
84 43 94 34 12 
97  4 33 36 
34 36 10  4 96 94 
77 22 99 23 
77 76 98 45 23 
