37 18 22  1  5 16  3 
37  0 36 33 13  3 
58 19 91 21 30 84 
59 13 69 15  1  0 16 
10 95 94 33 32 50 39 
22  0 16 72 23 71 
 9 41 15 16 24 40 
12 54 31 22 18 38 75 
43 19 53 58 62 67 
69 57 20  6 41 15 11 
95  4 92 42 99 39 
 9 41 20 17 91 27 90 
54  7 93 34 82 73 38 
33  1 61 59  3 
55 60 80 79 88 85 
 6 16 69  3  9 
72 24  0  5  6 15  3 
91 21 40 41 47 11 48 
37  0 22  7 38 
43 25  8 58  2 91 90 
35 57 27  9 11 
91  2 17 84 48 86 83 
18  0  7  5 23 75 96 
 5 22 63 71 44 96 97 
16  6 47 26 40 72 
19 43 77 51 28 27 90 
29 47 50 24 72 71 64 
11 20 28 25 35 90 
35 52 27 25 51 
47 26 50 32 48 87 46 
58  2 68 85 84 79 
54 52  7 75 74 51 
33  4 50 29 46 
32  4 94 36  1 13 61 46 
95 36 92 93 12 38 
28 52 27 20 57 66 56 89 
95 34 94 33 37  1 38 
18  0  1 36 38 
37 18  7 34 36 12 
49 63 10  4 50 99 64 
24 47 17 41  6 
 9  6 17 11 40 
92 10 81 82 93 62 99 98 
19 25  8 53 77 78 
63 23 49 53 74 78 97 
61 60 86 87 83 80 46 
33 32 61 45 87 29 
29 26 24 48 17 40 
29 87 47 86 17 21 
44 53 63 98 99 39 
32  4 29 26 39 64 
28 25 31 74 52 77 
31 54 35 28 66 51 
43  8 62 49 44 98 78 
12  7 31 52 73 66 
59 60 56 88 70 14 
35 57 89 88 55 70 
20 35 56 69  9 70 
19  2  8 30 68 67 
55 70 60 69 61 13  3 
59 55 61 45 80 14 
33 13 59 60 45 46 
53  8 81 42 67 98 
71 23 44 49 39 64 
39 63 50 26 71 
66 73 89 85 88 76 
35 52 54 73 89 65 
58 68 81 62  8 
58 30 67 81 85 76 
59 70  3 15 57  9 
59 69 55 57 56 
63 23  5 72 26 64 
16  5 24 71 26 
12 82 54 66 65 76 
77 51 31 75 78 44 97 
31  7 22 74 96 97 
85 68 65 81 82 73 
51 25 43 74 78 
74 77 44 53 43 
85 30 84 80 14 
45 60 83 84 79 14 
82 42 62 67 68 76 
81 42 12 93 73 76 
21 86 84 45 80 
21  2 30 83 79 80 
30 68 79 65 88 76 14 
45 87 83 21 48 
45 86 48 29 46 
56 89 55 65 85 14 
66 35 56 88 65 
11 91 27 25 19 
19  2 21 17 11 90 
34 95 10 42 93 
92 34 12 82 42 
95 36  4 33 
34 36 10  4 92 94 
22 23 75 97 
96 75 74 44 23 
49 53 99 62 42 
10 42 49 98 39 
