 2 13  1 34 15 19  3 
 2 93  0 92 30 34 33 
54 93  0 13  1 62 12 
 0 13 19 65 20 64 
21 36 37 13 12  7 
15 35 68 28 49 10 
53 60 16 99 48 
62 12  4 52 17 37  9 
38 84 91 95 90 94 87 
37  7 17 14 83 24 82 
85 74  5 49 35 31 66 
77 71 80 72 50 55 
 2 13 62  4  7 
 2  0 21  4  3 12 65 
18 83  9 37 43 42 36 
 5 35 68 34  0 19 
53 83  6 99 98 22 82 
52  7 32 24  9 
76 83 14 75 78 43 
15 68  0  3 88 20 
89 88 57 64 39 19  3 
42 36 23  4 13 65 
46 25 24 98 16 82 
45 26 58 64 42 21 65 
 9 17 22 25 32 82 
47 32 46 22 24 
29 79 43 45 23 42 
53 61 76 71 77 
49 47 68 67  5 46 
79 26 41 30 86 45 94 
29 41 86 56 92  1 33 
85 84 87 10 35 33 
81 51 52 25 47 97 17 24 
87 86 31 30 35 34  1 
15 35  0  1 33 
 5 15 10 31 34 33 
21 42 14 37  4 
 9  7 14 36  4 
85 84 74 73 60 90  8 
89 67 20 57 44 48 70 
55 72 79 41 78 75 56 
79 29 40 30 56 
43 26 23 21 36 14 
78 18 79 26 42 14 
91 58 57 39 90 48 
29 26 23 58 95 94 
22 25 47 28 67 98 70 
25 32 28 49 97 46 96 
44 39 99  6 90 60 70 
28 47  5 10 96 66 
51 63 54 55 80 11 
81 32 52 63 50 80 
51 63 62  7 32 17 
76 83 27 61 60  6 16 
50 63 55 56 93  2 62 
40 72 11 50 54 56 
40 41 55 30 54 93 92 
58 64 20 39 44 
45 95 23 64 91 57 44 
69 77 80 81 96 66 
53 61  6 73 38 90 48 
77 69 53 27 60 73 
54 63  2 52  7 12 
52 51 62 50 54 
58 23 65 57 20  3 
13 21 23 64  3 
10 49 74 96 59 69 
39 89 88 28 46 68 70 
28 67 15  5 19 88 
77 59 61 73 74 66 
46 67 98 39 99 48 
27 76 77 75 72 11 
75 71 40 55 11 
38 74 69 61 60 
85 38 73 69 10 66 
76 71 18 78 40 72 
18 83 53 27 71 75 
69 59 61 27 71 80 11 
79 40 43 18 75 
29 26 41 40 78 43 
81 51 50 59 77 11 
51 32 97 80 59 96 
24  9 16 83 22 
18 76 14 53 16  9 82 
38 85 31 87  8 
38 84 74 31 10 
30 29 94 87 33 
94 86 31 84 33  8 
19 68 67 89 20 
39 67 88 20 
60 38  8 91 44 48 
58 95  8 90 44 
56 30 93  1 
54 56  2  1 92 
86 29 45 95 87  8 
45 58 94 91  8 
81 59 97 49 47 66 
47 32 81 96 
46 22 16 99 70 
16  6 98 48 70 
