15 19 13  2  3  1 
 0 15 88 32 89 33  2 
50 89 13 12  0  1 58 
61 60 13  0 20 84 19 
35  7 34 12 21 13 
10 45 33 15 64 28 
56 86 41 49 16 66 95 
 4 12 58 48 35 17 
86 87 91 90 36 80 83 
14 79 24 17 78 35 
30 81 62 45 33 70  5 
67 73 68 51 46 76 
13  4  2  7 58 
 4 12  2  0  3 61 21 
34 39 40 79  9 18 35 
64 19  5 33  0  1 
78 79 22 49  6 95 
48  7 31 24  9 35 
40 74 14 79 71 72 
15 64  0  3 84 
84 85 53 60  3 37 
 4 34 39 23 61 13 
25 24 78 43 16 94 95 
26 39 61 60 42 54 21 
17  9 78 22 25 31 
93 31 44 24 22 43 
98 75 42 40 39 23 
49 57 72 67 73 
63 64 44 45 43  5 
52 38 88 82 99 32 
81 80 32 33 83 10 
48 17 47 77 93 25 24 
30 33 83 82 29 88  1 
32 30 10  5 15  1 
35  4 14 39 21 
17  7  4 34  9 14 
81 80  8 86 70 69 56 
41 53 66 20 85 63 
75 99 52 96 29 
14 34 40 26 23 21 
14 39 18 26 75 74 
53 87 86 37 66  6 
98 26 90 23 54 91 
25 44 22 66 63 28 94 
92 45 93 25 43 28 
10 62  5 92 44 28 
51 50 11 59 76 47 
31 48 77 59 46 76 
 7 17 58 59 31 47 
79 16 72 56 57 27  6 
52 51 89  2 46 59 58 
11 68 52 50 46 97 
50 51 89 97 88 96 38 29 
54 60 87 20 41 37 
53 60 87 23 42 91 
65 62 77 76 73 92 
57 69 49 36 86  6 
65 73 69 56 49 27 
59 48  7 12 50  2 
48 58 50 46 47 
53 54 23 61  3 20 
23 60 21 13  3 
70 65 10 45 55 92 
66 43 28 64 85 37 
15 19  5 84 85 63 28 
57 73 69 70 62 55 
63 43 94 41 37  6 95 
11 73 68 71 72 27 
11 67 97 51 71 
57 65 70 36 56 
65 62 69 36 81 10 
18 74 67 68 97 72 
49 79 71 67 18 27 
67 11 65 57 76 27 55 
40 75 18 71 97 96 
98 26 99 40 38 74 96 
11 73 46 77 55 47 
55 76 47 31 92 93 
24  9 79 16 22 
14  9 78 16 18 49 72 
81 30 36  8 83 
30 80 36 70 10 
90 99 83 32 29 
30 80 90 82 32  8 
 3 19 20 85 64 
20 84 64 63 37 
 8 87 36 56 41  6 
54 53 86  8 91 41 
52 89 29 32  1 
50 52  2 88  1 
98 99 42 82 91  8 83 
54 42 90 87  8 
55 77 62 45 44 93 
77 31 25 92 44 
22 43 66 95 
94 66  6 16 22 
52 38 97 75 74 
68 51 71 74 52 96 
75 26 99 42 90 
75 98 38 90 82 29 
