15 19  1  3 13  2 
15  0 87 32 88 33  2 
13 12  0 58 88  1 50 
83 19 20 60  0 13 61 
 7 35 34 12 13 21 
10 33 63 15 45 28 
41 65 85 56 94 16 49 
48 58 12  4 17 35 
82 79 36 85 86 89 90 
35 14 78 77 24 17 
30 33 80 45 98 69  5 
72 75 46 67 51 66 
 7 58  4 13  2 
12  4 21 61  3  0  2 
35  9 78 18 34 39 40 
 0 19  1 63 33  5 
77 22 78 94  6 49 
48 31 24  9 35  7 
78 71 14 40 70 73 
83  3  0 15 63 
37 84 53 83  3 60 
13  4 39 23 34 61 
93 43 77 16 24 94 25 
26 39 60 54 21 42 61 
77  9 22 25 31 17 
31 24 92 22 43 44 
39 23 40 74 97 42 
49 71 66 72 57 
44 43 45 62 63  5 
52 38 32 81 97 87 
32 82 33 79 80 10 
48 47 76 92 25 24 17 
81 82 29 87  1 33 30 
 1 32 15 30 10  5 
35 14 39  4 21 
14  9 17 34  4  7 
 8 79 56 68 80 85 69 
65 41 53 20 84 62 
52 29 95 97 74 
34 14 40 26 23 21 
18 73 14 39 26 74 
65  6 85 37 53 86 
89 97 26 23 54 90 
93 65 22 25 44 28 62 
28 43 25 92 91 45 
91 98 44 28 10  5 
51 50 47 75 11 59 
46 75 76 48 31 59 
31 47 58  7 17 59 
27 71 78 16 56  6 57 
51 52 46 59 58 88  2 
67 96 52 50 46 11 
51 50 96 38 29 88 95 87 
37 41 20 86 60 54 
86 53 60 23 42 90 
99 91 76 75 64 72 
36 68 85  6 49 57 
56 68 64 49 27 72 
 7 48 12 59 50  2 
58 48 46 47 50 
20  3 53 54 23 61 
13  3 21 60 23 
28 43 65 63 84 37 
15 19 83 84 62 28  5 
69 68 57 72 99 55 
41  6 93 43 94 37 62 
27 72 11 67 71 70 
96 51 11 66 70 
36 56 69 64 57 
36 68 80 64 99 98 10 
96 67 66 18 71 73 
78 18 27 49 66 70 
11 75 27 66 64 57 55 
70 96 18 95 40 74 
40 73 26 95 38 97 
46 47 76 72 11 55 
47 75 91 92 31 55 
16 22 24  9 78 
18 71 14  9 77 16 49 
82  8 36 80 30 
36 79 69 30 10 
32 82 29 97 89 
 8 79 32 81 89 30 
 3 19 20 63 84 
37 20 63 62 83 
56 36  8 41  6 86 
53 41 85  8 54 90 
52 29 88 32  1 
52 50 87  1  2 
97 81 82  8 42 90 
42 89 54 86  8 
76 92 99 98 55 45 44 
91 76 31 25 44 
65 43 22 94 
16 22 93  6 65 
73 96 52 38 74 
51 67 52 70 73 95 
29 81 38 89 74 26 42 
69 99 91 45 10 
69 98 64 91 55 
