13  2  1  3 19 15 
 2  0 85 84 32 33 15 
13  0 12  1 85 49 57 
59 60 19 80  0 20 13 
34  7 38 21 12 13 
44 10 33 28 15 62 
48 55 82 40 16 64 91 
 4 34 12 17 47 57 
35 76 79 86 82 83 87 
14 75 17 34 97 96 24 
77 67 95 30 44 33  5 
70 73 65 45 99 98 50 
13  4  2  7 57 
 4 12  2  0  3 21 60 
38 34 39 18 75  9 
 5 33  1  0 19 62 
48 75  6 91 22 96 97 
 7 34  9 31 47 24 
14 39 69 68 75 71 
 3  0 80 15 62 
59 52 81 80  3 36 
38  4 23 60 13 
91 16 96 90 42 24 25 
53 41 59 26 60 21 38 
96 22 31 17  9 25 
42 22 24 89 43 31 
94 72 41 39 38 23 
56 48 70 69 65 
44 43  5 62 61 42 
94 37 78 51 84 32 
10 77 79 32 76 33 
46 74 47 17 24 89 25 
78 79  1 84 30 29 33 
30 10  1 32  5 15 
17  7  9  4 14 38 
77 76 67  8 66 55 82 
40 52 64 20 81 61 
94 72 92 51 29 
39 26  4 34 14 21 23 
26 72 71 18 14 38 
 6 82 52 36 83 64 
94 26 86 87 53 23 
90 61 28 43 22 25 
44 28 88 89 42 25 
95 10 43 28 88  5 
46 58 73 11 49 50 
31 74 45 58 73 47 
46 58 31 57  7 17 
56 27 55  6 69 75 16 
 2 85 51 50 45 58 57 
49 51 45 93 98 11 
92 93 37 84 85 29 49 50 
40 36 83 53 59 20 
83 52 59 87 41 23 
95 63 73 74 70 88 
48 56 66 35 82  6 
48 27 55 66 63 70 
 2 12 49 58  7 47 
46 45 47 57 49 
53 52  3 60 20 23 
 3 59 23 21 13 
64 36 81 42 28 62 90 
 5 28 61 81 80 19 15 
66 67 56 70 95 54 
40 36  6 91 61 90 
70 27 69 68 11 99 
35 67 55 56 63 
77 35 66 63 10 95 
69 18 65 71 99 93 
48 27 75 18 68 65 
56 27 63 54 73 65 11 
92 93 39 18 72 68 
94 37 26 92 39 71 
46 74 45 54 70 11 
46 31 73 54 88 89 
69 48 14 18  9 16 97 
35 77  8 79 30 
35 76 67 10 30 
79 32 86 94 29 
 8 76 78 32 86 30 
 3 20 81 19 62 
80 62 20 36 61 
35 55  8  6 40 83 
82  8 40 52 53 87 
 1 32 85 51 29 
 1  2 84 51 49 
94 41 78 79  8 87 
53 83 86  8 41 
54 95 44 43 74 89 
31 74 88 43 25 
22 91 42 64 61 
16  6 64 22 90 
37 72 71 93 51 
71 92 51 99 68 98 50 
37 72 26 41 86 78 29 
63 67 10 54 44 88 
22 16 97  9 24 
16 75 96  9 
11 99 50 93 
65 68 11 98 93 
