13  3  2  1 15 18 
82 83  2  0 15 31 32 
13  0 83 47  1 55 12 
18 78 13  0 19 57 58 
20 13 33 37 12  7 
32 10 15 43 27 60 
62 39 46 16 53 80 89 
98 56 55 99 12  4 33 
81 85 80 77 74 84 34 
33 14 73 95 99 23 94 
65 93  5 32 29 43 75 
48 44 63 97 96 71 68 
 2 13 55  4  7 
 0  3 58 20  4  2 12 
33 37 38  9 73 17 
32  5  0  1 60 18 
73 46 95  6 89 21 94 
38 14 69 73 67 66 
 0  3 78 15 60 
78 79 35 50 57  3 
22 37  4 13 58 
24 23 89 16 41 94 88 
51 40 20 37 57 25 58 
24 30 21 99  9 94 98 
41 42 21 87 30 23 
38 70 22 40 37 92 
46 67 54 63 68 
43 42  5 41 59 60 
49 36 82 31 76 92 
32 10 77 74 75 31 
45 72 98 87 24 23 
77 76 29 28 82 32  1 
 5 10 15 29 31  1 
 4 37 14  9 99  7 
 8 74 80 64 65 53 75 
62 39 50 19 79 59 
28 49 70 92 90 
20 22 33  4 14 38 25 
14 17 37 25 70 69 
62  6 80 81 50 35 
84 85 51 22 92 25 
42 27 59 24 21 88 
43 86 27 41 24 87 
93 86 42 27  5 10 
48 11 47 56 71 45 
30 72 56 44 98 71 
73 16 67 26 54 53  6 
48 49 83  2 44 56 55 
47 49 91 96 44 11 
47 48 83 82 91 28 36 90 
81 39 51 35 19 57 
40 85 81 50 22 57 
72 86 93 61 71 68 
46 54  6 80 64 34 
46 26 53 64 61 68 
47 56  2  7 12 
 7 55 47 44 98 45 
50 19 51 22  3 58 
 3 57 20 22 13 
35 62 79 41 27 60 88 
59 27 79  5 15 78 18 
93 65 52 64 54 68 
 6 39 89 35 59 88 
67 26 97 11 68 66 
54 61 65 53 34 
93 61 10 64 34 75 
63 67 17 69 97 91 
46 26 73 63 17 66 
52 61 63 26 11 54 71 
38 70 90 66 17 91 
92 36 90 38 25 69 
52 72 44 11 68 45 
52 86 71 45 30 87 
46 16 95 67  9 14 17 
77  8 29 34 75 
65 10 29 74 34 
84 77 31 28 92 
 8 74 29 84 76 31 
19  3 79 60 18 
78 19 60 35 59 
 6 39 53 81  8 34 
50 39  8 85 80 51 
83 49 28 31  1 
47 49 82  2  1 
40 85 77 76  8 92 
81  8 84 40 51 
52 72 93 43 42 87 
24 42 72 86 30 
21 41 89 62 59 
 6 16 62 21 88 
70 36 49 91 69 
48 49 96 97 66 90 69 
70 36 84 40 76 28 25 
65 61 10 52 86 43 
21 23  9 95 16 
73 16  9 94 
97 11 48 91 
63 11 96 66 91 
99  7 56 30 23 45 
 7 33  9 23 98 
