 2  1 13 15 18  3 
31 32 80  2  0 15 81 
 1  0 13 12 54 46 81 
13  0 18 77 57 19 56 
33 37  7 12 13 20 
27 59 15 10 32 42 
87 61 79 52 16 45 39 
54 55 12  4 33 97 96 
34 73 79 82 83 39 76 
93 72 14 33 92 97 23 
29 32 74 64 91  5 42 
70 43 47 94 67 62 95 
 2 13 54  7  4 
 2  0 12  4  3 57 20 
 9 72 33 37 38 17 
 1  0 32  5 59 18 
72 45 93 92 21 87  6 
72 66 14 65 68 38 
15 59 77  0  3 
77  3 78 35 49 56 
 4 13 22 37 57 
92 16 87 40 24 86 23 
37 25 20 98 57 50 56 
30 24 92 21  9 97 96 
85 41 30 23 21 40 
37 22 90 69 38 98 
45 66 62 53 67 
58 59  5 42 41 40 
31 80 75 36 90 48 
31 32 10 74 73 76 
44 96 24 85 23 71 
 1 32 80 29 28 75 76 
 1 31 15 29 10  5 
37 14  4  7 97  9 
52 63  8 73 74 79 64 
58 78 61 39 49 19 
69 90 88 28 48 
33 14 22 25 38  4 20 
37 14 25 69 68 17 
79  8 83 35 61  6 49 
86 58 27 41 24 21 
85 24 27 42 84 40 
 5 27 41 91 10 84 
44 55 70 46 47 11 
96 55 30 43 71 70 
26 66 72 16 53 52  6 
54  2 55 43 47 48 81 
43 11 46 48 94 89 
46 47 28 80 36 88 81 89 
50 83 39 35 19 56 
83 99 98 22 49 56 
84 91 71 60 67 70 
34 63 53 45 79  6 
52 63 45 26 67 60 
 2 12  7 55 46 
96 44  7 54 43 46 
49 50 19 57 22  3 
13  3 20 22 56 
35 78 61 59 86 40 27 
27 58  5 15 18 77 78 
53 63 67 51 64 91 
35 58 87  6 86 39 
26 66 65 95 67 11 
34 52 53 64 60 
91 10 74 34 63 60 
62 66 89 68 17 95 
26 45 72 62 65 17 
62 26 53 60 51 70 11 
38 69 17 65 88 89 
90 25 38 68 36 88 
43 44 71 67 51 11 
30 85 44 84 51 70 
45 66 93  9 16 14 17 
 8 34 74 29 76 
34 73 29 10 64 
82 90 28 31 76 
75 31 29 73 82  8 
18 59 78 19  3 
58 35 77 59 19 
34  8 52  6 39 
31  1 28 48 81 
46  2  1 80 48 
99 90 75 83  8 76 
82  8 99 39 50 49 
51 91 85 41 42 71 
24 41 30 84 71 
87 61 58 40 21 
16 21  6 61 86 
69 68 36 48 89 
94 95 88 68 47 65 48 
69 25 99 82 36 75 98 28 
64 10 42 51 84 60 
93  9 16 21 23 
 9 72 16 92 
89 47 95 11 
89 94 65 62 11 
44 55  7 30 97 23 
 7 33 96  9 23 
90 25 99 22 50 
82 90 98 83 50 
