 2  1 17  3 12 14 
 0  2 80 30 31 79 14 
 0  1 80 12 53 45 11 
12 56 55  0 17 76 18 
14 31  9 58 41 26 
78 38 60 51 44 15 86 
32 98 95 54 53 11 
78 38 33 72 82 75 81 
22 95 32 91 92 71 13 
63 90 73 31 28 41  4 
93 94 61 66 69 42 46 
99 98 12  6 53  2 
56 19 99  3  0  2 11 
37 16 32  8 71 36 
31  1  0 17 58  4 
91 20 92  5 44 71 86 
64 65 71 13 37 67 
 0  3 76 58 14 
48 55  3 76 77 34 
36 21 56 99 12 
85 39 23 22 91 15 86 
36 19 56 55 49 24 96 
95  8 29 23 20 91 
39 20 22 40 84 29 
36 37 21 96 89 68 
44 65 52 66 61 
39 57 58 40 41  4 
79 47 30 35 89 74 
31 30 73 72 75  9 
23 84 22 70 95 43 
31  1 28 79 75 27 74 
30  1 28 14  9  4 
 6 98 95  8 13 36 
78 51  7 72 62 63 73 
60 38 48 57 77 18 
87 47 27 89 68 
13 37 32 19 21 99 98 24 
16 13 36 67 24 68 
60 34 78  7  5 82 48 
85 20 57 26 23 40 
26 39 23 84 83 41 
 9 90 40 26 83  4 
69 10 46 45 43 54 
29 70 69 42 95 54 
25 65 52 51  5 71 15 
53  2 80 46 42 47 54 
10 42 47 88 93 45 
46 88 79 80 45 87 27 35 
55 49 82 38 34 18 
55 21 48 82 96 97 
90 83 59 66 69 70 
33 78 44 52  5 62 
44 51 25 59 66 62 
45  2  6 54 11 
95  6 43 53 42 45 
49 21 56  3 48 18 
19 21 12 55  3 
85 39 60 34 77 58 26 
77 57 26 76 17 14  4 
52 66 90 63 62 50 
38 34  5 57 85 86 
25 66 10 94 64 65 
33 51 52 63 59 
90 59 62 33 73  9 
61 94 65 88 16 67 
25 44 61 64 16 71 
59 52 25 61 10 69 50 
16 37 87 88 64 68 
24 89 87 67 37 35 
10 66 42 50 70 43 
50 69 84 83 29 43 
44 65 16 92  8 15 13 
 7 33 73 28 75 
28 72 33 63  9 
27 89 81 75 30 
 7 72 28 30 81 74 
17 58 77 18  3 
57 34 58 76 18 
33 51  7 38  5 
30  1 80 47 27 
 2  1 79 47 45 
82  7 75 97 89 74 
 7 38 48 49 81 97 
84 40 90 50 70 41 
23 40 83 70 29 
39 20 57 60 86 
 5 60 85 15 20 
47 88 67 68 35 
47 46 93 87 67 64 94 
24 96 68 27 35 97 81 74 
63 59 50 83  9 41 
22 20  8 92 15 
91  8 71 15 
10 94 88 46 
93 10 61 64 88 
29 22  8 43 32  6 54 
24 89 49 21 97 
96 89 81 82 49 
36 32 99  6 11 
12 11 19 36 98 
