12  2  1 17  3 14 
31 30 14  2 79 78  0 
52 44 79 11  1 12  0 
17  0 54 18 55 12 75 
26 41 57 14 31  9 
43 15 50 77 38 59 98 
32 93 53 96 97 52 11 
81 38 77 33 71 80 74 
32 93 13 70 22 90 89 
88 41  4 72 28 31 62 
45 91 42 92 60 65 68 
 6 97 52  2 12 
19 97 11 55  3  2  0 
32 36  8 16 70 37 
31  1  4 57 17  0 
70 43 90  5 99 20 98 89 
70 13 37 66 63 64 
75 57 14  3  0 
54  3 47 75 76 34 
96 97 36 21 55 12 
84 99 23 39 15 22 89 
24 36 55 54 48 19 94 
 8 93 29 23 20 89 
83 29 22 40 39 20 
36 21 37 87 67 94 
60 64 43 51 65 
 4 41 57 40 39 56 
35 87 73 46 78 30 
72 71 31 30  9 74 
23 83 22 69 42 93 
31 28  1 74 78 73 27 
30 28  1 14  4  9 
 8 93 36 13 96  6 
 7 71 77 72 50 61 62 
47 18 76 38 59 56 
67 87 85 46 27 
32 13 24 21 37 96 19 
16 13 36 24 66 67 
 7 81 47 77 34 59  5 
26 40 23 20 84 56 
26 39 23 83 41 82 
26  4 40  9 88 82 
45 53 69 29 10 93 68 
50 51 70 15 64  5 25 
53 45 46 52 79  2 
91 86 46 44 53 42 10 
86 45 44 79 78 85 35 27 
81 38 54 18 48 34 
54 21 47 81 95 94 
88 58 65 69 82 68 
43 51 33 77 61  5 
50 43 65 58 61 25 
 6 53 44 11  2 
 6 52 45 42 44 93 
55 21  3 18 47 48 
54 21  3 19 12 
76 57 34 59 26 39 84 
 4 26 14 76 75 17 56 
88 49 65 51 61 62 
34 38 56 84  5 98 
64 63 92 10 65 25 
58 51 50 33 62 
33 72 61  9 88 58 
16 66 86 92 64 60 
63 16 70 43 60 25 
58 51 49 60 10 68 25 
16 63 86 37 67 85 
87 24 37 66 35 85 
65 49 10 69 42 
83 29 42 82 49 68 
16 13  8 43 15 64 90 
72 28  7 33 74 
28 71 33  9 62 
80 87 74 30 27 
 7 71 80 28 30 73 
 3 18 76 57 17 
75 57 18 56 34 
 7 38 33 50  5 
79 46  1 30 27 
46 44  2  1 78 
81  7 74 95 87 73 
 7 38 47 48 80 95 
40 83 69 49 88 41 
23 29 69 40 82 
56 39 59 20 99 98 
67 66 35 86 46 
66 63 92 91 45 46 85 
67 24 95 80 35 73 94 27 
 9 41 58 49 82 62 
90 15 20 22  8 
70 15  8 89 
86 92 45 10 
86 91 63 10 60 
32  6 22 29  8 53 42 
87 24 95 21 48 
48 81 80 87 94 
36 32  6 97 19 
96  6 11 19 12 
 5 59 84 99 15 
84 20 15 98 
