 1 13  2 11 16  3 
28 73  0 13 29  2 
42 73 10 50  1  0 11 
 0 16 70 52 53 11 17 
13 93 39  9 92 29 25 
48 41 72 36 55 91 14 
86 51 30 10 90 89 50 
74 66 45 36 72 31 88 
30 86 21 12 83 82 
67 26 58 81 39  4 29 
90  6 50  2 11 
10 90  2  0 18 53  3 
83  8 30 34 35 15 65 
 4 93 29  0  1 16 
19 91 65 41  5 83 82 
35 62 59 60 65 12 
13 93  0 70  3 
52 45 32 71 70  3 
53 20 34 11 90 89 
77 91 37 14 22 21 82 
46 87 18 53 34 52 23 
 8 86 27 22 19 82 
19 37 21 38 76 27 
87 20 34 35 80 63 
60 41 56 61 49 
 4 39 92 54 37 38 
66 69 67  9 28 29 
40 97 86 76 21 22 
68 69 95 26 73 29  1 
28 26  9  4 13  1 
 6 86  8 89 34 12 
72 48 57 58 67 66  7 
45 36 55 71 54 17 
68 80 95 63 78 94 44 
12 35 30 18 20 23 89 
62 15 12 34 23 63 
 5 72 55  7 45 32 
25 54 22 19 38 77 
76 75 39 25 37 22 
 9 81  4 75 25 38 
64 84 97 43 51 86 27 
60 24 48  5 65 49 14 
51 43 73  2 50 44 
84 79 40 51 42 44 
42 73 94 43 79 78 33 
52 46  7 36 32 88 17 
87 20 52 45 88 
61 64 98 99 81 96 75 
72 31  5 41 57 49 
61 24 57 48 41 98 
42 51  6 10  2 
43 40 86  6 42 50 
46 20 53  3 45 17 
18 20 52  3 11 
25 37 71 92 77 55 32 
 5 36 91 77 54 32 
60 24 59 61 64 85 
48 31 58 49 98 
57 31 67  9 81 98 99 
56 60 79 62 15 85 
24 41 56 59 15 65 
56 24 64 47 49 98 
79 59 78 15 35 63 
33 80 23 78 62 35 
61 56 85 84 47 96 97 40 
60 41 15 14 83 12 
26 69 74 67 31  7 
26 66 31 58  9 
33 80 74 69 95 28 
66 26 74 68 28 
16 93 92 71  3 17 
92 54 70 32 17 
48 31  5 36  7 
42  2 94 95 28 44  1 
66 69 68 80  7 88 
96 47 81 39 76 38 
75 96 97 38 22 27 
37 54 55 91 19 
62 79 63 33 44 
62 59 78 43 84 85 44 
68 33 74 23 87 88 63 
 9 58 39 99 47 75 
83  8 21 19 14 
14 65 12  8 82 
79 43 85 64 40 
59 79 56 84 64 
51 40  6  8 21 30 27 
46 20 23 80 88 
87 46 45 74 80  7 
18 90 34 30  6 
11 18 89  6 10 
55  5 77 19 14 
 4 93 25 54 70 71 
13  4 92 16 70 
95 33 73 44 
68 33 94 73 28 
47 64 97 75 76 
96 64 40 76 27 
49 57 61 47 58 99 
47 81 98 58 
