69  1 15 12 28 27 
 9 46 41 69 10 15  0 
66 16 15 10 48 49 
 8 38 24 88 89 12 28 
40 96 97 13 87 68 35 51 
29 85 82 46  9 47 86 
62 30 70 84 68 35 99 
82 20 29 11 78 79 
38  3 77 54 63 28 25 
46  1  5 86 10 
 9  1 15 86 17 49  2 
34 14  7 29 79 33 61 
89  3 15  0 28 
18 87 78  4 40 79 61 
34 11 58 55 56 61 
12 89 10  1 66  0  2 
 2 66 67 31 48 98 
49 19 33 10 85 86 
21 20 36 78 73 87 13 
49 48 44 17 33 22 83 
21 26 82  7 78 18 
72 26 37 20 18 36 
59 34 33 19 76 83 
52 57 45 40 56 
38  3 88 37 50 36 
27 28 63  8 62 65 
93 39 82 72 21 20 
 0 69 28 91 25 64 65 
 0 12  8  3 27 25 
 7 11  5 85 82 33 
63 62 54  6 53 97 68 
67 50 16 51 35 98 
43 90 74 59 76 91 64 
17 19 22 34 11 29 85 
59 58 22 33 11 14 
68  4  6 51 31 99 98 
18 21 37 24 50 73 
38 71 24 72 21 36 
71 77  8  3 24 37 
47 42 80 60 93 26 82 
 4 96 45 23 13 56 61 
46  1 47 42 69 43 
80 75 41 47 39 43 
42 41 69 90 75 74 32 
99 84 48 19 98 83 
57 23 40 96 97 94 53 
 9  1 41 47  5 
41 46 42 82 39  5 
 2 16 49 19 44 98 
48 19 10  2 17 
36 73 31 67 51 24 88 
 4 87 35 31 73 50 
81 60 57 23 56 55 
94 54 45 97 30 
 8 77 63 30 94 53 
75 81 58 52 56 14 
52 23 40 55 14 61 
52 23 60 45 94 95 92 
74 75 55 59 34 14 
32 74 58 76 34 22 
52 81 57 80 39 93 92 
79 13 40 56 14 11 
63 30  6 70 25 65 
62 30 54  8 25 
76 32 91 70 27 65 
25 27 64 62 70 
89 15 88  2 67 16 
31 50 66 16 88 
97  4 35 30  6 
41  1 43 90  0 27 91 
 6 62 84 76 64 65 
95 77 38 37 92 72 
26 93 37 71 92 21 
18 87 36 50 51 
43 75 32 58 59 
42 80 81 43 74 55 58 
70 84 59 32 22 83 64 
95 71 38  8 54 94 
18 20  7 13 79 
 7 11 78 13 61 
81 60 39 42 75 
52 60 80 75 55 
39 47 26 29  7  5 20 
22 76 84 44 19 
 6 70 99 76 44 83 
 5 29 33 17 86 
85 17 10  9  5 
73 18 13  4 51 
24  3 89 66 67 50 
88  3 12 15 66 
69 43 32 91 
69 90 27 32 64 
57 60 93 95 71 72 
39 60 26 92 72 
57 95 45 77 54 53 
71 77 94 57 92 
 4 40 45 97 
 4 96 45 53 30 68 
35 31 99 16 48 44 
 6 84 35 44 98 
