14 11 99 98 67 26 27 
48  9 64 15 47 14 
87 11  7 37 86 23 27 
94 39 85 12 49 34 66 95 
45  8 84 46 80 83 28 
66 29 60 68 82 34 97 
77 76 10 19 28 80 
75 37 52 61  2 24 27 
99 98  9 45 84  4 
14  1 99  8 48 16 84 
77  6 32 33 13 59 28 
87 14  0  2 27 
76 77 59 39 85 17  3 
33 10 59 56 53 54 
 1  9 87 11 64  0 99 
96 30 65 64  1 47 
83 84 48 18 32  9 
85 12 76 71 35 19 20 
43 81 21 32 16 48 47 
17 76 20 25 80  6 
17 35 19 36 70 25 
32 33 57 74 81 18 
44 55 50 39 54 
35 65 86 36 37  2 
 7 61 60 27 26 63 
20 70 19 91 38 80 
 0 67 89 62 24 27 63 
24  7  2 11 26  0 
 6 10 32 83  4 80 
 5 66 60 61 95 51 52 
49 34 96 15 65 
57 74 72 62 89 88 
10 28 33 21 18 83 16 
10 32 57 56 21 13 
49 30 96 66  5  3 97 
71 65 23 17 20 36 
69 37 23 70 35 20 
75 69 36 23  7  2 
80 46 78 58 91 41 25 
44 22 94 59 12  3 54 
42 67 45 98 41 46 
46 38 42 40 78 73 
40 67 41 88 72 73 
82 81 97 96 18 47 
92 55 22 39 51 94 95 
 8 98  4 46 40 
38 41 80  4 45 40 
18 43 48 96 15  1 
 1  9 16 18 47 
34 30 71 85  3 65 
22 55 58 79 53 54 
44 92 95 29 52 
51 29 61 75 92  7 
79 73 50 56 13 54 
39 22 59 13 53 50 
92 44 22 50 58 90 93 
57 33 13 72 53 73 
56 33 74 31 21 72 
50 55 90 78 38 91 79 
39 12 77 10 13 54 
 5 29 68 61 24 63 
60 29 52  7 24 
74 31 68 89 26 63 
62 26 24 60 68 
86 65 15 87  1 14 
23 86 71 35 15 30 49 64 
 5 29 34 95  3 
 0 98 26 89 40 42 88 
60  5 74 82 62 63 
75 37 90 70 36 93 
69 90 36 20 91 25 
49 85 17 35 65 
57 31 56 88 42 73 
72 56 53 42 41 78 79 
57 31 82 81 68 21 62 
69 37 93 92 52  7 
77 12  6 17 19 
76 12  6 10 59 
38 58 79 73 41 
50 58 78 73 53 
38 46  4 25 19 28  6 
82 74 43 21 18 
74 81 68  5 43 97 
32 28  4 84 16 
83  4 16  9  8 
17 12 49 71  3 
64 65 23 87  2 
86 64 14 11  2 
42 67 89 72 31 
62 26 67 31 88 
58 55 69 70 93 91 
38 58 90 70 25 
44 55 51 93 75 52 
75 92 69 90 55 
39 44 95  3 
51 44 94 29 66  3 
34 30 97 43 15 47 
82  5 34 96 43 
99  8  0 45 67 40 
14  9  8 98  0 
