95 12 85 94 24 96 25 
46 45  8 13 62 12 
35 21 71 82 83 97 25 
90 91 47 32 81 37 10 64 
79 80  7 43 26 76 44 
58 27 64 32 78 93 99 
76 26 17  9 73 72 
43 94  4 80 95  8 
95 12  1 46 14 80  7 
30 26  6 73 57 31 11 
15 81  3 37 73 57 72 
 9 57 31 52 54 51 
 8 95  1  0 96 83 62 
63 62 92 45  1 28 
30 16 46  8 80 79 
67 81 33 18 17 10 72 
19 77 30 46 45 14 41 
23 76 18 15  6 72 
17 23 66 33 15 34 
16 77 70 30 31 55 
52 48 37 42 53 
35 34 33 63  2 82 
59 58 61 24 25 
76 36 87 17 66 18 
61 22  0 85 60 25 
97  2 71 24 22 59  0 96 
 6 76 30  9 79  4 
58  5 64 91 49 50 59 
13 92 47 32 63 
70 60 68 55 84 
19 31 16  9 14 26 79 
30 19  9 54 11 55 
47  3 28 92 64  5 93 
34 21 67 15 63 18 
35 21 65 33 66 18 
34 21 65 71  2 
56 74 39 44 76 23 87 
52 57 20 42 90  3 10 
43 94 39 85 40 84 
74 69 38 43 36 44 40 
68 69 39 38 84 
92 45 78 77 16 93 
91 90 37 20 49 53 88 
38 94 39  7  4 44 
 4 43 39 36 76 
16 46  1 13 92 41 
16 45  1  8 14 
67 63 81  3 32 28 
75 51 52 20 56 53 
91 27 50 42 88 
49 27 59 88 71 
75 48 52 69 54 11 
48 51 20 37 57 11 
56 48 20 42 86 88 89 
68 69 11 31 55 51 
68 29 54 70 19 31 
48 75 74 53 36 86 87 
52 37 73  9 10 11 
 5 27 59 99 22 61 
50 27 58 22 71 25 
70 29 98 84 85 61 24 
98 60 99 58 22 24 
 1 12 83 82 63 13 
33 67 47 13 62 82 28 21 
 3 32 91 27  5 
89 86 35 34 71 66 
87 23 65 34 86 18 
33 63 47 81 15 
54 69 55 29 40 84 
54 68 39 74 75 51 40 
60 29 19 77 78 55 98 
65 89 35 88 50 59  2 25 
 6 17 73 15 10 
 6  9 57 10 72 
69 75 39 56 36 
48 51 69 74 56 
36 44  4 26  6 23 17 
19 16 70 78 41 
70 77 41 98 93  5 99 
14 30 26 80  4 
79  4  7 14  8 
47 67 15  3 10 
62 83  2 21 63 
96 12 62 82  2 97 
85 38 40 60 29 68 
38 94  0 84 60 24 
53 56 89 65 87 66 
23 36 56 86 66 
49 42 53 50 89 71 
86 53 88 65 71 
91 42 37  3 
90 42  3 64 27 49 
13 45 28 32 41 93 
41 92 78  5 32 
43 38  7 85 95  0 
 7 94  8 12  0 
 0 12 83 97 25 
96 83  2 25 
60 70 78 99 61 
58  5 78 98 61 
