23 84 96 12 94 93 95 
12  8 61 13 44 45 
24 96 70 20 81 34 82 
31 63 90 89 46 80 36 10 
78 25 42  7 43 79 75 
63 26 57 31 92 77 97 
 9 25 75 16 72 71 
94  8  4 42 93 79 
94  7 12  1 79 45 14 
 6 25 30 11 29 72 56 
 3 80 36 99 56 72 71 
50 53 30  9 51 56 
 8  1 94  0 95 61 82 
61  1 62 27 44 91 
15 29 45 79  8 78 
44 40 76 18 29 45 14 
22 17 98 71 75  6 
32 33 98 22 16 65 
15 29 30 76 54 69 
52 41 47 36 51 
81 62  2 34 33 32 
23 24 58 57 60 
16 17 75 86 35 65 
24 96  0 84 59 21 60 
23 96  2 70 21 58 
75  4 78  9  6 29 
48 49 90 63  5 57 58 
13 62 91 31 46 
59 83 67 54 69 
30  9 15 18 14 25 78 
53 54  9 29 18 11 
91 27 92  5 63  3 46 
20 62 66 33 17 98 
20 34 32 17 64 65 
20 33  2 70 64 
73 55 86 43 38 22 75 
41 19 89  3 51 56 10 
39 38 42 93 84 83 
39 37 42 43 73 68 35 
37 38 83 68 67 
15 44 91 92 76 77 
90 48 87 52 19 89 36 
 4  7 43 38 37 93 
42 38  4 75 35 
13  1 15 40 91 45 
44 15  1  8 14 
62 27 66 80 31  3 
74 50 52 19 55 51 
49 26 87 90 41 
48 26 87 70 58 
68 53 74 47 11 51 
36 19 11 50 47 56 
85 55 88 87 41 19 47 
30 54 68 50 67 11 
53 30 18 67 28 69 
85 52 86 74 73 35 47 
11  9 72 51 36 10 
 5 26 58 21 60 97 
21 24 70 49 57 26 
23 84 83 28 60 97 69 
21 57 59 23 97 
13 62 81  1 12 82 
13 27 61 81 20 32 66 46 
90 26  5 31  3 
34 70 88 33 85 65 
86 85 64 33 17 22 
32 62 46 80 98 99 
68 53 54 28 39 83 
39 38 73 50 53 74 67 
77 76 97 28 54 59 18 
49 87  2 24 34 88 58 64 
 6 16 72 98 99 10 
 6  9 56 10 71 
68 38 74 55 35 
50 68 73 55 47 
 4 43 16 22 25 35  6 
15 40 18 77 69 
 5 92 40 76 97 69 
14 79  4 25 29 
 8  7  4 78 14 
46 66  3 99 10 
20 62  2 61 82 
95 12 61 81  2 96 
37 84 39 59 28 67 
23  0 93 37 83 59 
52 55 88 86 64 65 
85 55 35 22 65 
49 48 70 88 52 41 
70 87 52 85 64 
41 90  3 36 
48 26 63 41 89  3 
13 27 31 92 44 40 
91 31 40  5 77 
37 84  0 94 42  7 
 8  7 12  0 93 
 0 96 12 82 
23 24  2  0 95 82 
 5 57 77 60 59 69 
17 32 66 16 99 71 
66 80 98 10 71 
