83 23 93 12 95 92 94 
12  8 60 45 13 44 
34 20 80 69 24 81 95 
89 62 31 46 79 88 10 36 
74 43 25 42  7 78 77 
62 26 56 76 91 96 31 
16 74  9 71 25 70 
93  8 42  4 78 92 
12  1 93  7 78 14 45 
11 30 29  6 71 55 25 
97 79 55 71 36  3 70 
50 51  9 30 55 53 
 1  8 93  0 81 60 94 
60 61  1 44 90 27 
78  8 45 77 15 29 
18 75 29 14 45 44 40 
74 22  6 70 97 17 
32 33 97 64 16 22 
54 30 15 75 68 29 
41 88 36 51 52 47 
 2 34 33 80 61 32 
23 59 24 57 56 
35 85 74 16 64 17 
59 58 21 24  0 83 95 
23 21 57 69  2 95 
74  6  9 29 77  4 
 5 62 49 57 56 89 48 
46 61 13 90 31 
82 66 54 68 58 
25 77 30  9 18 15 14 
11  9 29 53 54 18 
91 90 62  5  3 46 27 
33 20 61 65 17 97 
34 20 32 17 64 63 
 2 20 33 69 63 
72 38 99 85 43 74 22 
51 19 88 55 10  3 
39 82 83 38 42 92 
39 72 37 42 43 35 
82 37 66 67 72 38 
15 75 44 76 91 90 
88 19 89 86 48 52 
 7  4 43 38 37 92 
42 38 35  4 74 
45 15 13 90  1 40 
 1  8 14 15 44 
65 79 61  3 31 27 
52 19 73 50 98 51 
86 49 41 89 26 
57 26 69 86 48 
11 51 73 67 47 53 
11 50 36 19 55 47 
86 41 19 87 84 98 47 
11 30 54 66 67 50 
28 66 68 53 30 18 
36 51 11 10 71  9 
 5 26 59 21 57 96 
49 26 24 21 56 69 
59 23 96 68 28 82 83 
23 58 21 56 96 
 1 13 81 80 12 61 
60 80 13 65 46 20 27 32 
 5 26 89 31  3 
34 33 64 69 87 84 
33 17 84 85 63 22 
97 79 46 61 32 
82 39 28 54 67 53 
66 39 72 73 50 53 
76 75 96 58 28 54 18 
57 49 24 34  2 86 87 63 
16 97 10 71  6 
 6  9 55 10 70 
39 67 38 73 99 35 
50 67 72 99 98 47 
43  4 35  6 16 25 22 
76 68 18 15 40 
68 75 91  5 96 40 
25 29 78 14  4 
 7  8 14  4 77 
97 10 65 46  3 
 2 20 61 81 60 
80  2 95 60 12 94 
39 37 66 28 58 83 
 0 23 58 82 37 92 
64 85 63 87 52 98 99 
64 84 99 35 22 
69 87 49 48 41 52 
69 86 63 84 52 
41 19 36 89  3 
62 26 41 88  3 48 
31 91 44 13 27 40 
76  5 31 90 40 
93  0 83 37 42  7 
 0 12  8  7 92 
81 12 95  0 
24 23  0  2 81 94 
76 68 59 58 56  5 
10 79 65 16 70 32 17 
84 52 99 73 47 
84 85 98 73 72 35 
