90 91 81 12 92 93 22 
44 43  8 12 13 59 
78 79 19 23 68 33 93 
87 86 35 10 61 77 30 45 
42 41 73  7 76 24 75 
61 25 55 30 99 89 94 
24 73 70 69  9 21 
 4 41  8 91 90 76 
 7 91 12 76 14  1 44 
29 11 54 70  6 24 28 
70 54 69 35  3 77 95 
50 54 29 52  9 49 
 8 91  0 92 79 59  1 
 1 43 88 26 60 59 
44 15 28 75 76  8 
74 17 44 14 43 28 39 
95 31 69 32 63 21 
15 74 53 29 67 28 
50 46 35 86 40 51 
78  2 32 31 33 60 
55 56 23 58 22 
16 69 63 34 73  6 83 
93  0 81 23 20 58 57 
56 20 68  2 93 22 
 6 73  4  9 28 75 
 5 61 87 55 56 48 47 
45 60 13 88 30 
67 53 57 80 65 
29  9 17 15 14 24 75 
53 17  9 11 28 52 
61  3  5 89 88 45 26 
16 95 32 19 64 60 
16 31 63 19 62 33 
19  2 68 62 32 
37 71 42 73 21 97 83 
10 54 50 18 86  3 
90 41 37 81 80 38 
42 41 36 34 71 38 
71 66 36 80 37 65 
15 74 43 88 89 99 98 
87 86 18 51 84 47 
 4 42 37 36 90  7 
37 41 34 73  4 
15 44 39  1 88 13 
15 14 43  1  8 
77  3 30 64 60 26 
18 50 96 51 72 49 
87 25 48 40 84 
68 56 25 84 47 
11 50 52 46 66 72 
18 46 11 54 35 49 
96 46 18 40 82 85 84 
29 11 53 49 66 65 
29 17 67 52 27 65 
11 50 10 70 35  9 
 5 25 56 20 58 94 
55 25 20 23 68 48 
27 67 81 80 22 58 94 
55 20 22 57 94 
78 79 12 60 13  1 
19 78 64 45 26 13 59 31 
 3 87  5 25 30 
68 85 32 63 33 82 
16 32 62 21 82 83 
45 77 60 31 95 
27 80 66 52 53 38 
71 38 65 72 52 49 
74 17 53 27 57 94 98 
62 85 23  2 56 33 48 84 
70 10  6 21 16 95 
10 54 69  6  9 
37 38 34 66 97 72 
66 71 97 96 46 49 
34 42 21  4 24  6 
15 17 67 39 98 
28 14 24 76  4 
 7  4  8 14 75 
 3 10 45 64 95 
 2 79 19 60 59 
 2 78 93 12 92 59 
81 36 57 27 65 38 
36 80 90  0 57 22 
62 63 85 51 96 97 83 
82 63 97 34 21 
68 85 48 51 40 47 
62 68 82 51 84 
35 18 87  3 40 
 3 86 40 61 25 47 
39 43 89 30 13 26 
99 39 88  5 30 
36 41 81  7 91  0 
 8  7 90  0 12 
12  0 93 79 
 2 79 23 92  0 22 
58 55  5 99 57 67 98 
31 64 16 69 77 10 
51 46 82 97 72 
34 71 82 96 72 83 
94 67 99 74 39 
89 39  5 94 98 
