88 79 21 90 11 89 
12 42 57 11 43 98 
76 77 91 22 66 32 18 
85 84 34 75  9 44 29 59 
71 41  7 74 23 40 73 
92 97 87 29 59 24 54 
68 67  8 20 71 23 
74 99 98  4 89 88 40 
68  6 28 27 10 53 23 
67 68 53 93 75 34  3 
48 49 53  8 28 51 
90 77 57  1 98  0 89 
 1 42 57 58 25 86 
14 27 73 99 43 74 
16 27 38 42 13 72 43 
93 30 31 67 61 20 
14 27 28 72 65 52 
49 45 50 39 84 34 
 2 32 76 30 58 31 
56 21 55 22 54 
 6 67 61 81 71 15 33 
 0 79 91 22 90 56 19 
55 66  2 91 21 19 
 8 27 73  6 71  4 
47 55  5 59 85 54 46 
44 29 58 12 86 
92 65 52 56 78 63 
14 16 28  8 13 23 73 
16 27  8 10 51 52 
87  5 44  3 59 25 86 
62 58 18 93 31 15 
18 30 32 60 61 15 
 2 66 18 60 31 
71 41 81 95 69 20 36 
53  9 49 17 84  3 
88 79 78 37 36 40 
37 69 35 33 41 40 
64 69 78 35 36 63 
14 42 72 96 97 87 86 
85 84 17 50 82 46 
 7 88 35 36 41  4 
33 36 71  4 40 
38 14  1 12 43 86 
 1 42 99 13 14 98 
75 62 58  3 29 25 
49 48 70 17 50 94 
85 24 47 39 82 
66 55 82 24 46 
49 10 45 70 64 51 
48 10 45 53 17 34 
83 80 17 45 39 82 94 
10 28 52 63 64 48 
26 65 16 28 51 63 
68  9 49 10  8 34 
56 92 19  5 24 55 
66 22 19 47 24 54 
26 92 21 79 78 19 54 
76 77 58 12  1 11 
18 76 30 62 57 12 44 25 
 5 24 29 85  3 
66 32 83 80 61 31 
60 80 81 20 31 15 
30 93 75 58 44 
64 37 78 51 52 26 
37 69 70 63 51 48 
16 72 92 26 96 52 
55 22  2 32 60 83 82 47 
68  9  6 93 15 20 
67  9  6 53  8 
70 95 64 37 33 36 
48 64 45 94 95 69 
 6 20  4 41 23 33 
16 65 14 38 96 
13 27 23  4 74 
13 99  7  4 73 
93  9 62  3 44 
 2 77 18 58 57 
 2 76 91 57 90 11 
35 79 37 56 26 63 
 0 88 35 21 78 56 
60 83 61 95 81 50 94 
95 80 61 20 33 
66 83 50 39 47 46 
60 66 80 50 82 
39 85 17 34  3 
39 84  3 59 24 46 
87 29 25 12 42 38 
38 97  5 29 86 
 0 79 35 89  7 40 
88  0  7 98 11 
91 77 21  0 11 
 2 77 22 90 21 
 5 97 26 65 96 56 54 
67 15  9 30 62 75 
70 45 95 50 80 
81 80 94 70 69 33 
38 97 72 65 92 
 5 92 96 38 87 
43 99  1  7 11 89 
13 74 43  7 98 
