35 88 79 89 21 11 
12 57 97 96 42 11 43 
76 77 66 32 22 18 90 
 9 75 85 84 44 29 34 59 
40 41 71  7 74 23 73 
29 87 54 24 91 59 95 
20 71 67 23  8 68 
74  4 40 88 96 97 
10 53 28 23  6 68 27 
 3 75 34 53 68 67 92 
49 53  8 28 51 48 
57 77  1 89 96 88  0 
57 58 25  1 86 42 
74 97 14 27 43 73 
38 72 27 13 42 16 43 
61 20 92 30 31 67 
14 72 27 65 52 28 
84 39 49 45 34 50 
31 30 58 76 32  2 
54 55 22 21 56 
81 33 61 15 71  6 67 
19 22 56 79 90 89  0 
19 21 55 66  2 90 
 8  6 71  4 73 27 
55 54  5 85 46 47 59 
44 58 12 29 86 
65 91 56 78 52 63 
14 13 16 28 73 23  8 
51 10 16 27 52  8 
 5 87 44  3 59 25 86 
92 15 31 62 58 18 
30 15 61 18 32 60 
31 18 60 66  2 
98 69 36 99 81 20 71 41 
49 53  9  3 84 17 
37 36 78 40 88 79  0 
41 33 37 35 40 69 
35 36 78 69 64 63 
95 87 94 72 86 14 42 
46 85 84 17 50 82 
 4 41 36 35 88  7 
33 36 40  4 71 
 1 12 86 38 14 43 
97  1 42 13 14 
62 58 75  3 29 25 
93 50 17 49 70 48 
85 39 24 47 82 
46 24 55 82 66 
10 49 51 45 70 64 
34 53 10 17 45 48 
83 80 93 45 17 39 82 
64 48 10 28 52 63 
26 65 16 28 51 63 
49 34  9 10  8 68 
55 24  5 91 19 56 
54 24 47 19 22 66 
19 21 91 54 79 78 26 
76 58 77 11  1 12 
30 62 44 12 57 18 25 76 
 5 24 85 29  3 
31 61 80 83 32 66 
81 80 20 15 31 60 
30 58 44 75 92 
51 52 64 26 78 37 
69 37 70 48 51 63 
94 91 72 26 52 16 
60 32 83 82 47 55 22  2 
20  6 68  9 92 15 
 8 53  6 67  9 
98 33 36 70 64 37 
93 45 69 64 98 48 
20 33  6 23  4 41 
94 65 38 14 16 
 4 74 23 13 27 
97  7 13  4 73 
44 62  9  3 92 
57 58 77 18  2 
76 57  2 90 89 11 
35 37 79 56 26 63 
35 78 56 21  0 
81 61 99 83 50 93 60 
61 80 99 33 20 
47 46 39 50 83 66 
50 80 60 82 66 
85 39  3 34 17 
46 39 84 24  3 59 
38 87 25 12 29 42 
29  5 95 38 86 
40 35  7 96  0 11 
90 77 21  0 11 
 2 77 22 89 21 
 5 54 95 56 65 94 26 
 9 75 67 62 30 15 
50 45 99 98 80 70 
65 91 95 72 38 
 5 87 91 38 94 
 7 88  1 97 11 
74 13  1 96  7 43 
69 33 99 93 70 
98 33 81 80 93 
