10 85 84 20 75 33 
10 92 93 41 40 11 55 
73 86 72 17 31 62 21 
28 42 57 81 80 32  8 71 
67 22 70 38 39 69 
28 57 52 87 23 83 91 
63 19 64  7 67 22 
51 64  6  9 27 22 26 
51 64 32  3 63 88 71 
 7 51 46 49 47 27 
73 55 85 92 84  1  0 
24 56  1 40 55 82 
70 93 41 26 69 13 
68 36 40 41 15 12 26 
30 59 63 88 29 19 
68 50 27 26 13 
48 37 80 47 43 32 
56 72  2 31 30 29 
53 52 54 21 20 
63 14 67  6 77 59 97 
54 75 18  0 85 86 21 
18 53 62  2 86 20 
 7  6 67  4 69 26 
57 81  5 52 44 45 53 
28 42 56 11 82 
87 90 68 50 61 54 74 
27  7 15 69 12 13 22 
 9  7 26 15 50 49 
 3 42 57  5 24 83 82 
14 30 17 60 88 56 
31 17 59 58 14 29 
 2 17 30 58 62 
47 16 80  3 51  8 
34 35 74 75  0 84 38 
35 65 39 38 96 33 
65 99 61 74 34 33 
68 90 13 40 82 83 91 
48 16 78 80 81 44 
70  4 84 39 34 33 
 4 38 67 97 96 34 
41  1 11 36 13 82 
93 12  1 40 13 
 3 28 56 60 24 71 
47 16 48 89 66 46 
81 37 45 78 23 
62 78 44 23 53 
49 98 43 47 66  9 
43 16 32 46 51  9 
37 16 78 79 43 76 89 
27  9 50 61 46 98 
68 15 25 27 49 61 
32 47  8 64  7  9 
 5 87 23 53 54 18 
45 23 52 62 18 21 
52 87 25 74 75 18 20 
72 56 73 11 10  1 
60 42 24 11 55 29 17 72 
28  3 81 23  5 
59 30 31 62 79 76 
30 58 76 77 14 19 
56 42 29 88 71 
50 25 49 35 99 74 98 
31  2 58 79 45 78 53 21 
 8 64 88  6 19 14 
51  8 63  6  7 
96 94 66 99 35 34 
65 94 89 43 99 98 46 
39  4 22  6 97 19 
36 90 25 50 15 13 
26 12 70  4 22 
92 93  4 38 12 84 69 
 8  3 88 60 42 
56 55 17 73  2 
85 86  2 72 55 10 
61 25 54 75 35 33 
74 54 20  0 33 
79 48 58 59 77 95 89 
95 96 76 59 97 19 
37 48 79 62 45 44 
48 78 62 58 76 
37 16 81  3 32 
80 37 57 23  3 44 
24 28 83 11 40 36 
 5 28 82 36 91 
70 38 92 10  0 33 
73 86 10  0 20 
73 85  2 21 20 
25 90  5 52 54 91 
63  8 29 60 71 14 
66 94 43 48 95 76 
87 25 68 36 91 
 5 87 83 90 36 
70 93 84 10  1 
70 92 12 41  1 
65 96 66 95 89 
96 94 77 76 89 
65 94 95 77 34 39 97 
77 96 39 67 19 
61 99 49 46 66 
65 66 35 61 98 
