58 57 86  7 48 91 
11 12 61 57 54 18 
37 77 45 10  4 44 
95 62 39 36 44 
10 56 36 44 29 73  2 
28 31 58  7 27 34 
97 98 25 19  9 64 14 
58  5  0 48 33 34 
37 38 77 24 12 11 
83 64 70 26 25  6 
80 37 87  2 56  4 
 1 12  8 38 51 18 
61 23 24  8  1 11 
88 27 53 66 47 18 
42 31 19  6 97 34 33 96 
80 38 87 16 30 50 
15 30 55 56 92 93 21 87 
28 31 89 42 69 63 46 
 1 11 51 54 13 27 47 
25 32 42  6 14 
30 49 60 59 21 40 75 65 
93 59 20 30 16 
57 61 26 70 86 71 85 
26 61 12 24 32 67 
63 77  8 12 23 67 
 9 26 32 19  6 
70 22  9 25 61 23 32 
58  5 28 88 13 54 18 
 5 31 17 89 27 88 
36 35  4 99 64 73 
15 16 21 20 49 50 
28  5 17 42 14 34 
25 19 26 23 42 67 46 
48 43  7 34 14 96 
 5 31 14 33  7 
36 29 39 99 82 76 
29 35 39  4 44  3 
 8 38 77 80 10  2 
80 37 15  8 11 51 50 
36 35  3 40 95 75 76 
95 39 75 20 65 
72 90 85 71 84 55 92 
32 19 17 31 14 46 
33 48 52 96 81 
 4  2 36  3 45 62 
 2 77 79 62 68 44 
42 32 67 17 63 
49 66 13 50 51 18 
 7  0 33 43 91 72 52 
66 65 20 30 47 50 
15 38 51 30 49 47 
11 38 50 47 18 
48 43 60 72 76 81 
94 78 69 89 88 66 13 
27 58 57  1 18 
74 56 16 92 84 41 
74 55  4 10 73 87 16 
 0 58 86 22 61  1 54 
 0 57  7  5 27 54 
72 93 60 20 21 
72 59 20 75 52 76 
57 22 26 23 12  1 
95  3 94 78 79 45 44 
24 77 67 68 69 17 46 
74 83  9 99 29 98 73  6 
40 20 95 94 66 49 
94 65 53 49 13 47 
24 63 23 32 46 
79 45 63 77 69 
17 89 79 78 68 53 63 
 9 83 26 22 71 
70 22 83 85 84 41 
93 59 41 90 60 92 91 48 52 
29 64 74  4 56 
83 64 56 55 73 84 
40 39 20 60 76 
39 35 75 82 60 52 81 
 8 37 63 24  2 45 68 
94 53 62 79 69 
62 78 45 68 69 
37 38 10 87 15 
76 82 52 43 96 
99 98 97 35 76 96 81 
74 64  9 70 71 84 
71 83 74 55 41 
41 71 22 86 90 91 
 0 57 22 85 91 
15 80 10 56 16 
28 89 27 53 13 
28 17 69 53 88 
41 72 85 91 
72 90 48  0 86 85 
55 16 93 41 72 
72 59 92 16 21 
53 78 62 95 65 66 
62  3 40 65 94 39 
14 97 33 43 82 81 
82 98  6 14 96 
99 64 82 97  6 
29 64 98 35 82 
