63 16 27 70 78 71 
78 79 35 86 46 34  8 
13 61 98 25 94 95 17 72 99 
66 67 48 36 60 26 
58 18 56 33 32 59 
77 69 73 43 19 48 
53 18 42  7 22 21 
 6 42 22 40 92 
68 20 46 47 34  1 
79 35 59 58 21 10 
 9 35 21 11 57 30 34 
41 57 22 21 10 
93 42 26 66 37 31 39 
23 24 47 61 25  2 
43 44 16 45 17 
49 90 64 83 56 91 52 
63 45 14  0 72 71 17 
 2 95 72 44 14 16 
52 56 53  6  4 58 21 
67 87 43  5 44 38 48 
36 47 68 69 48  8 
58  9 11 22  6 18 10 
41 40 11  7  6 21 
13 24 90 50 47 91 74 
49 90 23 13 25 
13 24 94 65 49  2 
60 53 42  3 66 12 
29 28  0 70 63 62 32 
33 32 82 54 29 27 
54 28 85 51 62 27 
77 57 69 68 10 34 
87 88 67 66 12 39 
 4 33 28 70 59 27 
 4 32 56 28 82 83 
68 30 10 35  1  8 
 9 79  1 10 34 
60 50 47 20 48  3 
93 55 75 12 39 
89 88 87 95 44 19 
31 88 75 37 12 96 89 65 
41 51 22  7 92 84 
51 40 11 57 76 22 
53 26  6  7 93 12 92 
 5 19 44 73 45 14 
43 19 38 95 14 17 
73 76 62 43 63 16 14 
61 47  1 86  8 
23 50 13 46 61 36 20  8 
36 20 69  5 19 67  3 
24 90 97 65 15 64 25 
23 47 60 36 74 
41 40 76 62 29 85 84 
15 91 56 18 53 74 
52 18 60 26 42  6 74 
28 82 80 55 85 29 
85 54 93 37 80 75 84 
33  4 18 15 83 52 
77 30 76 41 11 10 
 9 59  4 18 21 
70 32  4 58 78 79  9 
53 26 36 50 74  3 
13 47 98 86 46  2 
45 76 51 29 63 27 
62 45 16  0 27 
15 49 97 81 82 83 
97 49 94 89 96 25 39 
 3 67 26 31 12 
87 19 48  3 66 31 
30 69 20 34  8 
77 30  5 68 20 48 
59 32 27  0 78 
78 86  0 72 16 99 
71 16 17  2 99 
45 76 77  5 43 
60 53 52 91 50 23 
55 37 80 96 81 39 
73 45 77 57 41 51 62 
57 30 69 73 76  5 
59 70  0 71 86  1 79 
78 59  9 35  1 
55 54 82 81 75 
64 97 96 82 80 75 
64 81 28 33 54 83 80 
15 56 64 33 82 
93 55 85 51 40 92 
54 55 29 51 84 
98 61 46 78 71  1 99 
67 19 38 88 31 
89 38 87 31 39 
94 95 65 38 88 39 
24 49 23 15 91 
23 90 74 15 52 
84 93 42  7 40 
55 37 12 42 84 92 
89 95 65 25  2 
89 94 38 44  2 17 
97 81 65 75 39 
49 65 64 81 96 
61 86  2 99 
71 72  2 98 86 
