69 77 70 26 62 16 
84 77 34 33 78  8 45 
92 93 97 60 17 13 25 71 
65 59 66 35 47 
57 58 31 18 55 32 
76 68 42 19 72 47 
52 41 22  7 18 21 
22 39 90  6 41 
 1 33 67 45 46 20 
34 10 21 78 57 58 
29 56 33 34  9 21 11 
22 40 10 56 21 
65 41 30 38 91 36 
24 23 46 60  2 25 
42 43 17 44 16 
63 82 89 88 55 51 48 
44 62 14  0 71 17 70 
 2 93 43 71 14 16 
 4 55 57 51 52  6 21 
37 43 42  5 66 85 47 
47 35  8 67 68 46 
 6 18 22  9 10 11 57 
39  7 40  6 21 11 
89 73 49 88 24 13 46 
23 88 13 25 48 
92 64  2 13 24 48 
61 62 31 69  0 28 27 
53 81 32 31 26 28 
26 61 50 99 53 27 
76 68 56 10 33 67 
65 66 12 38 86 85 
58 69  4 26 32 27 
81 82 55  4 27 31 
29 10 34  1 67  8 
 1 33 10 78  9 
49 59  3 46 47 20 
38 12 91 54 74 
43 19 87 86 93 85 
87 64 86 30 12 36 94 74 
90  7 40 50 83 22 
50 39 22 75 56 11 
65 12 59 52  6 91 90  7 
43 19  5 72 44 14 
37 19 93 42 17 14 
61 62 75 72 42 14 16 
 1 84  8 60 46 
13 60 23 49 45  8 35 20 
 3 66 35 19  5 68 20 
24 88 95 63 25 15 64 
73 59 23 46 35 
40 39 83 99 75 61 28 
15 55 89 73 52 18 
 6 41 73 51 59 18 
81 79 54 98 99 28 27 
91 83 98 36 53 79 74 
32 82  4 15 18 51 
29 76 10 75 40 11 
 9 21 18  4 58 
69 77 57  9  4 31 78 
41 65 49 73 52  3 35 
46 45 97  2 13 84 96 
44 62 75 50 26 28 
61 44 26  0 16 
81 82 80 15 95 48 
92 87 38 25 95 48 94 
41 12 59 30 66  3 
65 30 85 19  3 47 
29 68 33  8 20 
 5 76 29 67 47 20 
 0 77 58 31 26 
 0 77 84 96 71 16 
97  2 17 96 70 16 
75 76 44 42  5 
89 51 49 59 52 23 
54 79 36 80 94 38 
44 61 40 56 76 50 72 
 5 68 29 56 75 72 
69  0 58 70  1 78 84 
 1 77 34  9 58 
81 80 53 54 74 
81 79 63 95 94 74 
80 79 63 82 32 27 53 
63 81 32 55 15 
39 50 54 91 98 90 99 
70 77  1 45 60 96 
30 86 66 37 19 
87 37 38 30 85 
92 64 93 37 86 38 
23 24 89 15 48 
15 51 73 88 23 
39 83 91 41  7 
54 83 41 12 36 90 
 2 93 87 64 25 
92  2 87 37 43 17 
95 80 38 64 74 
63 80 48 64 94 
84 70 71 97 60 
 2 60 71 96 
54 83 99 53 
83 98 50 28 53 
