61 16 69 76 68 26 
 8 33 76 83 45 77 34 
59 13 95 70 25 90 17 91 
35 49 65 64 47 58 
57 56 32 31 54 18 
42 19 71 75 67 47 
41 52 22 21  7 18 
88 41  6 22 39 
20 46 66 33  1 45 
10 21 56 57 77 34 
11 21 55 29 33  9 34 
22 40 10 21 55 
41 64 38 36 30 89 
59  2 46 25 24 23 
42 44 16 43 17 
48 86 62 81 54 87 51 
61  0 44 14 17 70 69 
14 43 70 16  2 91 
 6 21 51 52 56  4 54 
42  5 84 37 65 43 47 
 8 46 66 35 67 47 
18  6 22 56 10 11  9 
21  6  7 11 40 39 
13 46 24 49 72 87 86 
48 86 25 13 23 
 2 13 24 90 63 48 
68 31 27 28 60 61  0 
96 28 78 32 31 26 80 
50 60 27 96 26 97 
66 33 55 75 10 67 
65 64 84 85 12 38 
32 27 68 57 26  4 
80 27 31  4 54 81 
 8 66  1 29 10 34 
10 33  9 77  1 
20 46 49 47  3 
38 12 73 53 89 
84 19 43 85 99 91 
12 36 98 85 30 73 92 
50 40 22  7 88 82 
22 11 55 74 50 39 
12 64  6 52 58 89 88  7 
 5 19 43 71 44 14 
37 19 42 14 17 91 
16 61 71 42 74 14 60 
 1 83  8 59 46 
13 23 49 20  8 59 35 45 
35 20 67 65 19  5  3 
24 86 25 63 93 62 15 
23 46 35 72  3 58 
74 40 60 28 39 82 97 
72 87 52 15 18 54 
72 51  6 41 58 18 
96 97 73 36 78 89 82 
32  4 18 15 81 51 
11 10 40 74 75 29 
21 18  4 57  9 
68 31  9 77 56 76  4 
72 52 41 64  3 49 
 2 13 95 46 45 94 83 
50 28 74 44 61 26 
16  0 44 60 26 
79 80 48 93 15 81 
25 90 48 93 99 98 92 
41 12 30 65  3 58 
84 19 30 64 47  3 
 8 33 20 29 67 
75  5 66 20 29 47 
57 31 76  0 26 
83 94 70 16  0 76 
95 94  2 17 16 69 
42 44 74 75  5 
51 87 52 23 49 58 
38 36 53 78 79 92 
71 44 75 55 40 50 60 
71 74  5 55 29 67 
 1 77 83 69 57 68  0 
34  9  1 57 76 
96 53 73 79 80 27 
62 80 93 73 78 92 
62 79 32 27 78 81 
15 62 54 32 80 
53 97 50 89 88 39 
 1 45 59 94 69 76 
37 19 65 85 30 
98 38 84 37 30 99 
24 48 23 15 87 
51 72 23 15 86 
89 41 82  7 39 
53 36 12 41 88 82 
25  2 63 99 91 
17 43 37 90  2 99 
73 38 98 93 79 63 
48 63 62 79 92 
95 59 70 83 69 
 2 59 94 70 
53 78 27 28 97 
82 50 96 28 53 
85 38 99 63 92 
85 37 98 63 90 91 
