15 66 72 58 65 24 
78 43  7 93 32 31 
16 83 99 67 87 23 
54 55 29 30 52 17 
40 18 94 71 45 64 
54 17 50 39  6 20 
39  5 20 37 82 
43 44  1 19 63 31 
55 54 20  9 32 10 92 
53 10 27  8 32 31 
37 38 53  9 20  8 
34 36 28 61 39 96 
21 44 22 57 87 23 
40 41 94 16 15 42 
46 59 76 80 81 52 49 
16 13 66  0 58 67 42 
41 13 83 15 67  2 
52  3 54  5 50 49 
40  4 35 41 45 62 79 
45 33 44  7 63 64 
37  6 10  5 54  8 
12 44 22 80 47 68 81 
21 12 46 80 23 
87 12 22 99 60 46  2 
65 29 58  0 26 25 
30 29 24 75 26 88 73 
24 58 89 88 70 48 25 
53 71  9 64 63 31 
36 11 61 62 79 
 3 55 65 30 24 25 
76 75 25 29  3 52 
27 63  1 32  9  7 
 9  8 93  1 31 92 
47 44 62 45 19 61 
51 69 36 11 97 96 
91 83 41 18 90 79 
34 69 11 84 90 28 79 
48 38 77 10 82  6 20 
48 37 10 53 70 
50 56  5  6 61 11 96 82 
 4 18 41 13 94 
35 18 40 83 13 16 
15 13 58 94 95 70 
57 44 78  7  1 
12 21 57 43  7 47 33 19 
62 33  4 18 19 64 
85 59 60 14 80 22 23 
21 44 33 68 56 61 
37 38 77 89 70 26 
52 14 81 17 50 68 
68 56  5 17 39 49 
34 69 73 97 88 89 77 
14 76 30  3 49 17 
95 71 10 38  9 27 70 
 5 17  3 55 20  8 
54  3  8 92 72 29 65 
47 68 50 39 61 
87 86 12 44 43 78 
15  0 42 70 24 26 
46 85 76 75 74 14 
91 84 85 46 98 99 23 
28 62 33 11 47 56 39 
45 33 18 61 28 79 
19  7 64 27 31 
71  4 45 27 63 19 
72  0 55 29 24 
15  0 72 67 86 78 
16 15 66 86 87  2 
47 21 56 50 81 49 
34 51 36 73 84 74 
42 58 95 48 38 53 26 
95 53 94  4 27 64 
92 93 55 66  0 65 78 
51 69 25 75 88 74 
84 69 85 73 75 59 
73 25 76 59 74 30 
59 75 14 30 52 
48 89 51 97 37 82 
72 93 66 86  1 43 57 
90 35 18 36 28 62 
14 81 46 22 21 
21 80 68 14 49 
77 97 96 37  6 39 
91 35 41 98 16 99  2 
36 69 91 60 90 85 74 
84 60 46 59 74 
87 57 66 67 78 
57 86 12 67 23  2 
51 89 73 26 25 
48 77 51 88 26 
91 35 84 36 79 
83 35 84 60 90 98 
 8 32 55 93 72 
 1 78 72 32 92 
95 71  4 40 13 42 
53 71 94 42 70 
39 11 34 97 82 
34 51 77 96 82 
91 60 83 99 
98 60 83 23  2 
