64 70 15 63 23 56 
31 91 76 42  7 30 
85 22 97 96 65 16 81 
52 53 28 29 17 50 
44 18 39 92 69 62 
38 80  6 52 17 48 
 5 80 36 52  8 10 
42  1 61 19 43 30 
31 90 52  6 10 53  9 
 8 31 10 30 26 51 
51 37  8  6 36  9 
59 27 54 38 94 33 35 
85 22 55 43 20 21 
92 39 40 16 15 41 
79 78 45 47 57 74 50 
16 13 65 64  0 56 41 
40 13 65  2 81 15 
52  5  3 48 47 50 
44 60 77 34  4 39 40 
61  7 44 62 32 43 
43 99 12 98 66 21 78 79 
45 22 78 12 20 
12 85  2 58 45 21 97 
28 24 25 63  0 56 
29 73 28 25 86 71 23 
24 86 87 46 23 68 56 
51 69 62 61 30  9 
77 60 35 59 11 
29 24  3 53 23 63 
73 74  3 28 50 24 
26 61 31  1  7  9 
91 90  1  8 30  9 
44 19 60 43 99 59 98 
49 67 35 94 95 11 
77 18 88 89 40 81 
77 27 67 33 82 88 11 
75 80  6 46 37 10 
46 36 10 51 68 
94 80  5 48 54 11 
 4 18 92 13 40 
39 13 16 18 34 81 
68 93 56 92 13 15 
76  1  7 43 55 
 7 19 42 32 99 55 12 20 
60 18  4 62 19 32 
78 14 58 22 57 21 83 
36 37 75 87 25 68 
17 48 66 50 14 79 
17  5 47 38 54 66 
75 87 86 71 67 33 95 
 3 17 47 74 14 29 
93 69 10 37 26  9 68 
 3 17  8  6  5 53 
 8 52 90  3 28 70 63 
98 59 66 48 38 11 
85 12 43 42 84 76 
23  0 25 15 68 41 
45 14 74 83 72 73 
45 22 82 89 96 83 97 
60 27 32 98 54 11 
44 18 77 27 32 59 
 7 19 62 26 30 
44 19 61  4 69 26 
23  0 28 70 53 
70  0 65 84 15 76 
16  2 85 84 15 64 
54 98 20 47 48 79 
82 72 49 33 71 35 
25 46 37 51 93 56 41 
93 51 92  4 62 26 
90 53 64  0 76 63 91 
49 86 67 72 73 24 
82 67 71 57 83 73 
71 72 57 74 29 24 
57 14 50 73 29 
49 87 95 80 36 46 
 1 42 64 84 70 55 91 
60 18 27 34 35 88 
79 14 45 20 21 
20 66 78 47 14 
94 38  5 75 95  6 36 
16  2 40 96 34 89 
58 89 67 72 35 83 88 
58 45 57 72 82 
85 55 65 64 76 
12 22  2 55 84 65 
25 24 49 87 71 
49 86 75 46 25 
34 89 77 35 82 
82 58 96 34 88 81 
91 31  8 70 53 
31 90  1 76 70 
93 69  4 39 13 41 
51 69 92 68 41 
38 80 95 33 11 
49 75 80 94 33 
58 89 97  2 81 
58 22 96  2 
32 99 59 54 66 20 
32 43 98 20 
