69 62 23 56 15 63 
31 30 90 42 75  7 
80 95 22 16 64 84 
17 50 29 28 52 53 
39 18 44 91 68 61 
52 17  6 79 48 38 
 5 79 10  8 52 36 
98 19 43 42  1 30 99 
52 53 10  6 89 31  9 
10  8 31 51 26 30 
 6  8 36 37 51  9 
33 35 27 93 59 38 54 
21 22 20 43 84 55 
40 39 91 41 16 15 
47 50 78 77 45 73 57 
13 41 56  0 16 64 63 
40 80 13  2 64 15 
47 50 52  5 48  3 
40 39 34  4 44 60 76 
61 44 98 32 43  7 
65 96 78 77 21 12 43 97 
12 22 20 45 77 
21 12 95  2 58 45 84 
62 28 56  0 25 24 
70 85 72 25 23 28 29 
23 56 86 85 46 24 67 
51 68  9 30 61 99 
11 35 76 60 59 
23 62 24 29  3 53 
72 24 28 73 50  3 
 9 31 26  1  7 99 
89  8  9 30 90  1 
59 96 60 44 19 43 97 
94 49 66 35 11 93 
80 88 40 18 87 76 
33 66 81 11 87 27 76 
74 79  6 10 37 46 
36 10 46 51 92 67 
 5 79 93 48 11 54 
40 18  4 13 91 
34 80 39 18 13 16 
92 91 13 15 56 67 
55 75  1 43  7 
55 42 32 19  7 12 20 97 
 4 18 60 61 19 32 
58 22 21 82 77 14 57 
36 37 74 86 25 67 
50 17 14 48 78 65 
47 17  5 38 54 65 
33 94 66 74 86 70 85 
47 14 17 73 29  3 
26 68 92 37 10  9 
 5 17 53  8  6  3 
52  3 62 28 69 89  8 
59 96 38 48 11 65 
83 75 42 84 12 43 
23  0 15 41 25 67 
73 14 45 82 71 72 
81 82 88 95 22 45 
27 11 60 54 96 32 
44 18 76 27 59 32 
44  4 68 26 19 98 99 
69  0 23 28 53 
64 83 69  0 15 75 
16  2 15 84 83 63 
48 47 78 54 96 20 
33 49 35 71 81 70 
25 46 92 41 56 37 
51 26 92 91  4 61 
62  0 63 75 90 89 53 
72 24 71 66 49 85 
81 82 66 70 72 57 
70 24 71 29 73 57 
14 50 29 72 57 
36 79 46 86 49 94 
83 55 42  1 69 63 90 
87 34 18 60 27 35 
78 14 45 21 20 
14 47 65 77 20 
74 94 36 93  6  5 38 
34 88 40 95  2 16 
58 82 88 71 66 35 87 
58 81 71 45 57 
64 84 55 75 63 
22  2 12 64 83 55 
70 49 86 25 24 
49 85 74 46 25 
81 35 88 34 76 
80 34 81 58 95 87 
53  8 31 69 90 
89 31 75 69  1 
92 68  4 39 13 41 
51 37 68 91 41 67 
33 94 11 79 38 
33 49 74 79 93 
80 88 58  2 22 
54 59 65 32 20 97 
20 96 43 32 
61 19  7 99 
26 30  7 98 61 
