15 54 23 60 67 61 
73 42 30 31 88  7 
82 62 16 78 93 22 
 8 17 51 49 29 28 
39 18 59 66 89 44 
47 38  6 17 77 
 8 10 17  5 36 77 
 1 42 30 97 43 19 96 
10  9  6 17 51 87 31  3 
50 10  8 26 31 30 
50 37  9  8  6 36 
91 33 38 35 52 27 57 
43 53 82 21 20 22 
16 40 39 89 15 41 
75 76 46 55 71 49 45 
16 62 13 41 54  0 61 
13 40 15 62 78  2 
 6  5 47  8  3 49 46 
40 39 34  4 44 74 58 
44 59 32  7 43 96 
21 12 63 76 43 75 94 95 
75 45 20 12 22 
 2 82 93 12 21 56 45 
 0 54 60 28 24 25 
70 68 28 23 29 25 83 
23 54 65 24 99 84 83 
50  9 66 59 97 30 
35 11 57 74 58 
23 60 51  3 29 24 
71 49 70  3 28 24 
26 97 31  1  9  7 
 8  9 87 30  1 88 
44 19 43 94 57 58 95 
92 48 91 11 35 64 
40 18 78 86 85 74 
11 33 79 85 27 64 74 
10  6 37 77 72 98 
50 90 10 36 65 99 98 
91 11 47  5 52 77 
13 40 18 89  4 
16 13 39 18 34 78 
89 90 13 15 54 65 
 1 73 53  7 43 
20 12  7 19 32 42 53 95 
19 59  4 18 32 58 
75 21 14 55 80 56 22 
14 76 49 63 47 17 
 5 38 17 52 63 46 
33 92 72 84 83 64 68 
71 29  3 17 46 14 
90 37 66 10  9 26 
 8 87  3 67 60 28 
11 38 47 63 57 94 
73 42 43 81 82 12 
41 15  0 23 65 25 
71 70 69 14 45 80 
86 79 80 45 93 22 
52 11 27 94 32 58 
57 27 74 44 32 18 
26 66 97  4 19 44 96 
23  0 67 51 28 
15 62  0 81 67 73 
15 16 82 81 61  2 
52 47 20 76 46 94 
35 33 79 69 48 68 
41 90 54 37 99 25 
90 50 26 59 89  4 
51 87 60  0 61 73 88 
83 48 64 69 70 24 
55 70 79 64 68 80 
29 71 24 55 69 68 
29 49 70 55 14 
77 36 84 48 92 98 
53 42  1 81 67 61 88 
34 18 85 35 27 58 
21 45 76 20 14 
63 20 14 46 75 
72 92 36 91  6  5 38 
16 40 34  2 86 93 
35 85 86 64 69 56 80 
79 69 56 55 45 
53 73 82 62 61 
53 81 62 12  2 22 
25 84 24 68 48 
48 72 99 25 98 83 
35 79 86 34 74 
34 85 78 79 56 93 
51 67  8 31 88 
31 87  1 67 73 
39 13 90 66  4 41 
50 37 66 89 41 65 
33 92 11 38 77 
33 48 91 72 77 
86 78 56  2 22 
63 20 57 32 52 95 
43 20 94 32 
 7 97 19 59 
59 26 30  7 96 
36 37 99 72 84 
65 37 25 84 98 
