15 60 54 66 59 23 
42  7 30 71 86 31 
61 16 80 76 91 22 
 8 51 49 29 28 17 
44 18 58 65 87 39 
75  6 17 47 38 
75  5 10  8 17 36 
43 19 42 95 30 94  1 
51  3 17 85  9 10  6 31 
10  8 26 50 30 31 
37 50  9  8  6 36 
27 56 89 33 35 52 38 
43 20 53 80 22 21 
40 16 87 41 15 39 
46 49 74 73 45 99 98 
61 60 13 41 54 16  0 
13 40  2 61 15 76 
 6  8  3 49 46  5 47 
44 57 72  4 40 39 34 
44 58  7 43 32 94 
12 21 43 93 62 74 73 92 
22 45 73 12 20 
12 80 55 91 45  2 21 
54 25 24  0 59 28 
23 25 81 29 69 28 67 
54 23 64 97 82 81 24 
 9 50 65 58 95 30 
57 56 35 72 11 
24 29 59 51 23  3 
69 24 28  3 49 98 
 9 26 95  7 31  1 
30  9 85  8 86  1 
43 19 93 44 57 56 92 
90 48 63 35 89 11 
83 72 76 40 18 84 
63 33 72 27 11 83 77 
37 10 70 75 96  6 
10 50 97 96 64 36 88 
47  5 75 89 52 11 
13 40 87  4 18 
13 16 39 18 76 34 
54 64 87 13 88 15 
43 53  7 71  1 
 7 19 32 93 42 53 12 20 
58 19 57 18 32  4 
22 55 73 14 99 21 78 
62 74 14 49 17 47 
62 46 17  5 52 38 
33 90 63 67 81 82 70 
29  3 17 46 14 98 
37 10  9 26 65 88 
85 66 59  8  3 28 
11 56 92 62 47 38 
12 43 80 79 42 71 
23 25 64 41 15  0 
22 91 45 84 77 78 
27 57 32 11 92 52 
27 56 44 18 32 72 
44 19 65 26 95  4 94 
51 66  0 23 28 
61 79 15  0 66 71 
60 79 80  2 16 15 
74 46 20 92 52 47 
35 33 48 67 68 77 
54 25 41 97 37 88 
26 50 58 87 88  4 
85 51 59  0 60 86 71 
69 24 63 48 68 81 
67 69 63 99 77 78 
67 24 29 68 99 98 
82 96 90 75 36 48 
42  1 86 53 79 60 66 
35 27 57 18 83 34 
14 74 45 20 21 
62 46 20 14 73 
89 90 36  6  5 70 38 
 2 91 40 16 34 84 
63 35 83 68 84 55 78 
77 55 68 45 99 
60 61 80 53 71 
61 79  2 53 12 22 
82 25 24 48 67 
70 96 97 25 81 48 
72 35 77 34 84 
55 91 34 83 77 76 
51 66  8 86 31 
85 66 71 31  1 
13 41 88 65  4 39 
37 64 87 65 50 41 
33 90 11 75 38 
33 48 89 75 70 
 2 76 55 22 84 
32 56 93 20 62 52 
32 43 20 92 
58 19 95  7 
58 26 30  7 94 
82 70 97 37 36 
64 25 82 96 37 
14 49 99 29 69 
45 14 68 69 98 78 
