52 14 58 64 57 22 
 7 29 30 84 69 41 
78 21 89 59 74 15 
28 27 49  8 47 16 
63 85 38 17 56 98 
 6 73 16 45 37 
35 10  8 73  5 16 
 1 29 93 41 42 18 92 
 9 10  3 16 30  6 49 83 
25 29  8 10 48 30 
48 36  8  9 35  6 
78 21 20 19 42 51 
40 85 38 39 14 15 
97 96 72 44 43 47 71 
12 40 15 59 52  0 58 
12 39 74 14 59  2 
 6  8  3 47 44  5 45 
33 39 38  4 70 99 55 98 
31 99 42  7 56 92 98 
90 91 20 11 42 60 72 71 
11 21 19 43 71 
11 78 20 53 43 89  2 
23 24 52 57 27  0 
79 24 28 27 65 22 67 
52 62 95 80 79 23 22 
63 48  9 29 93 56 
34 32 70 55 87 54 50 
 3 28 49 57 23 22 
27 23 67 96 47  3 
 1  7 25  9 93 30 
 1 29  9  8 84 83 
42 91 18 99 90 55 54 
46 61 34 26 88 87 
39 17 74 70 81 82 
61 32 26 75 81 70 
10 36 94  6 73 68 
10 48 86 35 94 62 95 
50 87 45  5 73 
39 17 12 85  4 
33 17 74 38 12 15 
86 85 12 62 14 52 
42  7 51  1 69 
41  7 51 11 31 91 18 19 
53 21 20 76 97 13 71 
47 16 60 72 13 45 
16 44  5 60 50 37 
61 32 79 80 65 88 68 
16 44 96 28  3 13 
10 36 63 25  9 86 
 3 27  8 83 64 57 
54 90 87 26 60 45 37 
77 78 11 42 69 41 
62 40 14  0 24 22 
43 21 89 76 75 82 
55 26 90 31 50 
31 99 17 70 26 54 
 4 63 25 93 92 18 98 
49 27 64  0 22 
64  0 77 59 69 14 
78 77 14 15 58  2 
72 44 50 90 19 45 
46 32 75 66 34 65 
86 40 36 52 95 24 
48 25 86 85  4 56 
49 83 84 69 58  0 57 
61 46 79 66 67 23 
75 61 65 67 76 97 
65 66 23 28 96 97 
88 73 94 80 46 35 
84  1 64 58 77 51 41 
33 17 81 34 26 55 
13 43 72 20 19 
60 44 19 13 71 
88 87 68  6 35  5 37 
33 39 15 89  2 82 
61 66 34 81 76 53 82 
43 53 75 66 97 
78 59 58 69 51 
77 59 11 21 51  2 
46 80 65 24 23 
68 94 46 95 24 79 
34 75 33 70 82 
89 53 75 81 74 33 
84 64 49 30  8 
30  1 69 64 83 
40 86 63 12 38  4 
40 85 63 48 36 62 
26 32 88 73 50 37 
46 32 87 73 68 
53 21  2 74 82 
31 91 54 50 19 60 
31 42 90 19 
56 93 18  7 
 7 29 25 56 92 
35 36 80 68 95 
80 94 36 62 24 
28 47 67 97 13 
76 43 66 67 96 13 
56  4 99 17 18 
18 31 55 17 98 
