56 62 22 51 14 57 
82 30 67 41 29  7 
15 58 72 87 76 21 
48 27 28  8 16 46 
96 17 38 83 61 55 
37 71 16  6 98 
 8 16 10 35  5 71 
29  1 91 41 90 18 42 
 6 16 10  9 30 81 48  3 
 8 30 10 47 25 29 
 6  8  9 47 36 35 
50 42 19 76 21 20 
83 38 40 39 15 14 
44 46 69 43 94 70 95 
51 40  0 12 15 58 57 
39 12 72 14 58  2 
46  3 44  8  6  5 98 
 4 96 97 38 54 68 39 33 
31 42 96 97 55 90  7 
89 42 11 88 59 20 69 70 
21 43 69 11 19 
52 43 11 76 20 87  2 
51 24 23  0 56 27 
77 24 63 65 27 28 22 
77 23 60 51 22 93 78 
47  9 29 61 91 55 
68 54 32 34 85 53 49 
48  3 56 28 23 22 
23 27  3 46 65 94 
 1 30  9 25 91  7 
82  1  9  8 29 81 
54 97 89 42 18 88 53 
45 64 73 34 26 85 86 
39 17 68 79 72 80 
73 79 32 26 68 
10 36  6 92 71 66 
10 47 84 60 35 92 93 
85 71  5 49 99 98 
 4 17 83 12 39 
38 17 12 15 33 72 
83 12 84 60 51 14 
67  1 50 42  7 
89 19 31 18 11 41 50  7 
52 74 21 13 69 20 95 
46 16 13 70 59 99 98 
32 64 78 77 66 63 86 
 3 16 28 44 13 94 
10 36 84  9 25 61 
 3 27 56 62 81  8 
88 59 53 37 85 26 99 
11 42 76 41 67 75 
60 24 40 22  0 14 
74 43 73 21 87 80 
54 31 88 26 49 
31 97 17 68 26 53 
91 90 61  4 25 96 18 
48 62 27  0 22 
75 58 14  0 62 67 
76 75 14 15  2 57 
88 19 70 44 49 99 
40 84 36 51 24 93 
83 84 47 25  4 55 
67 82 48 56  0 81 57 
77 23 65 64 45 
32 45 73 74 63 65 95 
28 23 63 64 94 95 
78 92 35 71 45 86 
82  1 62 41 50 75 57 
54 26 17 34 79 33 
13 43 20 19 70 
44 59 19 69 13 
35 66 85 37  5 86  6 
39 15 33 80 87  2 
32 64 74 52 34 79 80 
52 43 73 64 95 
67 50 76 58 57 
11 50 21 75 58  2 
24 23 63 78 45 
93 92 77 24 66 45 
34 73 68 33 80 
33 79 72 87 52 73 
82 62 48 30  8 
 1 30 67 62 81 
38 12  4 40 84 61 
83 40 47 36 61 60 
32 26 37 71 86 49 
32 45 66 85 71 
21 52 80 72  2 
89 19 59 31 53 49 
42 19 31 88 
55 91 18  7 
29 25 55 90  7 
35 36 93 78 66 
60 24 36 92 78 
65 28 13 46 95 
94 65 74 64 43 13 
 4 17 97 18 55 
96 17 31 54 18 
37  5 99 16 44 
44 59 49 37 98 
