56 13 61 55 21 50 
29 80 28  7 40 66 
38 85 20 14 57 74 
15 45 47 26 27  8 
81 60 37 16 94 54 
96 36 15  6 70 
 5 70 15  8 98 34 
28  1 89 88 40 41 17 
98  9  6 15 47 79 29  3 
24 46 98  8 29 28 99 
18 41 19 20 74 49 
14 38 37 81 13 39 
68 42 45 43 93 69 92 
14 57 11 39 56  0 50 
11 38  2 57 13 
45  3 43  5 96  6  8 
53 67 32 38 37  4 94 95 
30 41  7 88 95 94 54 
68 69 19 41 10 58 86 87 
18 10 20 68 42 
 2 85 19 10 51 74 42 
22 26 23 55  0 50 
21 26 27 64 75 62 23 
91 76 75 59 22 21 50 
46 60  9 28 89 54 
53 67 52 48 33 31 83 
47  3 27 22 21 55 
22 26  3 64 45 92 
 1  7 89 29 24  9 
80  1 79  8  9 28 
52 86 95 53 87 41 17 
71 63 44 84 33 25 83 
38 85 67 16 78 77 
25 31 77 71 67 
 6 70 98 90 35 65 99 
46 82 90 34 91 99 59 
48 97 96  5 83 70 
38 16 11 81  4 
 2 85 32 16 14 11 37 
13 11 81 82 59 50 
41  7 49  1 66 
40  7 49 10 18 87 30 17 
19 20 51 68 12 72 93 
69 12 45 15 96 97 58 
62 63 31 76 65 84 75 
27  3 43 12 15 92 
82 35 60 24  9 99 
 3 26 61 79  8 55 
52 86 97 36 25 58 83 
74 73 66 40 10 41 
21  0 39 13 23 59 
20 85 78 71 42 72 
48 86 30 53 25 
67 16 95 30 52 25 
88 89 24 60  4 94 17 
47 26 61 21  0 
13 57  0 73 61 66 
14  2 74 73 13 56 
48 86 97 18 69 43 
91 23 39 82 35 50 
82 46 24 81  4 54 
66 80 79 47 56  0 55 
44 63 64 22 75 
44 62 72 71 31 64 93 
62 22 27 63 93 92 
76 44 84 90 70 34 
40  1 80 49 73 61 56 
53 16 32 77 25 33 
19 18 42 12 69 
12 43 68 18 58 
 6  5 36 84 65 83 34 
51 78 72 63 77 31 33 
71 63 51 42 93 
74 57 49 66 56 
 2 57 73 20 10 49 
44 76 62 23 22 
65 90 44 91 23 75 
32 67 78 71 33 
32 85 51 71 77 
80 61 47  8 29 
79 61 29  1 66 
82 60 37 11  4 39 
46 35 60 81 39 59 
48 36 25 84 31 70 
44 65 31 83 70 
 2 38 20 32 51 78 
48 52 30 58 18 87 
30 86 41 18 
89  7 54 17 
28  7 24 88 54 
34 35 65 76 91 
90 76 23 35 59 
64 27 93 45 12 
72 63 64 42 12 92 
 4 16 95 54 17 
53 16 94 30 17 
 5 36 97 15 43 
48 36 96 43 58 
 8  9  6 34 99 
34 35 98 46  9 
