87 46 82  6 56 55 
17 52 10 11 55 59 
 9 35 73 43 42 97 
42 34 37 91 60 
25 26 56 29 32  6 
13 18 93 23  8 95 94 
32 31  4  0 46 56 
22 11 10 36 35 73 
23  5 67 94 79 
76 83 54 97 35  2 
 1 11  7 17 49 36 
 7 22 21 59 10  1 
45 17 25 84 63 51 
 5 18 40 29 93 92 31 32 
36 76 28 15 48 83 
53 54 88 83 89 19 28 14 
40 29 44 26 61 85 66 
 1 52 45 49 10 25 12 
13  5 40 30 23 
89 15 57 28 98 99 
24 67 59 55 82 81 68 
59 11 24 22 30 64 
 7 11 21 64 61 73 
24 30 18  5  8 67 
23 30 67 20 59 21 
17 52 26 84 12 56  4 
16 29 25 84 85  4 
69 96 95 33 94 34 
19 15 14 98 47 48 
40 16 13 26 32  4 
40 18 23 24 44 21 64 
92 13 32  6 46 41 
13 29 31  4  6 
95 78 27 34 37 72 
33 27  3 42 96 37 
 7 36 76  9 73  2 
14 76 10 49  7 35 48 
 3 91 34 33 38 71 72 
62 91 37 98 71 99 
68 80 53 88 86 87 81 
18 30 16 29 13 44 
31 46 92 77 50 
96 34 97  3 43  2 60 
73  2 42 60 75 65 
40 30 16 61 64 
17 49 12 48 47 63 
 0 87 86  6 31 41 50 
98 62 28 48 45 63 
36 49 14 45 47 28 
17 45 10 36 48 
72 77 58 41 86 46 57 
90 74 63 85 84 12 66 
17  1 25 56 55 
54 15 88 39 80 70 
15 83  9 97 96 69 53 70 
56  0 82 52  1 20 59 
25 52  4  6  0 55 
89 19 86 99 58 50 
99 57 71 72 50 
24 20 55 21 11  1 
43 42  3 75 91 74 90 
44 16 64 22 66 73 65 
98 47 38 63 90 91 
12 45 47 62 90 51 
21 22 61 44 30 
43 75 73 61 66 
61 16 85 74 75 51 65 
24 20 23  8 68 79 
39 81 67 20 80 79 
27 96 54 94 70 
80 53 54 69 94 79 
38 37 99 72 58 
37 33 71 78 77 58 50 
61 22  7 35  2 43 65 
66 75 60 90 51 
74 66 43 60 65 
35 36  9 83 14 
92 78 41 72 50 
95 93 92 33 77 72 
68 67 80  8 70 94 
68 39 53 70 79 
39 87 82 68 20 
87  0 55 20 81 
 9 76 14 15 54 
25 26 85 12 51 
26 16 84 66 51 
87 46 39 88 89 57 50 
 0 46 86 39 82 81 
53 15 39 86 89 
88 15 19 86 57 
63 62 91 60 74 51 
38 37  3 90 62 60 
93 13 31 78 41 77 
 5 13 95 78 92 
69 27 95  5  8 70 79 
93 78  5 33 27 94 
97 42 69 27 54 34 
 2 42 96  9 54 
47 62 38 28 19 99 
57 19 98 38 71 58 
