51 55 12 45 50 20 
37  6 25 72 59 26 
14 41 97  7 42 99 
15 34 86 49 73 
14  5 62 33 88 
62 31  4 14  7 90 
81 25 80 16 37 38  1 
26 71  8 42  2 14  5 90 
26 25  7 91 90 23 
44 66 19 18 38 17 
12 36 73 34 35 13 
84 85 41 93 39 94 61 
45 36  0 51 10 52 13 
10 35 77 12 52 66 
 4  5  2  7 41 88 39 
35 34 86 87 60 29  3 48 
 6 80 79 27 87 38 
18  9 38 79 78 95 61 53 
19 92  9 17 95 94 
18 92 77 66  9 46 
21 98 50 22 45  0 
22 67 57 20 98 96 
54 45 83 68 67 21 20 
32 74 91 81 49  8 25 
30 60 48 47 43 75 28 
 6 81  8 26  1 23 
72 71  8 25  7  1 
16 79 87 48 47 78 
30 63 40 76 75 24 
69 60 15 35 70 77 
69 60 63 24 28 
58 62 82  5 32 91 90 
82 31 83 54 74 91 23 
43 75 89 62  4 88 
15 35  3 73 10 
15 34 29 77 10 13 
12 45 54 10 73 74 
44 59 38  6  1 
44  9 37 16 79  6 17 
11 61 41 88 89 14 53 
68 67 28 63 76 56 58 
 2 14 11 84 97 39 
71 55  7 50 99  2 
24 75 47 33 89 78 53 
 9 66 65 38 59 37 
12 36  0 54 22 20 
64 92 19 63 70 77 
48 27 24 43 78 
60 15 87 27 47 24 
81 80 86  3 73 74 23 
 0 55 42 20 98 99 
 0 55 12 52 65 59 
12 51 65 66 13 
17 61 78 89 43 39 
45 36 22 83 74 32 
71 42  0 51 50 59 72 
64 63 40 57 67 
64 85 21 67 96 84 56 
40 68 76 82 31 62 
65 44 51 55 37  1 72 
30 69 29 15 48 24 
94 11 95 17 53 39 
33  4 58 31 76  5 75 
69 70 30 46 64 28 40 56 
93 85 92 57 46 63 56 
44 66 52 51 59 
 9 44 77 19 65 52 13 
68 22 40 21 57 56 
40 67 58 22 83 82 
63 70 30 60 29 
69 63 29 77 46 
72 26  7 55 42 
26 71  1 59 55 
 3 34 49 10 36 74 
73 49 36 54 32 23 
24 43 76 28 33 62 
28 40 75 58 62 
29 70 35 19 66 46 13 
17 79 43 47 27 53 
16 27 38 17 78 
49 81  6 86 87 16 
49 80  6 25 23 
58 31 68 83 32 
54 22 68 82 32 
11 85 41 97 96 57 
84 11 93 64 57 
49 80 87 15  3 
86 80 15 16 27 48 
14  4 33 89 39 
33 43 53 88 39 
 5 31 91  8  7 
32 31 90  8 23 
18 19 64 93 46 94 
64 85 92 11 94 
93 11 92 18 95 61 
17 18 94 61 
97 84 99 57 21 98 
84 41 96  2 99 
21 20 50 99 96 
50 42 98 96 97  2 
