44 11 50 53 49 19 
53 57 69 24  6 36 25 
40 13 93  7 41 95 
70 33 48 14 82 
32 60 84 13  5 
13  4  7 60 30 86 
24  1 36 37 15 77 78 
13  2  5 25  8 69 41 86 
22 87 24 25  7 86 
64 18 17 16 37 43 
90 59 38 81 99 40 89 
12 51 44 35 96 50 97  0 
34 74 64 51 11 97 
84 38  4  5 40  2  7 
58 28 34 33  3 82 83 47 
37  6 76 77 83 26 
37  9 17 91 76 59 52 75 
 9 18 88 16 91 90 
 9 64 74 45 17 88 
44 21 20 94  0 49 
21 65 55 92 94 19 
20 65 66 80 44 19 
31 71 87  8 24 48 78 
72 42 29 58 27 46 47 
22  8  1  6 25 78 
 1 69 24  8  7 
75 76 46 15 83 47 
39 61 73 72 29 23 
58 14 67 74 34 68 
58 67 27 61 23 
31 79 56 60 87  5 86 
30 79 22 71 87 80 
 4 60 72 42 84 85 
34 14 96 70 97  3 
74 28 14 33 12 97 
70 71 80 11 44 96 
 1 57  6 43 37 
16  9 43 36  6 76 15 
84 13 85 52 40 10 59 
73 56 27 61 66 65 54 
93  2 81 10 38 13 
53 49 69  7  2 95 
32 72 52 85 23 75 46 
63 57 37  9 64 36 
11 35 80 21  0 19 
74 18 62 61 68 88 
23 42 75 47 26 
23 58 46 14 83 26 
22 71 70 78 77  3 82 
53 41  0 95 94 19 
11 51 63 53 57  0 
12 64 11 63 50 
85 42 38 59 16 75 
41 49 69  1 57 50  0 
65 39 55 62 61 
92 20 81 65 98 62 54 
73 60 39 79 66 30 
 1 53 63 43 50 36 
28 14 67 29 23 47 
52 38 10 16 91 90 
73 56 32  4 72 30  5 
27 39 29 67 62 45 68 54 
45 61 88 98 55 89 54 
64 51 43 57 50 
 9 18 74 12 51 63 43 
55 20 21 66 39 54 
21 65 56 79 39 80 
58 28 29 61 68 
74 28 45 67 61 
53  1 25  7 41 
35 71 96 33 48  3 
31 22 70 35 80 48 
73 60 32 27 42 23 
60 56 39 27 72 
64 18 45 34 28 68 12 
52 16 76 42 46 26 
37 16 75 15 26 
15  6 83 48 78 82 
24 22 48 77  6 
30 31 56 66 80 
35 71 66 79 21 31 44 
55 92 93 40 98 99 10 
48 77  3 83 14 
77 15 82 14 47 26 
 4 32 38 13 85 
52 42 32 84 38 
87 30  5  8  7 
30 31 22  8 86 
62 45 18 17 89 90 
88 62 98 99 90 10 
17 91 88 89 59 10 
16 17 59 90 
55 20 81 94 95 93 
92 95  2 40 81 
92 20 95 49 19 
 2 93 92 94 41 49 
11 35 70 33 97 
12 11 96 34 33 
62 55 81 99 89 
98 81 89 10 
