11 50 44 19 49 53 
 6 24 25 68 53 57 36 
40 13 91 93  7 41 
69 48 81 14 33 
83 32 60  5 13 
 4 60 13 30 85  7 
24  1 77 76 15 37 36 
68 25 85  8  5 13  2 41 
24 22 25 86 85  7 
37 43 16 17 99 18 
80 97 88 89 59 38 40 
94 35 44  0 50 95 51 
95 34 51 98 73 
38 40 83  4  5  2  7 
 3 81 47 58 82 33 34 28 
 6 76 75 26 82 37 
52 59 74 75 89 17  9 37 
87 89 16  9 18 
 9 17 99 87 98 45 73 
44 21  0 49 20 92 
64 21 19 92 90 55 
64 65 79 44 19 20 
48 70 31  8 24 77 86 
58 47 27 29 71 42 46 
 8 22  6  1 77 25 
24  8  1 68  7 
47 82 75 74 46 15 
39 61 72 29 23 71 
73 34 67 66 58 14 
27 23 58 66 61 
60 56  5 85 78 31 86 
70 22 79 78 30 86 
42 84 83 71 60  4 
 3 14 69 94 34 95 
33 14 12 95 73 28 
70 69 94 11 79 44 
37  6 43 57  1 
75 16  9 15  6 43 36 
13 40 83 10 59 84 52 
56 65 72 27 61 54 64 
38 13 80 91  2 10 
 7 68  2 93 49 53 
52 84 32 71 23 74 46 
 9 37 36 57 99 63 
11 35 79 21  0 19 
62 61 87 18 67 73 
74 26 42 47 23 
58 23 14 82 26 46 
69  3 70 22 81 76 77 
19  0 93 41 53 92 
 0 11 57 53 63 51 
12 98 63 95 11 50 
16 59 42 84 74 38 
57 50  0 49 41 68  1 
39 61 62 64 55 
90 20 64 54 62 96 80 
39 65 72 60 78 30 
53 50  1 36 43 63 
47 23 14 29 66 28 
52 16 10 38 89 
56 72 71 32  4  5 30 
27 39 54 66 29 62 45 67 
54 61 88 96 87 45 55 
99 98 43 57 50 51 
39 65 54 21 20 55 
64 21 79 39 56 78 
58 29 61 67 28 
66 61 45 73 28 
25  1 53  7 41 
70 35 48  3 94 33 
69 35 48 22 31 79 
27 23 72 42 32 60 
56 39 27 60 71 
12 98 18 34 45 67 28 
42 52 75 26 16 46 
74 26 16 15 37 
81 48 82 77  6 15 
48 76  6 24 22 
30 56 31 65 79 
65 21 70 35 31 44 78 
97 96 55 90 91 40 10 
 3 14 48 76 82 
81 76 47 26 14 15 
32 84 38 13  4 
42 52 32 83 38 
30  5 86  8  7 
30 85 31 22  8 
17 89 88 62 45 18 
87 89 62 96 97 10 
17 87 16 59 88 10 
91 92 20 55 80 
93 92  2 90 80 40 
19 49 93 20 90 91 
49 41  2 92 91 
69 35 11 33 95 
94 11 12 34 33 51 
88 62 97 55 80 
88 96 80 10 
99 63 18 51 12 73 
 9 43 63 98 18 
