43 10 18 48 52 49 
35 56 67 24 23 52  5 
98 99 89  6 12 39 40 
59  4 12 81 31 
 6 12 83 29 59  3 
35 36 14 75 23 74  1 
 7 24 83 67 40  4 12  2 
84 21 83  6 24 23 
15 36 42 16 96 17 
86 87 94 58 78 39 37 
92 50 91 34 43  0 49 
72 95 50 92 33 
 6  2  4 81 37 39  3 
57 27 32 79 46 33 80 
36 25 80 74  5 
 8 36 16 87 58 51 73 
15 87  8 17 85 
72 95 96 16  8 44 85 
43  0 20 48 90 19 
20 63 88 90 18 54 
43 77 18 64 63 19 
84  7 23 75 30 69 47 
46 57 45 41 28 26 70 
 7 21 24  1 75  5 
 7  6 67 23  1 
36 73 45 46 80 14 
28 22 70 71 38 60 
57 13 72 33 65 66 
22 57 65 26 60 
76 55 59 30 84  4 83 
84 21 69 77 76 29 
70 41 59 82 81  3 
79 68 13 91 92 33 
72 27 11 13 32 92 
91 68 10 43 77 69 
42 56 36  1  5 
 8 15 35 42 73 25 14  5 
51 58 12 81 39  9 82 
64 55 63 53 71 26 60 
78 89  9 37  2 12 
52 67  6 48  2 98 
73 51 22 45 70 31 82 
 8 36 62 56 96 35 
34 77 10  0 18 20 
17 72 60 61 85 66 
22 41 46 25 73 
22 57 13 45 25 80 
75 21 69 68 79 74 
 0 52 40 18 90 97 99 98 
 0 52 56 62 50 10 
92 10 11 95 62 49 
58 37 15 73 41 82 
40 67 48  0 49 56  1 
63 54 38 61 60 
63 19 53 88 61 78 93 
64 38 71 59 29 76 
62 42 35 52 49  1 
27 13 46 22 65 28 
51 37 15 87  9 
 4 29 55 71 70 31  3 
61 53 38 26 28 65 44 66 
53 54 93 86 60 44 85 
50 95 42 56 96 49 
19 54 53 20 64 38 
20 63 76 55 77 38 
57 27 28 60 66 
60 65 44 72 27 
 6 24 40  1 52 
79 32 91 34 69 47 
34 68 77 30 21 47 
22 26 41 31 71 59 
70 26 38 55 59 
11 95 17 33 27 44 66 
36 25 15 51 41 45 
47 79 75 80 14  5 
23 21 47 74  5 
30 77 29 55 64 
34 43 69 20 30 76 64 
 9 94 88 89 39 54 93 
32 68 13 47 74 80 
46 25 74 79 13 14 
12 37 82 31  3 
51 37 81 31 41 
 7 84  6  4 29 
 7 21 83 30 29 
61 86 44 17 16 87 
 9 87 94 93 61 85 
15 16 86  9 58 85 
89 97 90 19 54 78 
88 97 99 78 39  2 
48 18 88 19 97 
34 68 32 92 10 
50 10 11 91 32 33 
86 94 61 54 78 
 9 86 78 93 
11 72 50 62 96 17 
42  8 62 95 17 
88 90 48 99 89 
 2 99 40 48 
97 48 98  2 89 
