47 10 41 18 46 50 
23 64 22  5 34 50 54 
 6 12 38 37 93 85 
57  4 30 12 77 
 6 12 28 57 79  3 
71 14 72 22  1 34 35 
 4 12 23  7 64  2 79 38 
 6 23 22 98 80 79 
40 35 15 16 92 17 
83 82 56 77 37 90 74 
41 33 47 48 88  0 87 
88 48 91 32 69 
77 37  2  6  4  3 
55 26 75 76 32 31 44 
76 71 24  5 35 
49 70 35  8 16 83 56 
81 83 15  8 17 
 8 16 92 81 42 69 91 
20 41 19  0 46 86 
18 20 61 52 86 84 
73 62 41 18 61 19 
39 67 27 55 44 25 43 
23  7 72 98  5  1 
 6  7 64 22  1 
76 14 44 35 70 43 
36 68 67 21 27 58 
55 13 69 32 96 63 
21 55 96 97 25 58 
53 57 95  4 29 80 79 
66 99 73 95 80 28 
39 67 57  3 77 78 
88 32 65 75 13 87 
69 26 13 88 31 11 
41 73 10 66 65 87 
 5  1 35 40 54 
24 14 70  5 34 40  8 15 
62 53 61 68 51 25 58 
12 77  2 85 74  9 
46 50 94 64  6  2 93 
30 67 21 70 49 43 78 
34 35  8 54 92 60 
73 33 20 10 18  0 
63 69 17 81 58 59 
44 24 70 39 21 
24 76 55 13 21 43 
65 75 71 72 66 99 98 
38 50 94 18  0 86 
10 48  0 50 54 60 
47 10 88 60 91 11 
70 39 15 56 78 
38 46 64  0 47 54  1 
36 61 52 89 58 59 
19 61 51 89 84 74 
68 57 28 62 36 95 
34 40 47 50  1 60 
26 13 21 27 96 44 
 9 77 83 49 15 78 
30 67 68 53  3  4 28 
42 63 97 36 51 25 27 59 
58 42 89 82 51 81 
47 48 54 91 92 40 
62 20 36 51 19 52 
73 20 95 53 61 36 
69 26 96 97 42 58 
23  6 38  1 50 
45 75 66 33 31 87 
29 99 45 65 33 73 
39 30 21 57 68 25 
57 67 53 36 25 
32 26 63 42 17 91 11 
49 39 24 35 43 15 
45 75 76 14 72  5 
71 45 98 22  5 
41 33 20 62 66 29 95 
90  9 37 85 84 52 89 
76 13 65 45 71 31 
75 13 71 14 24 44 
12 37  3 30  9 56 78 
30 39 49 77 56 
80  7  6  4 28 
29 99 98  7 28 79 
83 82 16 17 42 59 
83 81  9 90 89 59 
81 82 16  9 56 15 
74 52 85 19 86 94 
93  2 37 94 84 74 
19 18 46 94 84 
31 65 88 33 10 
10 48 31 32 87 11 
90 82 52 51 74 59 
 9 82 89 74 
17 69 92 60 48 11 
 8 40 17 91 60 
85 94  2 38 
46 38 86 85 84 93 
73 62 29 53 28 
55 26 27 63 97 
96 27 63 58 
72 22  7 45 99 80 
66 29 45 80 98 
