85 45 80  5 55 54 
41 42 71 34  8 95 
89 59 36 33 41 
25 28 31  5 24 55 
22  7 17 91 93 12 92 
31 30  3 55 45  0 
 9 35 10 34 21 71 
22  4 65 77 92 
34  1 74 81 53 95 
16 48 51 58  6 10 35 
 9 58 20 21  6 
82 24 50 16 44 62 
31 30 90 39 17 91 28  4 
74 81 14 35 47 27 
52 53 86 87 18 81 13 27 
60 43 99 39 28 25 83 98 
 9 48 11 24 44 51 
 4 22 29 39 12 
87 14 97 96 56 27 
54 58 80 79 65 66 23 
10 21 58 63 29 23 
71 60 20 10  6 63 
 4  7 17 29 65 23 
65 19 58 20 22 29 
25  3 55 82 11 16 51 
 3 28 24 83 82 15 
93 32 33 94 92 67 
13 47 14 46 96 18 
25  3 31 12 39 15 
22 17 39 43 63 20 23 
31  5 40 90 12 45 
 3 28  5 30 12 
93 76 26 33 36 70 
32 26 41  2 36 94 
71  1  6 35  8 74 
47 48  9  6 34 74 13 
37 69 33  2 32 89 70 
36 69 61 96 89 97 
66 78 52 86 84 79 85 
29 43 17 12 28 15 
90 30 45 75 49 
 2 59 42 33  1 95 94 
41 59  1 71 64 73 
39 29 60 15 63 
16 48 11 47 62 46 
 5 30 40 85 84 49  0 
27 47 44 96 61 62 
44 48 35 13 27 46 
 9 16 44 47 35 
75 70 57 40 45 84 56 
82 83 11 72 88 62 98 
55 24 16  9 58 54 
38 78 68 53 14 86 
81  8 68 52 14 67 94 95 
19 58 80 51 55  0 
 5  3 24 51 54  0 
87 84 97 57 18 49 
97 69 56 70 49 
20 23 19 51  9 10 54 
 2 89 88 72 41 42 73 
99 64 71 21 15 43 63 
89 37 88 62 96 46 
11 44 50 88 61 46 
20 21 60 43 29 
99 60 71 42 73 
22  7 77 66 19 23 
65 19 79 77 78 38 
94 26 92 68 53 
78 52 53 77 92 67 
37 36 70 97 57 
32 76 36 69 75 57 49 
60 64 21 42  1 34  6 
88 50 59 73 98 
99 64 42 59 72 98 
 8 34 13 35 81 
70 76 90 40 49 
32 93 91 90 70 75 
65  7 68 78 92 66 
38 52 68 77 66 
66 38 19 80 85 
79 19 85 54  0 
53  8 74 13 14 
83 25 24 11 50 
82 25 50 15 98 
87 56 86 38 45 85 49 
45 84 79 80 38  0 
52 14 87 38 84 
56 84 86 14 18 
89 61 72 50 59 62 
61 37  2 59 36 88 
40 30 91 76 12 75 
93  4 76 90 12 
93 26 77 68  7  4 67 
32 76 26 91  4 92 
33 26 41 67 53 95 
53  8 94  1 41 
61 37 97 46 18 27 
37 96 69 57 56 18 
72 50 83 73 99 15 
60 64 73 15 98 
