10 46 40 17 45 49 
53 49 63 22 21  5 33 
 6 11 36 83 90 37 
75 11 29  4 56 
 3 11  6 77 56 27 
13 34  1 21 70 69 33 
 4 11 77  7  2 63 22 37 
94 21  6 77 22 78 
89 16 15 39 34 14 
81 55 80 87 75 36 72 
32 84 40 85 47 46  0 
 4  3  6  2 36 75 
30 73 31 25 74 43 54 
34 23 74 69  5 
48 68 34 55  8 15 81 
16 79  8 81 14 
89  8 15 79 41 67 88 
19 40  0 45 18 82 91 
17 19 82 60 51 
60 61 71 40 17 18 
38 42 43 97 24 26 54 
94  7 70 22  1  5 
63  6  7 21  1 
43 42 68 34 74 13 
35 57 66 20 97 26 
93 62 67 31 12 54 
20 24 57 93 54 
56  4 77 78 52 92 28 
71 92 65 95 78 27 
38 96 76 75  3 56 
73 12 85 84 64 31 
85 30 12 25 67 98 
10 84 40 64 65 71 
39 34  5  1 53 
68 14 23  8 13 39  5 33 
24 57 61 60 66 50 52 
75  9 72 83  2 11 
 6 63  2 49 45 90 
48 42 76 29 96 20 97 
 8 34 89 59 53 33 
32 10 71 19 17  0 
16 79 62 57 67 58 
48 38 43 23 68 20 
23 42 20 74 12 54 
64 65 73 95 94 70 69 
17  0 49 91 37 90 
10 47  0 53 49 59 
85 99 10 46 88 59 
38 42 76 68 14 55 
53 46  0 45  1 63 37 
51 60 35 57 86 58 
18 82 60 50 72 86 
61 35 66 92 27 56 
49 46  1 59 39 33 
20 43 26 93 25 12 
75 76 48 14 81  9 
66 96 29  3  4 27 52 
62 93 24 35 41 50 26 58 
86 80 41 79 57 50 
39 89 53 88 47 46 
18 19 51 35 61 50 
52 92 35 60 19 71 
93 57 25 41 67 
 1 49 22  6 37 
32 84 65 44 30 73 
64 32 44 95 71 28 
35 24 97 96 56 52 
25 62 41 16 31 98 88 
23 42 48 14 34 
13 74 73 44 70  5 
94 21 44 69  5 
32 40 19 65 61 92 28 
51 82  9 87 36 86 83 
30 12 64 44 74 69 
43 23 73 12 13 69 
 3 11 29 76 55 36  9 
38 48 29 75 55 
 4  6  7 78 27 
 7 77 94 95 28 27 
15 16 81 41 80 58 
81 79  9 87 86 58 
15 79 80  9 55 14 
83 72 51 18 17 91 
36 72  2 82 91 90 
30 85 10 32 64 
30 84 10 31 47 99 98 
50 51 72 87 80 58 
 9 80 72 86 
47 99 98 67 89 16 59 
16  8 39 88 59 
91 45 37  2 83 
17 45 82 83 90 
61 52 71 28 27 
62 57 25 26 54 
 7 21 95 44 70 78 
65 44 94 78 28 
38 29 66 97 56 
20 24 66 96 38 
31 67 85 99 88 
47 85 98 88 
