10 40 46 49 45 17 
22 21 63 53 49  5 33 
36 11 81 88 37  6 
 4 11 56 74 29 
 3 11 56  6 75 27 
69 21  1 68 13 34 33 
 2 11  7 75 22 37  4 63 
76 75 22 21  6 92 
14 34 15 16 87 39 
79 55 78 85 74 36 71 
40 32 47 83 46 82  0 
 4  3 36  2 74  6 
30 72 31 43 54 25 73 
23 34 73 68  5 
67 34 48  8 15 55 79 
14  8 16 77 79 
15 77  8 87 41 66 86 
80 18 19 40  0 45 89 
80 51 17 19 60 
70 61 40 17 18 60 
24 95 43 42 54 38 26 
22  1  7 92 69  5 
 1 21 63  7  6 
34 67 13 42 73 43 
65 95 35 57 20 26 
66 31 62 12 54 91 
57 24 91 20 54 
 4 75 56 76 90 52 
70 32 64 93 90 76 
94 38 99 56  3 98 74 
83 31 72 12 64 82 
83 30 12 25 66 97 96 
10 40 70 82 64 28 
39 34  5  1 53 
67 14  8 39 23 13  5 33 
65 24 57 50 52 61 60 
74  9 71 81  2 11 
45 49 63 88  2  6 
20 95 42 48 94 99 29 
 8 34 59 87 53 33 
10 32 70 19  0 17 
16 77 66 62 57 58 
20 43 67 48 38 23 
54 12 20 42 73 23 
64 72 93 92 69 68 
 0 49 37 88 17 89 
47 59 10 53 49  0 
59 46 10 83 86 97 
67 14 42 38 55 99 
53  1 46 63  0 45 37 
57 35 60 58 51 84 
60 50 71 80 84 18 
56 27 65 35 61 90 
39 59 49  1 46 33 
43 12 20 25 91 26 
48 14 99 98 74  9 79 
 4 27  3 52 65 94 29 
41 62 35 24 50 58 91 26 
41 77 57 50 78 84 
39 87 47 46 53 86 
61 19 35 50 51 18 
52 90 35 70 19 60 
41 66 57 25 91 
37 49  1 22  6 
30 72 82 32 28 93 44 
24 95 56 52 35 94 
41 62 16 25 31 86 96 
34 14 48 42 23 
13 73 44 69 72  5 
92 21 44 68  5 
40 32 61 90 28 19 
51 80 81 36  9 85 84 
30 12 73 64 44 68 
72 12 43 13 23 68 
 9 36 55 98  3 11 29 
 7 76  6  4 27 
28 90 93  7 75 27 92 
15 16 79 41 58 78 
79 77 58  9 85 84 
15 77 14 55 78  9 
51 18 71 81 17 89 
36 71 80  2 88 89 
10 32 83 64 30 
30 31 47 10 82 97 
78 85 58 71 51 50 
 9 78 71 84 
59 87 47 16 66 97 96 
16  8 39 59 86 
45 37  2 81 89 
17 80 81 88 45 
61 52 70 28 76 27 
57 62 25 54 26 
76 93  7 21 69 44 
64 28 76 44 92 
65 95 56 38 29 
65 24 20 38 94 
86 66 97 31 
47 83 86 31 96 
99 55 74 29 
38 48 55 98 29 
