46 43 42 10 38 17 
50 31  5 21 46 58 22 
 6 11 76 83 34 35 
27 52  4 99 11 69 
 3 52 25 70 11  6 
 1 31 21 13 63 64 32 
 7 70 22 58  2 11 35  4 
 6 70 87 21 22 71 
37 32 14 82 15 16 
80 73 66 34 69 97 74 
 0 43 38 44 78 77 30 
69 34  3  2  6  4 
41 51 68 67 29 28 23 
63  5 68 95 94 32 
62 45 15 74 32 96  8 
74 14 72  8 16 
72 39 82 81 15  8 61 
19 38 18  0 75 84 42 
75 48 17 19 56 
49 85 65 38 17 18 56 
41 51 40 36 90 24 
 1  5 87  7 22 64 
 7 21  1 58  6 
61 29 57 51 12 86 
53 33 60 90 20 51 86 
49 85 52  4 70 71 
65 85 71 88 30 59 
52 89 36  3 99 93 
29 12 67 78 77 59 
91 78 28 12 61 23 
65 26 38 10 77 59 
50 37  1  5 32 
31  5 13 37 94 62 14  8 
49 56 47 60 53 24 
11  2 76 66  9 69 
46 58 42  6 83  2 
20 40 90 27 89 93 
32 31 82 55 50  8 
10  0 19 65 17 30 
54 53 72 57 16 61 
41 95 20 36 62 45 93 94 
51 12 20 95 40 68 
46 35  0 83 84 17 
55 50 46  0 10 44 
10 43 55 81 92 78 
62 40 93 96 14 
35 58 42 50 43  0  1 
33 56 53 48 79 54 
47 79 18 75 56 66 
33 56 19 60 52 85 25 
55 43 37 31 46  1 
41 12 20 24 86 23 
27 89  3  4 60 49 25 
47 33 24 54 39 86 57 
47 79 53 39 73 72 
82 81 50 43 37 44 
33 49 19 47 18 48 
39 53 86 61 23 
46  1 22  6 35 
26 88 28 77 30 67 
49 33 90 89 52 24 
91 29 57 39 16 81 23 
45 40 94 32 14 
13  5 64 68 67 
21  5 63 87 88 67 
19 38 26 85 30 
80 79 48 75 76 34  9 
68 12 63 64 88 28 59 
13 95 63 41 12 67 
34 11 97 98 99  3  9 
 6  7 25  4 71 
26 88 87 85  7 70 25 
74 73 15 54 39 16 
79 80 54  9 74 72 
 9 73 97 14 15 72 96 
66 48 76 84 18 17 
66 34 75 84 83  2 
78 10 28 30 59 
91 92 29 44 10 77 28 
80 73 66 47 48 54 
79 73 66  9 
82 55 44 92 91 16 61 
55 81 37  8 16 
42 84 35 76  2 
76 75 42 83 17 
49 25 19 26 65 71 
24 51 53 57 23 
 7 21 64 88 71 
87 64 67 26 71 59 
27 52 36 90 60 
36 20 89 60 24 
92 81 78 29 61 
44 81 91 78 
96 98 45 36 27 40 99 
13 95 40 62 32 
41 40 68 13 94 
97 98 74 93 45 14 
96 98 69 74  9 
96 97 69 99 93 
69 98  3 27 93 
