98 17 37 10 41 99 44 
48 31  5 21 22 44 56 
33 11 74 81  6 34 
 4 11 50 67 97 27 
 3 11 50 68 25  6 
 1 31 21 62 61 13 
 2 11 68  7 22  4 56 34 
21 85 69 68 22  6 
15 80 36 60 14 
71 78 64 33 67 72 95 
76 42 75 41 30 37  0 
33  2 67  4  3  6 
40 49 23 29 28 65 66 
60 31  5 92 61 93 66 
60 43  8 15 72 94 
16 70 80  8 72 14 
79 59 15 70 80 38 
73 18 98 82  0 37 19 
54 46 73 17 19 
63 37 18 17 83 54 47 
49 40 39 35 24 88 
62 85  7  1  5 22 
 7 21  1  6 56 
49 12 59 55 29 84 
51 32 58 20 49 88 84 
69 83 68 47 50  4 
86 57 30 69 83 63 
35 87 97  3 91 50 96 
75 76 29 57 65 12 
59 23 12 28 76 89 
75 57 26 10 37 63 
 1 48  5 36 60 13 
58 47 54 51 24 45 
 2 11 67 74  9 64 
44 56  6  2 81 99 
20 39 91 27 87 88 
60 31 53 80 48  8 
30 10  0 17 63 19 
51 55 16 70 59 52 
93 40 20 35 91 43 92 
49 12 20 93 39 66 
48 44 42 10 53  0 
76 10 41 79 53 90 
60 14 91 39 92 94 
 1 56 48 41 34 99  0 
54 32 46 77 51 52 
73 18 54 64 77 45 
50 25 58 32 54 83 19 
 1 31 44 41 53 36 
40 12 23 20 24 84 
47 25  4  3 58 87 27 
24 32 38 55 84 45 52 
38 51 45 77 71 70 
79 42 80 41 48 36 
32 47 46 18 19 45 
59 23 51 38 84 
22  1 44  6 34 
26 86 65 28 75 30 
50 87 47 32 24 88 
23 55 29 16 79 38 89 
14 43  8 92 36 31 13 
65 62  5 66 13 
86 85 21 65 61  5 
37 30 26 83 19 
74 73 46  9 78 33 77 
86 57 62 61 28 12 66 
65 12 61 40 93 13 
97 96  9 33 11  3 95 
69  7 25  4  6 
86 85 26  7 68 83 25 
15 16 38 71 72 52 
 9 78 77 72 70 52 
 9 71 70 15 95 94 14 
18 17 64 46 74 82 
33 64 73  2 81 82 
76 10 28 57 30 
42 10 75 90 28 29 89 
71 78 64 46 45 52 
 9 71 64 77 
53 42 80 90 16 59 89 
53 79 16 15 36  8 
34  2 74 99 98 82 
98 17 73 81 74 
69 26 25 47 63 19 
51 55 24 49 23 
62 86 21  7 69 
62 85 26 57 65 69 
50 58 35 27 88 
58 87 24 20 35 
29 76 90 59 79 
76 42 79 89 
39 43 35 94 96 27 
60 43 39 93 13 
39 40 92 66 13 
91 96 14 72 43 95 
67  9 72 94 96 
91 94 67 97 27 95 
67 96  3 27 
99 81 82 17  0 
34 81 98 44  0 
