17 37 96 97 43 40 10 
47 43 55 22 21 31  5 
72 79 34 11  6 33 
27 49  4 11 95 65 
49  3 66  6 11 25 
 1 21 31 61 60 13 
55 22 66  4 11 34  2  7 
67 66 83  6 22 21 
14 59 15 36 78 
93 65 70 69 76 62 33 
73 30 37  0 40 41 74 
 4  3  6  2 65 33 
39 48 28 63 29 64 23 
64 60 91 90  5 31 59 
70 15 42 59  8 92 
70 68 14  8 16 78 
15 68 54 58 78 77 
80 71 19 37 96  0 18 
45 71 17 19 53 
46 53 17 37 99 18 98 81 
48 39 38 24 86 35 
22  1 61 83  5  7 
55  6  1 21  7 
48 82 58 29 12 54 
48 82 20 86 57 50 32 
67 66 46 49  4 81 
84 56 30 67 99 98 81 
 3 49 94 89 35 85 95 
63 12 29 56 73 74 
28 12 23 58 87 74 
26 56 73 99 37 10 
 1 47 36  5 13 59 
50 44 53 57 24 46 
11  2 65  9 62 72 
43 97 55  2 79  6 
38 89 20 86 27 85 
31 59  8 78 52 47 
17 19  0 99 30 10 
20 39 91 90 35 89 42 
48 12 64 20 38 91 
43  0 41 52 10 47 
40 52 74 88 10 77 
38 89 90 59 14 92 
34 97  0 40 55 47  1 
75 51 53 45 50 32 
62 75 44 53 71 18 
25 49 53 19 81 57 32 
36 31 52 40 43  1 
39 12 23 82 20 24 
27  3  4 25 46 85 57 
24 82 44 51 54 32 
54 68 69 75 44 50 
40 41 78 36 77 47 
46 19 44 45 18 32 
23 82 58 51 68 16 50 
22  6  1 43 34 
84 63 26 30 28 73 
24 86 85 46 49 32 
23 29 87 54 16 77 
31 36 90 13 42 14  8 
64 13 61 63  5 
84 63 60 83 21  5 
75 45 76  9 33 71 72 
84 56 61 28 12 64 60 
39 12 63 60 13 91 
11 33  9  3 95 93 94 
 4  6 67 25  7 
84 26 25 66 83  7 81 
70 15 16 54 51 69 
51 68 70 75 76  9 
14 92 15 68 93  9 69 
62 45 17 80 72 18 
62 71 80 33  2 79 
30 56 28 74 10 
28 29 73 87 88 41 10 
69 51 76 62 45 44 
69 75  9 62 
16 58 87 88 78 52 41 
 8 15 16 36 52 77 
 2 34 72 80 97 96 
17 71 72 96 79 
25 67 26 98 46 19 
23 48 24 54 50 
67 84 61 21  7 
63 56 26 61 67 83 
27 49 35 86 57 
24 20 35 85 57 
58 29 74 88 77 
74 87 41 77 
94 27 35 38 42 92 
91 13 38 59 42 
64 13 90 39 38 
42 14 70 93 89 94 
70  9 92 94 65 
27 89 92 93 95 65 
27  3 94 65 
17 80  0 97 79 
96  0 43 34 79 
99 19 26 81 
30 37 19 26 98 
