17 37 10 40 95 96 43 
21 22 43 47 31 55  5 
78 34 11 33 71  6 
49  4 27 94 11 64 
49  3 25 11 65  6 
59 13 31 60 21  1 
11  4 65  2  7 22 34 55 
21 22 82 66 65  6 
15 77 36 98 14 99 
92 69 68 75 61 33 64 
 0 37 40 41 73 72 30 
 4  3 64 33  2  6 
39 48 23 29 63 62 28 
63 59 31 98 89 90 99  5 
15 69 91 42 99  8 
16 67 77  8 69 14 
77 76 58 54 67 15 
19 37 79 70 18  0 95 
70 17 19 45 53 
17 37 46 53 80 18 97 
48 24 39 38 85 35 
 1 22  7 82 60  5 
 1 21  7 55  6 
48 81 12 54 58 29 
81 48 57 32 50 20 85 
46 49 80  4 66 65 
66 83 80 56 97 30 
88 93 94 35  3 49 84 
56 72 73 29 62 12 
23 12 58 73 28 86 
56 72 26 97 37 10 
 1 47 36 98 13  5 
57 24 50 44 46 53 
11  2 64 71 61  9 
96 78  2  6 55 43 
85 20 38 88 27 84 
52 77 98 31  8 47 
17 19  0 10 97 30 
20 39 35 88 42 89 90 
48 12 20 38 63 90 
 0 10 41 52 43 47 
52 40 10 76 87 73 
91 88 38 89 14 99 
 0 40 96 34 55  1 47 
50 32 51 74 53 45 
74 61 44 53 18 70 
32 57 49 25 80 19 53 
52 40 43 36  1 31 
81 24 20 39 12 23 
25  4 46 57  3 27 84 
81 24 32 44 54 51 
50 44 54 67 74 68 
77 36 76 41 40 47 
46 19 18 32 44 45 
50 81 16 67 58 23 51 
43 34  1 22  6 
62 83 26 28 72 30 
32 24 85 46 49 84 
16 76 54 23 29 86 
60 62 63 13  5 
62 83 59 82 21  5 
74 75 33 71  9 45 70 
60 83 59 56 63 12 28 
59 13 39 12 62 90 
92 93  9 33 94 11  3 
66 25  7  4  6 
80 25 82 83  7 26 65 
16 54 51 15 69 68 
69 67 51 74 75  9 
15 67 14 91 92 68  9 
79 17 18 45 71 61 
79 70 78  2 33 61 
73 10 56 28 30 
10 72 41 87 28 29 86 
61 75 51 44 68 45 
74 61 68  9 
16 77 58 52 41 87 86 
16 76 52 36 15  8 
71 79  2 95 96 34 
70 17 71 78 95 
46 25 66 19 26 97 
48 24 50 23 54 
66 83  7 60 21 
60 62 56 66 82 26 
49 57 27 85 35 
57 24 20 35 84 
73 87 29 58 76 
41 76 73 86 
27 93 91 35 38 42 
42 38 90 13 99 
89 13 63 39 38 
69 14 92 93 88 42 
64 93  9 69 91 
27 88 92 64 91 94 
27 93 64  3 
 0 96 78 79 17 
95  0 78 34 43 
19 37 80 26 30 
31 36 13 99  8 
89 13 98 42 14  8 
