17 37 94 95 43 40 10 
31 47 54 43 22 21  5 
70 33 11  6 77 34 
63 11  4 98 99 93 27 
98  3 11  6 64 25 
 1 21 31 59 58 13 
54 22 11  2  7 64  4 34 
81 65 64 22 21  6 
36 76 15 14 97 
63 91 33 68 60 74 67 
30 37 71  0 40 72 41 
 2 33  6  4  3 63 
62 39 61 48 29 28 23 
 5 58 97 31 89 62 88 
42 97  8 15 68 90 
68 66 14 16 76  8 
53 66 57 15 76 75 
19 37 78 69 94 18  0 
45 69 17 19 52 
17 37 96 79 18 52 46 
35 84 48 39 38 24 
59 81  7 22  1  5 
54  6  7 21  1 
57 29 80 48 53 12 
80 48 20 84 49 32 56 
 4 98 64 65 79 46 
82 55 65 30 96 79 
83 35 87 93  3 92 99 
61 55 29 12 71 72 
28 12 57 85 23 72 
26 55 96 37 71 10 
36 47  1 97  5 13 
56 46 24 49 44 52 
11  2 70 63  9 60 
43 95  6  2 54 77 
38 87 20 84 83 27 
76 51 31 97 47  8 
17 19 96 30  0 10 
42 87 35 89 39 20 88 
62 12 48 89 38 20 
43  0 10 47 51 41 
10 40 51 72 86 75 
38 87 97 14 90 88 
34 95  0 40 54 47  1 
32 49 52 45 73 50 
69 18 73 44 60 52 
56 99 32 98 25 79 19 52 
36 31 51 40 43  1 
39 12 20 80 23 24 
53 80 24 32 44 50 
67 66 73 53 49 44 
76 36 47 40 75 41 
44 32 46 19 18 45 
16 66 57 80 49 23 50 
22  6  1 43 34 
26 82 61 30 28 71 
46 99 32 83 84 24 
16 53 85 29 23 75 
61 62 59  5 13 
61 82 81 21 58  5 
70 33  9 74 69 73 45 
62 12 82 55 59 28 58 
39 12 61 89 58 13 
 3 11 33  9 93 92 91 
 7 65  6  4 25 
82 26 81 79  7 64 25 
16 53 68 15 67 50 
68 66  9 74 73 50 
90 91 14 15 66  9 67 
60 45 70 78 17 18 
60 69 78 33  2 77 
30 55 28 10 72 
71 28 29 85 86 10 41 
60 74 67 45 44 50 
60  9 67 73 
57 16 85 86 76 51 41 
15 16 36 51  8 75 
 2 34 70 78 95 94 
70 69 17 94 77 
96 19 65 26 25 46 
53 49 23 48 24 
82 65 59 21  7 
26 55 61 59 65 81 
56 99 84 35 27 
20 35 83 56 24 
57 29 75 86 72 
85 75 72 41 
38 42 35 27 92 90 
13 89 97 42 38 
39 62 38 13 88 
68 14 91 42 87 92 
92 63  9 68 90 
93 63 91 27 87 90 
63  3 92 27 
17 78  0 95 77 
94  0 43 34 77 
30 37 19 26 79 
 8 36 31 42 14 13 88 
 4 25 46 99  3 
46 56 98  3 83 27 
