83 78  5 53 52 43 
93 39 40  8 33 69 
32 39 57 87 35 
23 53  5 30 27 24 
89 12 90  7 99 98 21 91 
53  3  0 30 43 29 
34 33 10 20  9 69 
75 63 90  4 21 
 1 93 79 72 33 51 
 6 10 56 16 46 34 49 
19 20 56  9  6 
23 16 42 60 80 48 
89  4 30 27 88 99 29 38 
45 26 14 79 72 34 
13 26 79 50 84 51 17 85 
58 97 41 96 81 24 27 38 
23 11 42 46  9 49 
94 26 14 95 54 85 
63 22 56 52 78 77 64 
10 20 56 22 28 61 
19 10  6 69 58 61 
 4  7 98 28 63 22 
56 19 63 18 28 21 
11 16 80 53  3 24 49 
15 27 81  3 80 23 
92 32 65 90 31 91 
45 13 17 94 14 44 
30 12  3 15 24 38 
19 22 61 41 21 98 38 
30 12 88 73 47 43  5 
12 27  3  5 29 
25 32 35 68 74 91 
 2 39 92 25 35 31 
34 72  6  8  1 69 
46 45 13 72 33  6  9 
 2 32 31 68 87 67 36 
87 35 67 59 95 94 
84 82 83 50 77 76 64 
12 27 99 15 41 98 28 
32  2  1 93 40 57 92 
 1 39 57 69 62 71 
58 15 61 28 38 
11 16 60 44 45 46 
 5  0 83 82 47 29 
26 45 42 59 94 60 
26 13 44 42 46 34 
16  9 42 45 34 
54 82 55 68 73 43 29 
81 80 96 70 86 60 11 
52 53 23 16  9 56 
76 37 66 51 14 84 
92 65 93 66 50  8 14 79 
 0 78 53 18 56 49 
23  3  5  0 52 49 
47 82 55 95 17 85 
47 54 68 95 67 
10 19 22 18  9 52 49 
40 39  2 87 86 70 71 
62 97 15 41 69 20 61 
86 60 87 36 94 44 
86 59 42 11 44 48 
19 20 58 41 28 
58 97 69 40 71 
75  7 18 22 21 64 
77 37 76 18 63 75 
25 92 90 66 51 
76 50 75 90 65 51 
68 55 35 95 36 
73 74 47 55 31 35 67 
 6 33 20  1 58 62 40 
57 86 71 96 48 
62 40 57 70 97 96 
34 33 13 79  8 
68 74 47 88 29 
73 68 89 88 31 91 
63  7 90 64 76 66 
50 37 64 75 66 
83 78 37 18 64 
83  0 52 18 77 
13 72  8 14 51 
11 23 81 48 24 
96 15 48 80 24 
37 84 83 54 47 43 85 
 0 78 37 82 77 43 
50 14 37 82 85 
17 54 84 82 14 
59 60 87 57 70 48 
59 86 57  2 35 36 
89 12 74 73 29 
 4 12 88 74 91 
75  7 25 65  4 91 66 
89  4 90 74 25 31 
32 39 25 65 93 51 
 1 39 92  8 51 
44 26 17 59 95 36 
54 55 17 94 67 36 
71 97 70 15 81 48 
58 62 15 71 96 
99  4 21 28 38 
 4 12 98 38 
