91 90 39 10 98 36 17 
30 45  5 99 96 21 52 
32 11 68 75  6 33 
94 95  4 26 89 61 11 
 3 11 24 94  6 62 
56 57  1 30 13 96 
 4 11  2 62 33  7 21 52 
 6 21 62 97 79 63 
93 35 14 15 74 
66 65 32 61 87 58 72 
69 70 40 39 36 29  0 
32  2 61  4  3  6 
46 22 38 60 28 27 59 
56  5 30 85 84 93 
93  8 15 66 86 41 
14  8 66 74 16 64 
55 73 74 15 51 64 
36 19 18 76 90 67  0 
43 50 19 67 17 
18 50 77 92 36 44 17 
81 34 37 38 46 23 
96 97  1  7  6 52 
46 12 78 51 55 28 
78 46 47 31 54 81 20 
77 63 94  4 44 62 
53 80 63 29 77 92 
95  3 89 81 34 88 54 
69 53 70 28 12 59 
70 27 82 12 22 55 
69 53 25 36 10 92 
35 45 93  1  5 13 
42 47 50 44 54 23 
61 11  9  2 68 58 
98 52  6 91 75  2 
26 81 37 41 88 20 
45 49 30 93  8 74 
29 10 92 19  0 17 
41 84 34 85 38 20 
46 12 60 85 37 20 
98 99 45 49 40 10  0 
83 49 39 10 70 
86 14 93 84 37 34 88 
47 31 48 50 43 71 
50 42 18 67 71 58 
94 24 95 77 19 50 31 54 
49 35 30  1 99 39 
22 12 78 38 23 20 
42 31 48 51 78 23 
47 42 51 65 64 71 
83 73 45 35 39 40 74 
43 42 31 44 19 18 
47 48 78 55 22 16 64 
 6 21 33  1 99 98 
69 27 25 80 59 29 
26 95 81 44 31 23 
82 73 51 22 28 16 
 5 57 85 60 59 13 
59 80  5 56 79 97 96 
68 67 43 71 32  9 72 
53 27 80 57 12 60 56 
38 12 59 85 56 
 9 87 89  3 32 11 
 6  4 24 63  7 
25 80 77 24 79 62  7 
16 15 65 66 48 51 
66  9 64 48 71 72 
65  9 14 15 86 87 64 
58 68 76 43 18 17 
32 58 75  2 76 67 
70 10 53 27 29 
82 83 69 10 27 28 40 
65 48 42 43 58 72 
71 65 58  9 
82 55 49 83 74 16 
15  8 35 49 73 16 
91 33 90  2 68 76 
75 68 90 67 17 
25 63 24 92 19 44 
46 22 51 47 23 
63 80 57 97  7 
53 25 63 59 57 79 
26 34 54 23 20 
55 73 83 70 28 
82 70 49 73 40 
41 93 37 85 13 
38 60 56 37 84 13 
66 87 14 41 88 
86 66  9 61 89 88 
41 86 34 87 89 26 
61 87  3 26 88 
91 75 76  0 17 
33 98 75 90  0 
29 25 77 19 36 
 8 14 41 84 35 30 13 
95  3 44 24  4 
94  3 44 26 54 
 1  5 57 97 21 
79 57 96 21  7 
99 52 39 33 91  0 
 1 52 98 45 39 
