17 36 92 39 86 10 85 
48 93 51  5 30 35 94 
11 32 67  6 33 99 
26 84 90  4 11 89 60 
 3 11 61 24  6 89 
13 30  1 55 95 56 94 
 2 11  4 61  7 33 21 
62 61 75  6 91 21 
35 72 15 14 88 
64 65 71 82 60 32 57 
40 39 68 69 29 36  0 
60 32  3  4  2  6 
45 22 28 27 59 38 58 
88 30 79 80 55  5 
81 41 88  8 15 65 
16 63 72 65 14  8 
50 63 54 15 72 78 77 
19 18 36 66  0 73 85 
49 19 43 66 17 
49 44 18 97 17 36 87 
45 38 23 37 34 76 
33 51  6  7 94 91 95 
45 12 50 54 28 74 
45 20 74 31 53 46 76 
61  4 62 96 89 44 97 
52 29 62 96 75 87 
83 84 90 53 34 76  3 
52 68 28 12 69 58 
22 54 12 27 69 77 
52 68 25 87 36 10 
88 13  5  1 35 
53 44 42 46 23 49 
67  2 11 60  9 57 
92 86 51  6  2 21 99 
83 26 37 20 41 76 
48 72  1  8 88 30 
17 19 87 29 10  0 
79 41 38 20 34 80 
45 20 59 12 37 80 
40 48 93 92 10  0 
48 39 78 69 10 
81 83 79 88 37 34 14 
31 46 49 43 70 47 
49 18 42 70 57 66 
89 24 31 53 90 49 19 97 
22 12 74 38 20 23 
50 74 31 42 23 47 
64 63 70 50 46 42 
35 72  1 40 39 78 93 
31 44 19 18 42 43 
22 54 16 63 74 46 47 
92 93  1 33 94 21 
68 29 25 27 56 58 75 
31 44 23 90 26 76 
22 50 16 28 77 
58 59 56 80 13  5 
58 52 55 75 91 95  5 
70 43 71 32 67  9 66 
56 52 27 59 12 55 
38 12 58 55 80 
82 84 32 11  9  3 
24  4 62  7  6 
25 96 24 61  7 75 
16 50 15 65 64 47 
65 63  9 71 70 47 
15 63 14 64  9 82 81 
67 57 43 18 17 73 
57 66  2 32 99 98 73 
52 29 27 69 10 
68 27 28 78 40 10 77 
43 42 64 71 47 57 
 9 64 70 57 
35 48 16 15  8 78 
17 66 67 98 85 
45 22 50 46 23 
25 52 56 62  7 91 
23 20 53 26 34 
28 69 78 54 16 
40 69 16 72 48 77 
88 41 13 37 80 
13 79 37 55 59 38 
82 65 83 41 14 
60 84 83 81 65  9 
82 84 26 81 41 34 
82 60 83 26  3 
 0 17 73 86 98 
92 33 99 98  0 85 
36 19 97 96 25 29 
79 41 13 30 14  8 35 
24 44  4 90  3 
53 44 89 26  3 
95 56 75  7 21 
33 86 51 93 39  0 
51  1 92 48 39 
 1 51  5 95 21 
91 56  5 94 21 
62 25 24 97 87 
24 44 96 19 87 
99 67 86 73 85 
33  2 67 98 86 
