39 83 71 10 36 17 
90 50 35 91  5 30 
32 11  6 65 98 95 
58 11 82  4 26 87 86 
59 24  3 11  6 86 
13 96 91  1 30 54 92 
 2 11  4 59  7 33 21 95 
 6 59 21 60 73 88 
35 30 70 15 85 14 
55 32 62 69 58 80 63 
29 66 67 40 39 36  0 
32  2  4  3  6 58 
38 45 22 28 27 56 57 
 5 96 77 85 78 30 
79 63 41 85  8 15 
16 61 70  8 63 14 
49 61 53 15 70 76 75 
18 64 19 71 36  0 
17 64 19 43 48 
94 84 44 17 18 36 48 
38 45 23 74 34 37 
33  6  7 50 91 92 88 
45 72 49 53 28 12 
45 72 20 74 46 31 52 
59  4 94 44 93 86 60 
84 29 51 73 93 60 
34 74  3 82 87 81 52 
66 51 56 67 28 12 
22 53 12 67 27 75 
66 51 10 84 25 36 
13  5  1 85 35  8 
46 42 23 48 44 52 
55 65  9  2 58 11 
89 50 21  6 95 83 
20 74 26 81 37 41 
 8 30 70 76 90  1 
29 10 84 19 17  0 
20 38 34 78 77 41 
45 12 20 57 37 78 
83 89 90 40 10  0 
67 76 10 90 39 
37 77 79 81 34 85 14 
47 46 31 48 43 68 
55 64 18 48 42 68 
94 24 19 48 31 86 87 52 
38 12 23 72 22 20 
23 72 49 47 42 31 
49 61 62 46 42 68 
44 19 18 31 42 43 
16 61 53 22 72 46 47 
89 90 33 21  1 91 
66 29 27 56 25 73 54 
31 44 87 23 74 26 
49 16 22 28 75 
 5 96 97 56 51 73 92 88 
64 65 32  9 69 43 68 
27 51 12 57 97 54 
38 12 56 97 78 
32 11  3 82 80  9 
24  4  6  7 60 
59 24 93  7 73 25 
16 49 15 47 62 63 
47 61 69  9 63 68 
80 79 62  9 15 61 14 
18 17 71 65 43 55 
71 64  2 32 98 55 99 
29 51 10 67 27 
40 76 66 10 27 28 75 
47 62 69 42 43 55 
62  9 55 68 
15 16  8 76 35 
65 64 17  0 83 99 
45 23 22 49 46 
51 25 60  7 54 88 
23 20 34 26 52 
53 28 67 76 16 
70 16 35 40 67 90 75 
13 85 37 78 41 
57 38 37 77 13 96 97 
63 80 81 14 41 
58 82  9 63 81 79 
82 80 26 34 79 41 
58  3 80 26 81 
89 33 39 95  0 71 99 
94 19 25 29 36 93 
77 13 41 14 30  8 
 4  3 87 24 44 
26  3 86 44 52 
54 73 92  7 21 
83 33 50 90 39 
40 76 35 50 89 39  1 
21 50  1  5 92 
91 21  5 54 88 
94 84 25 24 60 
84 19 44 24 93 
98  2  6 33 99 83 
 5 13 78 97 54 
57 56 78 96 54 
 2 65 95 99 
71 65 98 83 95 
