39 10 36 82 70 17 
30  5 90 35 50 89 
32 11  6 96 97 94 
81 26  4 11 58 86 85 
 6 11 59 24 85  3 
95 13 30  1 90 91 54 
 2 11  4 59 33 21 94  7 
 6 59 21 60 72 87 
35 30 69 15 84 14 
55 32 58 79 62 63 68 
39  0 36 29 65 66 40 
32  2  6  4 58  3 
56 57 27 28 38 22 45 
76 77 84 95 30  5 
41 78 84 63  8 15 
16 61 69  8 63 14 
15 61 69 75 74 53 49 
19 18 36  0 70 64 
48 19 43 17 64 
48 18 44 93 83 36 17 
34 37 73 38 23 45 
33  6 90 91  7 87 50 
28 12 53 49 71 45 
20 73 52 31 46 71 45 
 4 59 85 44 93 92 60 
51 29 83 92 72 60 
73 34 81  3 80 86 52 
56 12 51 28 66 65 
66 27 12 74 53 22 
36 10 51 65 25 83 
13 84  8  5  1 35 
44 48 42 52 23 46 
58 11 55 96  2  9 
21  6 94 88 50 82 
41 37 73 26 80 20 
 8 30 89 75 69  1 
 0 10 29 83 19 17 
41 34 20 38 77 76 
20 37 77 57 12 45 
 0 10 89 88 40 82 
89 75 39 66 10 
34 37 80 78 76 84 14 
47 67 43 48 31 46 
55 67 64 42 48 18 
19 93 24 48 31 85 86 52 
23 20 71 38 22 12 
49 47 71 42 31 23 
62 61 67 49 42 46 
44 31 19 42 43 18 
47 61 16 53 22 71 46 
88 33 90  1 21 89 
27 56 65 29 25 72 54 
44 31 86 23 73 26 
74 16 28 49 22 
51 56 72  5 91 95 87 99 98 
64 96 32 43 67  9 68 
57 12 27 51 54 99 
56 12 77 38 99 98 
79 81 32 11  9  3 
 4  6 24 60  7 
24 59 92 25 72  7 
15 16 63 62 47 49 
63 61 47 67  9 68 
15 61 62 79 78  9 14 
43 18 17 70 96 55 
51 27 29 66 10 
28 27 74 75 65 10 40 
43 55 62 47 42 68 
55 67  9 62 
15 16  8 75 35 
82  0 17 97 96 64 
22 49 46 23 45 
25 51 60 54  7 87 
34 26 20 23 52 
66 75 53 16 28 
35 89 69 16 66 74 40 
84 41 37 77 13 
38 57 37 76 13 95 98 
63 79 80 41 14 
63 78  9 80 81 58 
41 34 26 81 78 79 
 3 26 80 79 58 
88 33 39  0 70 94 97 
36 29 25 92 19 93 
76 41 13 14  8 30 
44 24 86  4  3 
 3 26 85 44 52 
54 91 72  7 21 
50 33 39 89 82 
39 88 35 75 50  1 40 
21 91  5  1 50 
21 90  5 54 87 
24 93 83 25 60 
19 44 24 92 83 
97  2  6 33 82 
13 77  5 54 98 
70 97 64 32 55  2 
70 96 82 94  2 
54 95 99 77 57 
54 56 57 98 
