10 38 81 99 17 69 
87 35 49 30  5 88 
95 92 94  6 32 11 
11  4 83 80 57 84 26 
24 83 58  6  3 11 
13 93 89 88 30  1 
 4 58 92  2  7 21 33 11 
71 85 21  6 58 59 
14 15 82 68 35 30 
57 78 32 62 61 54 67 
38  0 29 64 39 99 65 
 3  4 57  6  2 32 
37 44 56 28 27 55 22 
75 76 93  5 82 30 
 8 82 15 62 77 40 
60 62 16 14  8 68 
73 74 52 48 60 15 68 
18 63 19 98 99  0 69 
42 47 63 17 19 
17 98 18 47 43 91 90 
37 44 36 34 23 72 
 7 85  6 89 33 88 49 
70 44 12 28 52 48 
20 44 70 31 51 45 72 
 4 83 58 43 91 59 
29 98 90 59 71 50 
84 51  3 80 79 34 72 
28 12 55 65 64 50 
27 12 52 73 22 65 
10 64 25 98 99 50 
35  8 82 13  5  1 
51 43 23 45 41 47 
57  9 11 54  2 94 
 6 92 21 81 86 49 
20 36 79 26 72 40 
87 74  1 68  8 30 
20 34 37 76 75 40 
20 44 12 56 76 36 
10  0 81 39 87 86 
38 10 87 74 65 
79 34 36 75 77 82 14 
42 66 46 45 31 47 
66 41 18 63 54 47 
24 83 84 51 31 19 47 91 
37 20 12 23 70 22 
46 41 31 23 70 48 
66 61 41 45 48 60 
42 41 18 31 19 43 
22 70 52 45 46 16 60 
87 86 33 21 88  1 
29 25 71 64 53 55 27 
84 43 31 23 26 72 
73 16 28 22 48 
71 85 55 97 93 50 89 
32  9 66 42 63 67 94 
53 97 56 12 27 50 
96 97 37 12 76 55 
 3 80 11 32  9 78 
24  4  6  7 59 
24 58  7 71 25 90 91 
62 61 15 46 48 16 
46 66 62  9 60 67 
78 77 61  9 60 15 14 
42 54 18 17 69 94 
10 29 65 27 50 
73 28 10 64 39 74 27 
46 61 42 41 54 67 
54  9 66 61 
15 16  8 35 74 
81  0 17 63 95 94 
23 44 22 45 48 
53 85  7 59 25 50 
20 34 26 51 23 
16 74 52 28 65 
73 16 35 87 39 65 68 
36 76 13 82 40 
37 56 96 36 75 93 13 
78 79 14 62 40 
57  9 80 79 77 62 
26 34 80 78 77 40 
 3 57 26 78 79 
38  0 33 92 69 86 95 
 8 14 75 13 40 30 
24 43  4 84  3 
43 83 51 26  3 
53 71  7 21 89 
87 49 33 81 38 
39 38 35 74  1 49 86 
89 21  5 49  1 
93  5 21 85 53 88 
19 98 91 25 59 
19 43 24 90 59 
81 33  6  2 95 
96 76 97 53 13  5 89 
 2 32 95 54 63 69 
 2 92 81 69 94 
56 97 76 93 
96 56 55 53 93 
25 29 17 19 99 90 
29 98 10  0 17 
