10 37 79 97 67 17 
 8 34  5 86 85 47 
31 11 92 93  6 90 
78 55 11 26 82  4 81 
24 56  6 11  3 81 
91 13 80  8 87 86  1 
 2 11  7 56  4 90 32 21 
69 83 57 56  6 21 
15 66 14 80  5  1 34 
59 60 31 55 76 65 52 
63 38 37  0 62 97 29 
55 31  2  6  4  3 
27 53 54 36 43 22 28 
74 73 91 80  5 
75 39 60 80  8 15 
60 58  8 66 16 14 
99 58 15 66 72 71 50 
96 19 97 67 61  0 18 
17 19 46 41 61 
42 89 88 96 46 17 18 
36 35 43 33 70 23 
87 83 86  7 47 32  6 
68 98 43 12 50 28 
68 44 30 70 20 49 43 
42 89 57 56  4 81 
88 96 29 57 69 48 
 3 78 33 70 49 77 82 
53 12 63 62 28 48 
50 22 27 12 71 63 
97 96 62 10 25 48 
23 44 49 42 46 40 
 9 55 11  2 92 52 
79 84 47 90  6 21 
39 77 35 20 70 26 
66 72  8  1 85 
39 73 74 36 20 33 
35 20 43 74 54 12 
10  0 38 79 84 85 
63 72 10 37 85 
35 73 33 77 75 14 80 
46 41 64 30 44 45 
18 61 46 40 64 52 
82 49 30 81 24 46 19 89 
36 20 12 23 68 22 
98 68 45 23 30 40 
98 44 99 58 59 64 40 
42 30 19 18 41 40 
 1 86 32 84 85 21 
25 29 62 69 53 27 51 
30 23 70 26 82 42 
16 99 71 98 22 28 
69 83 87 91 95 53 48 
92 61 41 31 64 65  9 
27 12 54 51 95 48 
53 12 74 94 36 95 
31 11  3 78 76  9 
57 24  7  6  4 
25 69 88 24 56 89  7 
60 15 59 16 99 45 
60 58  9 45 64 65 
15 58 59  9 14 75 76 
92 52 41 67 17 18 
63 27 10 29 48 
38 72 10 62 27 71 28 
45 59 40 41 65 52 
 9 59 64 52 
15  8 16 72 34 
79  0 93 92 61 17 
98 44 23 43 22 
51 83  7 25 57 48 
33 20 23 49 26 
63 72 16 50 28 
38 63 16 66 71 34 85 
39 35 74 13 80 
35 73 54 94 13 36 91 
39 14 60 76 77 
78 55 77  9 60 75 
33 39 76 78 26 75 
 3 55 76 77 26 
93 90 32 84 37  0 67 
 8 14 39 73 13  5 
82  3  4 24 42 
26 49  3 42 81 
51 69 87  7 21 
32 79 37 47 85 
47 84  1 34 37 38 72 
 5 87  1 47 21 
51 83 91  5 86 21 
19 89 96 25 57 
19 42 88 24 57 
 2 93  6 32 79 
51 87 74 94 13 95  5 
61 52  2 93 31 67 
 2 90 79 92 67 
74 54 91 95 
51 53 54 94 91 
88 19 29 97 17 25 
10  0 29 96 17 
68 44 45 99 22 50 
16 58 45 98 50 
