76 64 37 17 93 10 
83  5  8 34 46 82 
11 31 90 87  6 89 
78  4 79 75 54 11 26 
78  3 11  6 24 55 
77 13  8 88 84 83  1 
32 21 87  7  4 11  2 55 
21 80  6 66 55 56 
77  5 34 63 14 15  1 
73 54 31 62 58 59 
93  0 37 29 38 61 
 4  3  6 54 31  2 
53 36 52 27 43 22 28 
71 70 77  5 88 
15 59 72 39 77  8 
57 16 63  8 14 59 
57 15 63 69 68 49 95 
93 92 19 64 60  0 18 
17 19 45 41 60 
45 42 92 17 86 18 85 
43 23 35 36 67 33 
32  6  7 80 84 46 83 
65 43 12 94 49 28 
65 43 20 30 44 48 67 
 4 78 42 86 55 56 
92 29 47 66 85 56 
48 79 67  3 75 74 33 
52 12 47 28 61 
68 49 22 27 12 61 
92 25 47 93 10 61 
45 42 40 44 23 48 
89  2 51 62  9 54 11 
21  6 87 76 81 46 
26 74 67 39 35 20 
69 63  8  1 82 
71 70 36 20 39 33 
53 12 71 35 43 20 
76  0 10 81 82 38 
10 37 82 69 68 61 
72 74 35 70 77 14 33 
30 45 41 96 44 98 
97 51 60 96 40 45 18 
45 30 79 78 19 24 48 86 
36 12 65 23 20 22 
30 40 23 65 94 98 
30 42 40 19 41 18 
32 21 81 82 83  1 
25 29 27 52 50 66 61 
30 23 42 79 67 26 
22 94 68 16 95 28 
91 52 47 84 80 66 88 
89 31 60 97 41 62 
53 12 91 27 47 50 
36 12 52 91 71 
73  9 31  3 75 11 
24  4  6  7 56 
55 24 66  7 25 85 86 
15 16 95 59 58 99 
96 97 62  9 59 57 99 
72 73  9 58 57 15 14 
51 41 17 64 89 18 
38 68 28 27 10 29 47 
31 51 97 58  9 
15 16  8 69 34 
76 90  0 17 60 89 
43 23 44 94 22 
 7 80 50 47 25 56 
20 23 48 26 33 
49 16 69 38 28 61 
63 16 68 34 82 38 
35 71 39 77 13 
91 53 36 35 70 13 88 
73 74 59 39 14 
72 74 59  9 54 75 
72 73 39 75 26 33 
 3 54 73 74 26 
87 90 64  0 37 32 81 
39 70 13  5 14  8 
 3  4 79 42 24 
78 42  3 48 26 
 7 21 84 50 66 
32 46 76 37 82 
 1 46 34 69 81 37 38 
84 21 46  5  1 
21 80 50 88  5 83 
92 25 19 86 56 
42 19 85 24 56 
76 90 32  6  2 
13  5 84 71 91 50 
51 31  2 90 60 64 
76 87 64  2 89 
52 53 71 50 88 
25 29 93 17 19 85 
92 29 17  0 10 
44 65 22 49 95 99 98 
49 16 94 57 99 
97 58 41 40 99 98 
96 58 41 51 62 
94 44 99 40 96 
95 94 96 58 57 98 
