10 91 37 17 63 79 
34  8 45 80 81  5 
11 31  6 85 88 87 
 4 76 26 74 53 11 77 
11  6 76  3 24 54 
86 82 81 13  1  8 75 
11  2 85  4 21  7 32 54 
21  6 78 65 55 54 
34  1 14 75 15 62  5 
61 57 58 72 53 31 
91 29  0 37 60 38 
 2 31  6 53  3  4 
28 27 52 36 43 51 22 
69 70 86 75  5 
 8 75 15 39 71 58 
14  8 16 56 58 62 
67 68 15 56 62 48 93 
63 59 18 90 91  0 19 
99 98 41 59 17 19 
84 83 90 18 98 17 42 
36 43 35 33 66 23 
82 78  7  6 32 45 81 
64 92 28 12 43 48 
30 47 66 44 64 20 43 
 4 76 84 55 42 54 
83 55 46 29 90 65 
74  3 73 33 77 47 66 
28 12 51 46 60 
27 12 22 60 67 48 
10 91 25 46 90 60 
98 42 47 99 40 44 23 
 9 61 53  2 87 50 11 
85  6 21 45 79 
39 73 26 35 20 66 
 1  8 62 68 80 
39 33 69 70 36 20 
52 70 12 43 35 20 
 0 10 79 80 38 
10 37 80 68 67 60 
73 71 33 69 75 14 35 
96 44 94 41 99 30 
40 99 94 95 50 59 18 
19 84 24 76 77 98 47 30 
36 12 22 64 20 23 
96 92 40 64 30 23 
21 81  1 32 79 80 
51 27 25 29 49 60 65 
77 42 26 30 66 23 
28 67 22 16 92 93 
82 78 86 51 46 89 65 
61 95 41 59 87 31 
52 12 27 46 49 89 
36 70 12 51 89 
74  3 31  9 72 11 
24  4  6  7 55 
25 83 84 24 65  7 54 
97 57 15 16 58 93 
97 56 61 95 58 94  9 
15 14 57 56  9 72 71 
87 50 63 41 18 17 
10 29 46 27 28 67 38 
57 95 50  9 31 
34 68 16 15  8 
87 88 59 17 79  0 
92 44 22 43 23 
46 49 25 78 55  7 
47 26 33 20 23 
16 68 60 28 38 48 
67 16 62 34 80 38 
39 75 35 70 13 
36 52 69 35 89 86 13 
73 39 72 58 14 
73 71 74 53  9 58 
39 71 33 72 74 26 
73 72 26  3 53 
39 69  8 14 13  5 
 4  3 24 42 77 
76  3 26 42 47 
82 49 21  7 65 
63 88  0 37 32 45 80 85 
34 68 79 37 45  1 38 
21 45 82  1  5 
49 78 21 86 81  5 
25 55 84 90 19 
83 55 24 42 19 
 2  6 32 88 79 
82 49 89 70 13  5 
59 50 31 63 88  2 
87 63  2 79 85 
51 49 86 52 70 
25 83 91 29 17 19 
10 29 90 17  0 
96 44 97 64 22 48 93 
48 92 16 56 97 
40 96 97 57 95 41 
61 57 50 94 41 
92 44 40 97 94 
57 56 96 92 94 93 
42 19 18 99 30 
41 40 18 98 30 
