59 17 36 74 86 10 
75 34  8 42 76  5 
31 82 11 83 80  6 
50 11  4 72 26 70 
72  3 11 24 51  6 
76  1  8 77 71 13 81 
32 80  4 51 11 21  7  2 
73 61 21 52 51  6 
58 34 15 14  1 71  5 
54 55 31 50 57 68 
56 29 86 37 36  0 
 4  3  6  2 31 50 
28 27 40 22 35 49 48 
66 65 71 81  5 
38 67  8 15 55 71 
55 53 14 16 58  8 
45 63 58 64 88 53 15 
 0 59 19 85 18 86 
94 93 19 17 59 92 47 95 
79 39 92 78 85 17 18 
99 98 35 40 33 62 23 
73  7  6 32 77 42 76 
40 12 28 45 87 60 
20 62 41 30 40 44 60 
52 51 79  4 72 39 
43 61 52 78 29 85 
72  3 62 44 33 69 70 
28 12 43 48 56 
27 12 45 63 22 56 
25 43 85 56 86 10 
39 44 92 93 96 41 23 
 2 82  9 50 47 11 57 
 6 80 21 74 42 
20 98 62 26 69 38 
58 64 75  1  8 
40 12 49 20 99 66 
37 75 74  0 10 
75 64 63 36 56 10 
65 98 33 69 67 14 71 
72 44 24 79 30 92 19 
22 12 35 20 23 60 
30 96 97 90 87 23 60 
75  1 76 21 32 74 
46 61 25 48 27 29 56 
72 39 30 62 26 23 
63 28 22 16 88 87 
43 61 73 48 84 77 81 
89 95 18 59 82 31 57 
46 84 43 27 49 12 
35 12 48 84 66 
 3 11 31 68  9 70 
52  7 24  4  6 
61  7 51 24 79 25 78 
54 55 16 88 15 91 
55 53  9 57 89 91 
54 53  9 15 14 67 68 
43 27 29 37 63 28 10 
47 89 54  9 31 
34 64  8 16 15 
83 82  0 17 74 47 18 
87 41 23 40 22 
73  7 52 46 43 25 
26 44 20 33 23 
45 28 37 64 16 56 
58 34 75 37 63 16 
99 98 66 38 13 71 
49 84 65 99 35 13 81 
68 69 38 55 14 
69 67  9 50 55 70 
68 67 26 33 38 70 
26  3 69 50 68 
13 65 14  8 38  5 
39 44 24  4  3 26 
61  7 21 46 77 
42 32 80 83 36  0 75 59 
34 64  1 37 42 36 74 
 1 42 77 21  5 
73 21 46 81 76  5 
52 79 25 19 85 
24 52 39 19 78 
83  2 32  6 74 
46 84 77 66 13  5 
83  2 59 31 47 
 2 82 80 59 74 
48 46 49 66 81 
19 17 78 25 29 86 
85 29  0 17 10 
41 90 91 88 22 45 60 
16 53 45 91 87 
47 95 90 97 57 54 91 
97 89 41 91 87 
88 53 54 90 89 87 
30 39 18 93 19 
18 92 30 96 94 
18 95 93 96 97 
47 89 18 94 97 
30 93 94 97 41 
90 89 95 94 96 41 
99 65 20 33 38 
65 98 20 35 66 
