80 57 72 35 10 82 17 
 5 73 40 99 33  8 
79 80 77 30 11  6 
11 48  4 68 70 25 
11  6  3 70 23 49 
13 78 74 73 69  1  8 
11  4  2 77 31 49  7 21 
49  6 71 59 21 50 
33 56 15 69  5 14  1 
55 30 52 48 66 53 
 0 35 36 54 82 28 
 6  4 48 30  3  2 
26 46 47 27 22 39 34 
78 64 63  5 69 
37 65 53 15 69  8 
 8 56 14 16 51 53 
43 84 61 62 56 51 15 
 0 57 82 75 19 18 
19 17 90 89 88 57 91 45 
17 75 76 38 88 18 
58 39 60 32 94 95 34 
74 73 71 40 31  7  6 
27 12 43 58 83 39 
70  4 49 50 76 38 
28 41 75 59 50 
67 32 68 60 42 70  3 
46 12 41 54 27 
54 26 61 12 43 22 
82 75 41 54 10 24 
38 42 88 89 92 96 60 
79 45 55  2 11  9 48 
72 40 77  6 21 
37 67 60 20 94 25 
98 99 62  1 56  8 
95 20 39 47 64 12 
72 99  0 98 36 10 
61 54 98 35 10 62 
14 65 67 32 69 63 94 
29 42 88 19 76 23 70 
22 12 58 20 34 
 1 73 31 72 99 21 
46 44 59 26 54 28 24 
38 29 70 60 25 
84 16 61 27 22 83 
81 46 78 41 59 74 71 
91 85 18 57 79 55 30 
26 12 81 44 41 47 
81 64 46 12 34 
66  9 11  3 68 30 
 6  4 23  7 50 
49 23  7 59 76 75 24 
84 16 87 52 53 15 
55 85  9 87 51 53 
65 66 52  9 51 14 15 
41 26 61 36 10 27 28 
45 85 30  9 52 
62 16 33  8 15 
 0 80 79 45 17 18 
96 97 83 22 39 20 60 
41 44 71  7 50 24 
58 20 96 32 29 42 25 
36 54 43 16 27 62 
61 36 98 33 16 56 
13 64 95 69 37 94 
81 78 13 47 63 95 34 
37 14 67 66 53 
 9 48 67 65 53 68 
37 65 32 66 68 25 
66 48  3 67 25 
 5 13 63 37 14  8 
38 42 23  4  3 25 
59 44 74  7 21 
35 99 40  0 80 77 31 
 5 74  1 40 21 
78 44  5 73 71 21 
82 17 28 76 50 19 24 
50 23 75 19 38 
80  2 72 31  6 
81 64 44 13  5 74 
80 57  2 45 30 
 0 57 79  2 77 72 
78 64 46 44 47 
10  0 17 75 28 
86 97 58 22 43 84 87 
43 16 83 51 87 
86 93 91 45 55 52 87 
93 97 85 83 87 
86 85 52 51 84 83 
29 89 38 19 18 
29 88 92 90 18 
92 89 93 91 18 
45 85 93 90 18 
93 97 29 89 90 96 
86 97 85 92 90 91 
20 32 95 37 63 
63 64 94 20 34 
58 97 92 29 60 
93 86 92 58 96 83 
35 99 36 33 62 
72 35 40 98 33  1 
