10 34 78 55 16 70 80 
32 97  8  5 71 39 
 6 11 75 29 77 78 
 4 11 68 24 46 66 
47  6 22 11  3 68 
 8  1 71 12 67 72 76 
47  4  7 11  2 75 30 20 
47  6 48 57 69 20 
13 14 67 32  1  5 54 
46 64 51 29 50 53 
 0 34 35 52 27 80 
 4  6  2  3 46 29 
61 67 62 76  5 
51 14 36 67 63  8 
51 13 49  8 54 15 
14 49 54 82 99 60 59 
17 18 73  0 55 80 
43 55 87 88 89 16 18 86 
74 37 73 16 17 86 
38 33 58 31 56 92 93 
69 72 71  7 39 30  6 
56 38 26 98 81 
74 48 37 47  4 68 
40 27 57 48 73 
58 31 41 68  3 65 66 
40 44 52 26 45 
38 45 59 99 52 25 21 98 
23 40 52 10 73 80 
86 87 41 37 58 94 90 
46 11  2  9 77 53 43 
75 70  6 39 20 
58 19 24 92 36 65 
 1 97 96 60 54  8 
19 38 45 62 93 
 0 10 35 96 97 70 
10 34 52 59 60 96 
13 67 61 63 92 31 65 
18 86 28 41 22 74 68 
19 33 45 26 56 21 
70 97 30  1 71 20 
44 42 23 27 52 25 57 
28 37 58 24 68 
72 76 44 40 69 79 57 
55 77 17 53 83 29 89 
40 42 79 45 25 
33 38 26 44 79 25 62 
29 11  3  9 64 66 
 4  6  7 22 48 
74 22 47  7 57 23 73 
82 85 51 14 50 15 
51  9 83 85 49 53 
 9 64 14 13 49 63 50 
40 27 10 35 59 26 25 
29  9 50 83 43 
60 32  8 14 15 
43 17 77  0 78 16 
38 19 58 94 95 21 81 
 7 48 69 23 42 40 
28 94 41 19 31 24 56 
60 35 26 99 52 15 
59 35 96 32 54 15 
36 67 12 92 62 93 
12 61 79 76 33 45 93 
13 51 64 36 65 
63 51  9 46 65 66 
63 64 24 31 36 66 
65 64 46  3 24 
13 36 61 12  8  5 
41 24  3 37 22  4 
72 42 57  7 20 
 0 34 78 97 39 75 30 
 5  1 72 39 20 
76 42 69 71  5 20 
23 27 18 74 48 16 80 
22 48 37 18 73 
 2  6 30 78 70 
72 42 79 62 12  5 
43 55 29  2 78 
 0 55 77 75  2 70 
44 42 76 45 62 
73 27 16 10  0 
95 56 21 84 85 82 98 
49 85 15 99 98 81 
84 85 91 50 53 43 89 
83 85 91 95 81 
49 82 84 83 50 81 
18 37 28 87 17 
28 86 90 88 17 
90 87 91 17 89 
17 88 43 83 91 
28 87 88 91 94 95 
83 84 95 90 88 89 
36 31 61 19 93 
92 61 62 33 19 
58 28 56 95 90 
56 94 91 84 90 81 
60 35 34 97 32 
 1 39 32 96 34 70 
26 99 21 82 81 
59 26 82 15 98 
