73 51 66 33 10 75 95 
 5  8 67 38 31 91 
 6 70 11 73 72 28 
62 23 64  4 11 43 
 3 11  6 64 21 44 
12 63  8 71  1 68 67 
 4 11 19  7  2 70 29 44 
53 45 19  6 65 44 
14 13 63 31  5  1 
48 47 50 28 43 60 
26 49 34 33  0 75 
 3 43 28  4  6  2 
63 57 58 71  5 
14 48  8 63 59 35 
46 48 15 31  8 13 
93 77 46 14 31 56 55 
84 83 81 40 51 17 94 
16 81 69 22 75 94 
54 30 52 37 32 98 99 87 
 7  6 29 65 68 38 67 
92 25 37 76 52 
 4 64 36 69 45 44 
69 45 53 39 26 75 17 
54 30 61 27 62 64  3 
39 41 49 25 42 
92 93 37 42 49 24 55 20 
39 22 49 10 75 
23 54 88 85 82 64 36 
72  2 11 50 40  9 43 
66 70 19  6 38 
54 18 23 61 87 
 1  8 14 15 56 91 90 
58 42 37 18 98 
66  0 10 34 91 90 
10 49 33 55 56 90 
87 61 59 57 63 13 
82 27 64 21 69 81 
25 42 32 18 52 20 
66 91 29  1 19 67 
41 97 53 22 26 49 24 
51 16 84 72 28 50 78 
74 42 97 39 24 
74 58 41 32 37 25 24 
28 11  9 60 62  3 
21 45  7  4  6 
69 22 53 21  7 44 
47 48 14 80 77 15 
48  9 50 46 80 78 
47  9 46 14 13 59 60 
26 39 24 25 10 34 55 
47  9 28 40 78 
73 72  0 40 16 94 95 
89 76 18 54 88 37 20 
45 22 39 97  7 65 
18 30 52 23 88 27 
34 49 93 25 56 15 
15 31 34 55 90 
12 63 58 98 99 87 35 
74 71 42 32 12 57 98 
61 60 48 13 35 
61 59 48  9 43 62 
23 30 87 59 60 35 62 
23 61 60 43  3 
12 57  8 13  5 35 
21  4 27 23  3 36 
 7 53 96 97 68 19 
29 38 70 73  0 33 91 
 1  5 68 38 19 
 5 71 96 65 19 67 
45 22 21 36 81 17 
66 29  6 73  2 
58 74 96 12  5 68 
73 51  2 40 28 
66 70 72 51  0  2 
58 71 42 96 97 41 
26 22 10  0 17 94 95 
89 52 92 77 80 79 20 
93 92 76 80 46 15 
80 47 79 50 84 40 86 
80 76 89 86 78 
76 77 46 47 79 78 
83 82 36 69 16 17 
83 85 81 27 36 
84 16 81 85 86 82 
40 16 83 86 78 
89 86 88 83 27 82 
89 85 83 84 79 78 
99 57 61 30 18 35 
89 85 52 54 27 
85 86 76 52 88 79 
33 34 91 56 31 
66 38 33  1 31 90 
93 77 76 25 20 
92 77 25 15 55 
17 16 75 51 95 
75  0 94 51 
74 71 97 68 65 
96 74 41 39 53 65 
32 18 99 58 57 
98 18 57 87 
