74 93 51 72 66 33 10 
38 89 67 31  5  8 
71 72 28 11  6 69 
43 11 62  4 23 64 
 6 44 11  3 21 64 
12 63  1 67 70  8 
44  4 11  7 19  2 69 29 
65 53 45 44 19  6 
14 31  5 63 13  1 
47 50 48 60 43 28 
 0 33 74 34 26 49 
 6  4  3 43 28  2 
70 58 57 63  5 
35 63 59 48 14  8 
48 13 46  8 15 31 
76 91 55 56 46 31 14 
17 80 92 51 40 83 82 
68 80 16 92 74 22 
30 85 96 52 37 54 32 
67 65  7  6 38 29 
90 25 75 37 52 
44  4 45 68 36 64 
74 17 68 53 39 45 26 
 3 62 54 30 61 27 64 
41 39 25 42 49 
90 91 20 37 42 55 24 49 
22 39 74 49 10 
36 81 23 54 84 86 64 
40 50 71  9 43 11  2 
69 66 38 19  6 
18 85 54 23 61 
89 88 56  1 15  8 14 
96 97 37 42 18 58 
88 34 89 66  0 10 
55 56 88 33 49 10 
13 63 57 85 59 61 
68 21 81 80 27 64 
25 42 20 52 18 32 
66 89  1 67 19 29 
95 41 53 24 49 22 26 
50 77 28 71 51 16 83 
95 39 73 42 24 
37 25 73 58 41 24 32 
 3 11 62 60  9 28 
 6  4  7 45 21 
 7 53 44 22 68 21 
79 76 48 47 15 14 
50  9 77 48 79 46 
47  9 46 60 14 13 59 
24 39 55 34 25 26 10 
47  9 77 40 28 
71 72 93 92 16 40  0 
75 20 37 18 87 86 54 
95 39 65  7 45 22 
30 18 52 86 23 27 
56 34 25 91 15 49 
55 34 88 31 15 
12 63 35 97 58 85 96 
73 42 32 97 70 12 57 
60 48 13 35 61 
 9 48 43 62 59 61 
60 62 59 30 85 35 23 
43  3 60 23 61 
13 35 57 12  5  8 
27 23 36  3 21  4 
67 19 95 94 53  7 70 
33 89 69 29 72  0 38 
65 19 38  1 70  5 
17 80 36 22 45 21 
 6  2 29 72 66 
65 94 67 73 58 12  5 
 2 72 28 51 40 
 2 71 51 69 66  0 
58 42 41 95 94 70 
93 92 17 22  0 26 10 
90 20 52 76 87 78 79 
90 91 75 79 46 15 
50 47 98 78 40 79 83 
75 87 98 77 79 99 
75 78 76 77 47 46 
68 17 16 36 81 82 
84 82 80 36 27 
99 84 98 81 80 16 83 
16 82 40 98 77 
87 86 99 82 81 27 
30 18 96 57 35 61 
84 87 52 54 27 
84 86 75 78 52 99 
56 34 33 89 31 
33 88 31 66  1 38 
25 91 20 75 76 
25 90 55 76 15 
16 17 74 93 51 
74 92 51  0 
95 65 73 70 
41 39 53 65 94 73 
18 85 32 97 57 
96 32 58 57 
77 78 99 82 83 
84 82 98 87 78 
