30 60 65 10 85 47 
35 61 28  8 81  5 
 6 62  4 64 25 40 
40  4 58 21 95 94 
41 19 58  6  2  3 40 
57 11  1 61  8 63 
 7 17 41  2 62  4 26 
41 42  6 17 49 59 
96 97 12 28  1 57  5 
40 55 98 99 25 46 44 
30 31 67 36 85 45  0 
89 53 57 63  5 
97  8 54 44 57 32 
28 96 52 83 69 43 51 
75 76 37 47 73 15 84 
93 20 73 14 84 67 
50 48 34 27 78 29 88 
 7  6 59 61 26 35 
34 48 68 82 23 
41 42 58 33  4 92 
93 42 87 36 49 15 67 
50 24 27 58  3 95 56 
23 45 36 38 39 
82 83 51 18 45 34 39 22 
79 50 77 33 74 21 58 
 9 40  2 64 37 46 
 6 17 62 60 35 
16 78 50 21 56 
96  8 81 52 13  1 
34 39 53 16 88 
81 31 60 10  0 
52 81 30 10 51 45 
12 54 57 56 78 89 
74 24 73 19 92 58 
18 48 16 29 39 23 
 1 61 17 26 60 81 
87 38 20 10 67 45 22 
47 14 76 70 64 25 46 
36 87 66 39 22 
38 66 53 29 34 23 22 
 4  2  3 25  9 94 55 
 7 42 19  4  6 
20 93 41  7 19 49 92 
13 69 96 72 99 97 44 
43 99 97 54 55 12  9 
10 31 51 36 23 22 
98 70  9 25 37 
64 37 14 65 84 85  0 
18 34 68 16 50 79 80 
 7 42 87 86 20 59 
16 48 27 79 24 21 
13 52 83 31 45 23 
81 31 28 13 51 
66 39 29 11 89 88 63 
12 44 32 56 55 
40  9 94 44 54 56 95 
21 27 95 78 32 54 55 
12  8 11 89  5 32 
33 24 21  3 19  4 
 7 17 61 49 86 63 
26 35 81 62 30 65  0 
59 17 35  1 63  5 
 6  2 26 64 60 65 
66 86 59 53 11 61  5 
25  2 37 47 62 65 
62 60 64 47  0 
38 39 87 86 53 63 
10 36 85 20 15 84 
18 48 80 71 72 69 82 
13 83 68 72 43 82 
71 90 76 72 37 98 46 
68 80 72 70 90 91 
68 69 71 70 43 99 98 
74 75 14 15 33 92 93 
33 24 77 73 75 
74 73 77 91 76 14 90 
37 14 70 90 75 
79 24 80 74 91 75 
27 16 88 89 56 32 
50 24 77 48 80 
79 77 68 71 48 91 
52 31 28  1 35 60 30 
83 69 68 18 23 
13 69 82 51 23 
15 14 47 85 67 
84 47 67 10  0 
66 87 49 59 63 
36 38 20 66 86 49 
29 16 78 89 53 
11 53 57 88 78 32 
70 71 76 91 75 
80 77 71 90 75 
19 33 93 42 73 
20 42 92 15 73 
40  3 95 55 
21  3 94 56 55 
28  8 13 43 97 
43 96  8 12 44 
72 99 70  9 46 
43 72 98  9 44 
