64 59 46 84 10 30 
35 80  8  5 28 60 
 4 40 25 61 63  6 
40  4 92 57 21 93 
40  3 57 19  2 41  6 
 8  1 11 62 60 56 
17 26 61  2  4 41  7 
17 58 48  6 41 42 
12 95  5  1 28 94 56 
54 98 97 96 45 25 40 
44 31 36  0 84 30 66 
 5 62 52 87 56 
53 32  8 95 99 56 
50 51 82 28 94 68 43 
37 46 72 15 74 75 83 
14 72 91 83 66 20 
77 86 49 47 29 34 27 
35 26 60 58  6  7 
34 23 81 47 67 
57 33 90  4 42 41 
48 42 91 66 36 15 85 
57 24 49  3 27 55 93 
23 39 38 44 36 
22 39 44 50 34 18 81 82 
76 78 49 57 33 21 73 
63  2 37 40 45  9 
61 59 35 17  6 
55 77 21 49 16 
 1  8 80 51 13 94 
34 39 52 86 16 
 0 59 80 31 10 
50 51 44 10 80 30 
77 87 12 53 55 56 
57 24 19 90 72 73 
23 39 29 16 47 18 
59 26 17 80  1 60 
44 10 38 22 66 20 85 
69 75 63 25 46 14 45 
22 39 36 65 85 
23 22 38 34 65 29 52 
 2 25  4  3 92  9 54 
 4 19 42  6  7 
90 19 41 91  7 48 20 
94 13 68 95 99 97 71 
31 50 23 22 10 36 
96 69 25 37  9 
64 63  0 37 84 14 83 
49 78 79 16 34 18 67 
 7 58 42 20 85 
78 24 47 21 16 27 
31 51 44 23 82 13 
31 50 80 28 13 
87 86 62 65 29 39 11 
12 32 99 55 54 98 
40 92  9 55 53 98 93 
77 32 53 54 27 21 93 
 5  8 11 12 87 32 
19  4 33 24 21  3 
62 65 17 60  7 48 85 
64  0 61 26 30 80 35 
35 17  5 62  1 58 
 6 26 64 63 59  2 
65 58 52  5 11 60 
64 46 37 25 61  2 
 0 59 63 46 61 
38 39 62 58 52 85 
36 10 84 83 15 20 
79 70 18 81 47 71 68 
67 81 71 82 13 43 
75 37 88 70 45 96 71 
79 89 88 69 67 71 
67 70 96 97 69 68 43 
90 33 14 15 91 74 73 
72 33 76 24 74 
76 89 88 75 14 72 73 
69 37 88 74 14 
78 24 79 89 74 73 
87 32 86 16 55 27 
76 24 49 47 79 
70 89 76 78 47 67 
31 51 30 59 28  1 35 
18 23 82 67 68 
50 23 81 13 68 
14 15 66 84 46 
 0 46 10 66 83 
20 48 65 38 36 58 
87 77 52 29 16 
77 32 86 52 11 56 
70 89 69 75 74 
70 79 76 74 88 
19 33 72 42 91 
42 90 72 15 20 
40  3 54 93 
55 21  3 92 54 
95  8 28 13 43 
12  8 99 94 43 
45 69 71 97  9 
98 99 71 96  9 43 
99 97 53 54  9 
98 97 53 12 95 43 
