63 58 30 45 81 10 
28  8 35 59 30  5 50 
40 25 62  4  6 60 
 4 40 89 21 56 88 
 6 41  2 19 40  3 56 
61 11 59 55  8  1 
26 17  7 41  4  2 60 
57 17 47 42 41  6 
55  5  1 28 12 90 91 
53 94 25 40 96 88 92 93 
 0 30 81 65 36 44 31 
83 51 61  5 55 
32 52 55  8 95 91 
43 90 28 67 49 79 50 
71 15 73 80 37 74 45 
71 14 80 65 20 87 
34 46 48 27 76 29 
59 35 26 57  7  6 
46 66 34 78 23 
86 33 41 42 56  4 
82 36 47 65 15 87 42 
48 27 54 89  3 56 24 
36 44 38 39 23 
79 49 22 44 78 18 34 39 
48 21 77 56 33 75 72 
62 37  9 40 96  2 97 
17 35 58  6 60 
48 21 16 54 76 
90 13  8  1 50 
16 34 39 51 83 76 
35 58  1  0 50 10 31 
50 30 10 49 44 
55 83 54 52 76 12 
56 19 86 24 72 71 
18 46 16 29 39 23 
59 17 26 30  1 58 
22 44 82 20 38 65 10 
74 14 62 25 45 97 
82 64 39 22 36 
64 51 38 22 29 34 23 
 4  3  2 25  9 88 
42  7 19  6  4 
47  7 41 87 86 19 20 
90 13 67 91 95 70 93 
36 22 23 49 10 31 
80 81  0 63 62 37 14 
18 66 34 16 48 98 99 77 
57 82  7 20 42 
27 21 16 46 77 24 
79 13 23 44 50 31 
 1 28 30 13 49 31 
83 11 64 39 61 29 
54 32 12 53 94 95 
54 52 89 88 94  9 
27 21 32 52 76 89 53 
83 11  5  8 32 12 
19 33  3 21  4 24 
59 17 61  7 64 82 47 
60 26 63 35 30  0 
17 35  5 61 57  1 
58 26 63  6  2 62 
51 11 64  5 59 57 
25 37 63 60  2 45 
58 60  0 62 45 
51 39 61 38 82 57 
15 20 36 80 81 10 
18 46 78 67 98 69 70 
43 13 78 66 79 70 
69 84 74 97 96 70 92 
85 99 84 98 66 68 70 
68 69 67 43 66 92 93 
15 14 73 72 33 86 87 
75 73 24 33 71 
84 85 75 72 74 14 71 
37 14 73 84 68 97 
85 99 73 72 77 24 
16 27 32 83 54 29 
75 99 46 48 24 
18 66 67 79 23 
49 13 67 78 23 
15 14 65 81 45 
80 65 45  0 10 
36 20 38 64 57 47 
51 11 55 32 76 29 
85 73 69 74 68 
84 73 69 99 75 
33 19 71 87 42 
71 15 86 20 42 
 3 40 89  9 53 
 3 21 54 88 53 
43 13 28  8 91 
90 43  8 95 12 
68 96  9 70 93 
70 43 92 95 94  9 
53 52 95  9 93 
52 94 91 43 12 93 
25  9 68 97 92 
68 96 74 37 25 
69 66 99 46 
85 69 98 46 75 77 
