40  5 50 77 72 49 
87  8 31 63 37 36 
30 33 36 64 65 81 37 
 5 28 50 23 26 74 
84  7 85 21 92 93 83 
28  3 82 40  0 50 
31 63 32 10  9 20 
69 57 84 21  4 
48 87 31 66  1 73 
 6 32 10 43 16 46 53 
53 19  9  6 20 
39 56 45 74 23 16 
28 82 97 96 26 93 83 
42 32 25 14 73 66 
78 47 73 13 79 17 25 
96 38 54 26 75 91 
11 39 23 43  9 46 
89 51 88 79 14 25 
53 22 71 72 57 58 49 
22 27 53 99 10 20 
98 54 63  6 10 19 99 95 
 7 57 22 27 92  4 
19 27 21 57 53 18 
50  3 74 11 16 46 
84 59 29 30 85 86 
42 41 13 17 14 88 
28  3 12 96 15 75 74 
22 19 38 97 21 99 92 
 5  3 82 12 26 
30 24 68 62 85 33 
36  2 29 24 86 33 
63  6 32 66  8  1 
42 13 31  6  9 66 43 
29 62 30  2 81 34 61 
81 33 55 61 89 88 
78 76 77 70 58 71 
87 86 30  2 37  1 
65 94 36  2  1 63 95 
96 15 97 27 99 54 98 
41 56 11 42 16 43 
82 44  5  0 77 76 
39 56 42 25 55 88 
41 39 25 13 32 43 
16 39 42 32  9 
82 40 67 52 51 76 
11 56 80 75 90 74 
16  9 23 50 53 49 
73 14 48 70 60 78 
73  8 47 60 59 86 87 
53 46 50 18 72  0 
 5  3  0 23 46 49 
52 44 89 17 76 79 
67 44 62 51 89 61 
19 22 18 10 49 46  9 
38 15 91 94 98 20 95 
41 56 80 88 34 81 
41 39 11 45 80 55 
69 58  7 21 22 18 
69 57 70 18 71 35 
84 24 60 48 86 
84 59 69 70 47 48 
52 62 89 34 33 
68 67 29 52 33 61 
31  6 20  1 37 95 
80 90 65  2 81 
90 64  2 91 94 37 
32 13 31  8 73 
82 44 68 62 52 83 
67 62 29 85 83 
58 57  7 84 70 60 
69 58 60 47 35 78 
77 35 72 58 18 
77  0 71 18 49 
47 14 13 48  8 66 
75 45 11 26  3 23 
26 15 90 45 74 91 
78 35 77 51 44 40 79 
40  0 72 76 35 71 
14 47 76 35 70 79 
14 17 78 51 76 
45 56 90 64 55 81 
80 64 55 34 33  2 
28 12  5 40 44 67 83 
 4 85 93 68 67 82 12 
24 59 69  7 60 85  4 
84 24 29 68  4 83 
36 30 24 59 48 87 
36 86 48  8  1 
41 25 55 17 89 34 
51 52 17 61 34 88 
75 45 80 64 91 65 
54 15 94 75 90 65 
97 27 21  4 93 
 4 92 97 12 83 
91 54 65 37 95 
20 63 37 94 54 
38 15 97 12 26 
96 12 38 27 92 93 
99 38 54 20 
38 27 19 98 20 
