55 60 28 10 42 78 
47 99 28 56  5  8 33 
24 59 97 96 57  6  4 
96 84 85 20  4 53 
 3 96  2  6 53 18 38 
56  1 58  8 52 11 
16  7  2 57 25  4 38 
44 54 16  6 39 38 
 1  5 52 99 12 98 86 87 
24 97 90 50 84 88 92 89 
28  0 29 34 41 78 62 
52  5 58 48 79 
 8 52 49 91 87 30 
86 40 46 76 47 64 98 
70 68 77 71 42 35 
26 45 43 73 32 27 
 7 54 56  6 25 33 
43 63 32 22 75 
82 31 39 53  4 38 
44 36 34 39 83 62 
26 51 45 23 85  3 53 
34 41 36 37 22 
21 37 41 32 17 75 76 46 
72 74 45 69 31 20 53 
 2 59 97  9 35 93 92 
57 55 16  6 33 
45 15 73 51 20 
73 15 32 48 37 79 
55  0 10 29 47  1 33 
46 41 28 10 47 
73 51 49 12 52 79 
82 68 69 23 18 53 
43 15 17 22 37 27 
16 56 25  1 55 28 
36 19 21 41 10 62 
24 59 93 71 42 14 
61 37 44 19 34 21 
36 61 48 21 22 32 27 
39  7 18  6  4 
18 82 44  7 19 83 38 
87 91 86 13 64 89 67 
34 21 22 46 29 10 
35 59 60  0 14 77 78 
94 63 17 45 74 15 95 32 
61 54  7 36 19 39 
23 74 26 15 43 20 
22 41 76 29 13 47 
28 29 46 13  1 99 98 
61 37 58 11 27 79 
90 91 12 50 51 30 
90  9 84 49 51 85 
26 73 49 50 20 30 85 
 8  5 11 12 30 79 
20 23  3 31 18  4 
58 61 56 44  7 16 
25 57 60  0 28 33 
 1  5 58 54 16 33 
 2 59 60 25  6 55 
61 54 56  5 11 48 
 2 57 60 24 35 42 
59 57 55  0 42 
58 54 44 36 37 48 
10 34 78 77 83 19 
43 94 17 75 66 64 67 
13 40 76 75 63 67 
66 80 71 93 92 88 67 
80 81 95 94 63 65 67 
65 66 88 89 63 64 40 
82 31 83 77 69 70 14 
68 70 72 31 23 
81 72 69 68 80 14 71 
35 14 80 70 93 65 
23 74 81 70 95 69 
26 15 51 27 30 79 
23 72 45 43 95 
17 22 76 63 64 
75 22 46 13 64 
83 68 14 42 78 62 
10  0 42 77 62 
27 73 30 48 11 52 
81 70 66 65 71 
72 70 95 80 66 
68 31 18 83 39 
68 82 77 39 19 62 
97  9 50 96  3 85 
50 51 84 20  3 
87  8 40 13 98 
86  8 12 91 40 
92 65  9 89 67 
90  9 88 91 40 67 
 9 50 49 91 89 
49 12 87 40 90 89 
65 93 88  9 24 
35 24 71 65 92 
43 63 95 66 
72 81 74 43 94 66 
97  2 84  3  4 
24  9  2 84 96 
47 99 13 86  8 
 1 47  8 98 
