76 10 27 54 59 41 
27 46 97 55  5  8 32 
56  6 58 23  4 94 95 
83 19  4 94 82 52 
37  6  3 52 94  2 17 
 8 51 55 57  1 11 
15  7 56 24 37  4  2 
38 43 15  6 53 37 
96 97  1 84  5 51 85 
49 82 88 95 23 87 86 90 
76 61 33 40  0 27 28 
 5 51 77 57 47 
45 74 46 62 96 84 39 
66 75 68 69 34 41 
44 42 31 25 71 26 
 7  6 32 55 53 24 
31 42 21 73 98 
80 38 37 30 52  4 
35 43 38 81 33 61 
22 44 83  3 52 50 25 
33 40 21 36 35 
31 16 73 74 36 40 20 45 
44 19 67 30 70 72 52 
 2 58 95  9 90 34 91 
32 54 56 15  6 
50 71 14 44 19 
77 71 14 31 47 36 
 0 54 10 28 46  1 32 
27 10 46 45 40 
50 48 71 77 51 
80 66 67 22 52 17 
16 42 21 36 14 26 
27 54  1 24 55 15 
40 10 61 20 35 18 
91 69 23 58 13 41 
60 43 20 33 36 18 
31 21 60 47 20 35 26 
38  7  6  4 17 
 7 43 80 81 37 17 18 
65 62 87 89 84 12 
33 10 20 21 45 28 
58 34 59 13  0 76 75 
16 31 98 44 72 93 14 92 
38  7 53 60 35 18 
22 19 72 42 14 25 
40 21 74 12 46 28 
45 12 27 28 96 97  1 
60 57 36 11 77 26 
88 89 49 85 51 50 29 
88  9 48 82 83 50 
83 49 48 19 29 71 25 
 5  8 85 48 11 77 29 
22 19  3 30  4 17 
 7 43 15 55 57 60 
24 56  0 27 59 32 
15 32 53 57  1  5 
24 54 58  2 59  6 
53 55 60 47  5 11 
23  2 34 56 59 41 
 0 54 56 58 41 
53 57 43 47 36 35 
75 81 76 10 33 18 
73 99 74 65 12 39 
78 64 65 86 90 91 69 
92 99 93 79 65 78 63 
99 62 64 63 86 87 39 
75 81 30 67 68 80 13 
70 68 66 30 22 
66 13 70 67 79 78 69 
63 78 91 13 68 34 
67 68 22 79 72 93 
29 50 77 25 14 26 
22 70 44 42 93 
99 62 16 21 98 74 
73 62 21 45 12 
61 81 76 66 13 41 
61 10 75  0 41 
11 51 47 29 71 26 
79 68 64 63 69 
70 68 93 64 78 
38 81 66 30 17 
61 75 66 80 38 18 
 9 49 83  3 94 95 
82 49  3 19 50 
89 85  8 96 12 39 
 8 51 84 89 48 
65 63 87  9 90 
65 86 89 88  9 39 
89 87  9 49 48 
84 85 48 88 87 39 
63 86  9 23 91 
90 63 23 34 69 
98 99 42 93 64 
79 70 72 42 92 64 
 2  4  3 82 95 
82 94  9 23  2 
12 84  8 97 46 
96  8 46  1 
99 73 16 42 92 
73 62 98 92 64 65 
