51 56 40 73 26  9 
26 44 31 52  8  5 91 
89 22 55 53  6 88  4 
88  4 49 79 80 18 
 6  2 88 36  3 16 49 
48 10  8 54 52  1 
36  7 14 23 53  2  4 
50 41 36  6 14 37 
48  5 91 90 81 82  1 
39 27 73 58  0 26 32 
48  5 54 74 45 
44 90 43 81 38 59 71 
65 63 72 40 33 66 
30 25 68 99 98 42 24 
52 50  7 23 31  6 
30 20 70 92 98 
37 36 77 29 49  4 
41 34 37 78 58 32 
 3 49 80 21 42 24 47 
39 20 35 34 32 
30 15 39 19 35 70 43 71 
49 29 42 69 67 64 18 
33 87 94 89 55  2 
51 31 14  6 53 
68 13 42 47 18 
30 13 45 74 35 68 
51  0 44 27  1 31  9 
44 26 43 39  9 
74 48 46 47 85 68 82 
16 77 63 64 49 21 
25 13 15 20 35 98 
14 23 51 26  1 52 
 9 58 39 19 17 34 
22 55 87 40 12 66 
41 57 17 35 19 32 
19 20 30 45 57 25 34 
 6  7 37 16  4 
36  7 41 17 78 77 16 
81 86 84 62 11 59 
19 20 43 27  9 32 
56  0 73 33 12 72 55 
50  7 57 34 17 37 
21 69 99 13 24 18 
44 27 39 20 11 71 
26 27  1 91 90 43 11 
54 57 10 74 25 35 
47 28 85 95 79 80 
46 28 68 24 80 18 
10  5  8 74 28 82 
21 29 16  4  3 18 
54 57 52 41  7 14 
56  0 53 23 31 26 
54 50  5 14 31  1 
 2 55 56 51 23  6 
50 57 52 10  5 45 
53  2 56 22 33 40 
51  0 53 55 40 
50 54 45 41 34 35 
73 72 78 17  9 32 
70 93 62 38 11 71 
66 87 75 62 61 83 
62 93 60 75 92 96 76 
93 61 60 83 84 38 59 
65 12 64 72 77 78 29 
65 67 21 29 63 
75 66 12 76 67 64 63 
60 87 75 33 12 65 
21 69 97 65 76 64 
74 28 47 25 13 24 
99 97 42 21 67 
15 20 92 93 59 71 
59 70 11 43 20 
73 58 63 12 40 78 
72 58 40  0  9 
10 48 28 45 25 68 
60 66 61 65 76 
65 75 67 97 61 96 
37 78 63 16 29 
17 58 72 37 77 63 
89 88 94  3 46 95 80 
 3 79 46 47 18 
 8 90 82 86 38 11 
28 48 85  8 81 86 
84 95 60 87 62 94 
85 86 95 83 62 38 
46 28 82 86 84 95 
84 85 82 81 38 
60 66 83 33 22 94 
 2  4 89 79  3 
88  2 22 94 79 
81  8 91 44 11 
44  1 90  8 
96 61 93 99 70 15 98 
62 61 92 70 59 
83 87 95 22 89 79 
46 85 84 83 94 79 
99 97 92 61 76 
96 99 69 67 76 
92 15 99 30 13 
96 97 92 69 98 13 42 
