50 54 26 39 71  9 
31 26 51  5  8 89 43 
 4 86 87 22 99 52  6 
86 77 78 48  4 18 
 2 86 36 16 48  6  3 
53 10 47 51  8  1 
 7 14 36 52  2  4 23 
49 14 37 40 36  6 
47 80 89 88  5 79  1 
56 32 71 27 26 38  0 
53  5 47 72 44 
69 57 42 43 88 79 
70 39 61 33 64 63 
30 25 66 24 96 97 41 
49  7 51  6 31 23 
30 20 90 68 96 
75 29 37 36  4 48 
76 37 40 56 32 34 
24 46 78  3 48 21 41 
38 32 20 34 35 
30 15 68 38 19 42 69 35 
18 48 29 65 67 62 41 
98 99  2 87 92 85 33 
50 52 31 14  6 
18 46 66 13 41 
13 30 44 72 66 35 
27  9 43 50  0 31  1 
26  9 43 42 38 
47 72 45 46 80 83 66 
75 61 16 48 21 62 
15 20 13 25 96 35 
50 26 23 14 51  1 
56 17  9 38 19 34 
85 22 64 12 39 98 
32 17 19 40 55 35 
30 25 44 19 20 55 34 
37 16  7  4  6 
76 17 40  7 75 16 36 
32 19 20 42 27  9 
70 12 33 71  0 54 98 
37 17  7 49 55 34 
18 24 97 67 21 13 
27 43 38 20 69 11 
26 27 42 11 88 89  1 
72 25 10 53 55 35 
93 77 28 46 83 78 
28 45 78 18 24 66 
72 10  5 28 80  8 
 3  4 18 21 29 16 
 7 14 40 55 53 51 
52 23 54  0 26 31 
53  5 49 14 31  1 
99 54  2 50 23  6 
 5 10 55 49 51 44 
52 99 50  0 39 98 
49 40 53 44 34 35 
70 76 17 32  9 71 
68 91 60 69 84 11 79 
60 59 73 81 85 64 
58 60 73 91 90 94 74 
58 59 81 57 91 84 82 
70 12 76 75 29 63 62 
63 61 29 65 21 
64 73 74 62 61 12 65 
63 73 58 85 33 12 
95 67 74 63 62 21 
24 13 72 25 46 28 
95 97 65 21 41 
90 15 20 91 57 69 
68 57 42 20 11 
39 12 61 76 56 71 
39 70 56  9  0 
47 10 28 44 25 66 
58 59 63 64 74 
63 73 94 95 59 65 
61 76 29 37 16 
37 17 70 61 56 75 
93 92 45 78 87 86  3 
45 46 77 18  3 
84 80 57 11 88  8 
79 84 28 47 83  8 
58 85 60 92 93 82 
81 60 84 83 93 
93 82 45 84 80 28 
57 60 83 80 82 79 
81 58 22 92 64 33 
87 77  3  4  2 
22 92 77 86  2 
11 43 79 89  8 
88 43  8  1 
68 15 91 59 94 97 96 
68 90 57 60 59 
22 87 93 77 85 81 
92 77 81 45 83 82 
90 59 74 95 97 
74 94 97 67 65 
90 15 97 30 13 
94 90 95 67 96 13 41 
39 54 99 33 22 
52 54  2 22 98 
