26  9 49 53 38 70 
85  8 42 26 31 50  5 
 4 83  6 51 95 22 
75 83 47 18 76  4 
 2 83 36 16  3  6 47 
 1  8 50 46 10 52 
 4  2 36 51 23  7 14 
74 36 39  6 14 48 
78 46  1 85  5 77 84 
27 26 55 32 37  0 70 
71 43 52 46  5 
56 68 77 41 42 84 
69 60 63 33 62 38 
30 25 24 40 65 92 93 
 6  7 23 31 50 48 
30 20 92 86 67 
36 74  4 29 47 
99 74 39 34 32 55 
24 45 40 21 47  3 76 
35 20 34 32 37 
19 35 30 15 67 68 41 37 
29 61 40 18 64 47 66 
 2 83 88 33 94 95 82 
51 49  6 14 31 
40 13 18 45 65 
35 43 71 30 13 65 
 1 42 27  9 31 49  0 
26 42  9 41 37 
46 78 71 97 45 65 44 
74 98 16 60 61 21 47 
25 35 15 20 13 92 
50  1 49 23 14 26 
34 19 17 55  9 37 
63 12 82 38 94 22 
35 19 54 39 17 32 
19 20 54 43 25 34 30 
74  7 16  4  6 
19 20 41 32 27  9 
94 33 53 12  0 69 70 
74  7 17 34 54 48 
24 13 18 21 93 66 
27 42 68 20 11 37 
85  1 26 27 41 11 84 
35 54 10 71 52 25 
76 75 89 96 45 97 28 
18 24 65 28 76 44 
78 28 71 10  8  5 
29 21 18  3  4 16 
50 52 14  7 39 54 
26 31 23 51 53  0 
31  1 14  5 52 48 
23  6 53 95 49  2 
10 43 54  5 50 48 
51 95 49 94  0 38 
35 43 52 34 39 48 
32  9 69 99 17 70 
67 68 87 59 11 77 81 
82 79 63 59 58 72 
86 90 73 59 87 57 72 
79 80 87 58 56 81 57 
29 98 61 69 12 62 
60 62 29 21 64 
61 60 12 64 73 63 72 
82 33 12 62 57 72 
73 91 61 21 62 66 
24 45 28 71 13 25 
64 91 93 40 21 
56 68 86 15 20 87 
67 56 20 41 11 
99 98 60 12 55 38 70 
55 69 38  0  9 
10 43 25 46 28 65 
57 63 73 62 58 
90 58 91 64 62 72 
99 98 17 36  7 16 39 29 
83  3 89 88 76 44 
18  3 75 45 44 
78  8 11 56 81 84 
46 28  8 97 81 77 
89 80 88 59 82 57 
79 89 59 96 81 
77 78 97 96 80 56 59 
88 22 79 33 63 57 
75  3 88 22  2  4 
11 77 85  8 42 
 1  8 42 84 
90 58 92 15 67 93 87 
59 58 56 86 67 
22 83 75 89 79 82 
44 75 88 79 80 96 
86 58 73 91 93 
73 90 64 93 66 
86 15 30 13 93 
90 91 40 13 92 86 66 
53 95 38 33 22 
53 51 94  2 22 
97 81 80 89 44 
78 81 96 28 44 
74 99 29 60 69 
74 98 17 69 55 
