49  5 48 70 75 39 
62 31  8 85 36 35 
79 63 32 36 35 30 64 
 5 28 23 49 72 26 
91 90 82 83 81 21  7 
28  3 80 49  0 39 
62 31 20 10  9 98 
82 68  4 21 56 
 1 31 85 65 71 47 
98 42 45 52 16  6 10 
 6 20  9 52 19 
44 55 72 23 38 16 
28 80 26 94 81 91 95 
25 14 71 65 99 41 
77 76 46 71 17 25 13 
94 37 89 73 26 53 
11 23 45 38 42  9 
87 50 86 77 25 14 
22 56 57 70 52 48 
10 20 96 97 22 27 52 
53 96  6 62 93 10 19 
 4 90 27 22 56  7 
18 56 52 21 27 19 
49  3 72 11 45 16 
82 58 83 29 30 84 
13 14 17 86 40 41 
28  3 72 73 12 94 15 
37 95 90 97 21 22 19 
 5  3 80 12 26 
83 24 30 32 67 61 
29 24 32  2 84 35 
 1 62  8 65  6 99 98 
29 30 79 33  2 61 60 
54 79 32 86 87 60 
74 75 69 57 70 76 
84 85 36  2  1 30 
 1 62 35  2 64 93 92 
94 15 95 27 97 96 53 
40 55 11 41 42 16 
74 75 80  5  0 43 
54 55 86 25 38 41 
99 13 25 40 42 38 
41 99 38 98 16  9 
39 80 74 50 66 51 
78 55 72 73 11 88 
48 52 49 23 16  9 
76 14 69 59 71 47 
71 46 59 58 84 85  8 
18 52 49  0 70 45 
23  3  5  0 48 45 
43 74 87 17 77 51 
87 50 60 61 43 66 
45  9 22 18 48 10 19 
96 37 15 89 20 93 92 
78 55 40 79 86 33 
44 78 54 40 11 38 
57 68 18 22 21  7 
56 68 34 70 18 69 
59 82 24 84 47 
82 58 68 69 46 47 
32 33 61 87 51 
32 29 67 60 66 51 
 1 31 36  6 20 93 
79  2 78 88 64 
88 63 89  2 36 92 
 8 31 71 13 99 
61 67 43 80 81 51 
29 83 81 61 66 
57 56 82 59 69  7 
59 46 76 68 34 57 
48 18  0 75 57 34 
46 14 13 65 47  8 
73 44 23  3 26 11 
89 15 72 44 26 88 
39 75 43 34 50 76 77 
 0 70 74 39 34 
34 74 69 77 46 14 
50 74 76 17 14 
44 55 54 79 63 88 
63  2 32 78 54 33 
28 12  5 39 81 43 66 
80 12 91  4 83 67 66 
59 58 68 24 83  4  7 
82 24 29  4 81 67 
24 58 30 35 85 47 
 1  8 84 35 47 
17 25 40 54 87 33 
50 17 86 33 60 51 
73 44 89 78 63 64 
73 15 88 64 53 92 
91  4 95 27 21 
 4 90 81 12 95 
53 89 93 64 36 
20 62 53 36 92 
37 15 26 12 95 
91 90 37 94 12 27 
97 37 53 20 19 
37 27 96 19 
99 31 42  9  6 
65 13 31 41 42 98 
