 9 25 49 36 66 
 5 96  8 29 25 81 40 
 4  6 91 21 47 79 
71 72 79  4 45 17 
 2  6 34 15 79  3 45 
 1  8 44 10 48 97 96 
 4  2 34 47 22 14  7 
70 34 14 46  6 37 
 5  1 73 74 80 44 81 
26 25  0 35 30 51 66 
44  5 48 67 41 
64 52 73 80 39 40 
31 36 59 58 65 56 
28 88 24 61 23 89 38 
22  6 29 97 46  7 96 
 4 34 70 45 57 94 
30 32 51 37 70 95 
43 72 23  3 45 38 20 
35 19 32 33 30 
35 18 63 64 33 28 98 39 99 
17 45 60 62 38 57 
31 90 79 84  2 78 91 
47  6 14 29 49 
13 61 43 17 38 
13 28 33 61 67 41 
 1 29  9 26  0 49 40 
39 35  9 25 40 
61 43 67 44 42 93 74 
13 88 24 33 19 98 
 1 25 96 14 22 49 
32 18 35  9 51 16 
12 36 21 78 90 59 
33 18 30 50 16 37 
32 18 28 24 19 50 41 
 4 15  6 70  7 
18 19 39 26  9 30 
 0 49 31 12 66 90 65 
 7 46 70 16 32 50 
13 23 89 62 17 20 
64 11 26 35 19 40 
 1 25 81 26 80 11 39 
33 24 50 67 10 48 
71 72 85 43 27 92 93 
61 23 27 42 72 17 
 5  8 10 67 27 74 
 3  4 15 57 17 20 
48 50 97 14  7 37 
49 22  6 91  2 
10  5 50 46 97 41 
 0 36 29 22 25 90 47 91 
33 32 48 46 41 37 
30  9 66 16 65 95 
64 11 55 83 77 63 73 
54 68 59 55 75 78 
68 53 55 83 82 86 69 
54 53 83 75 52 77 76 
58 12 65 57 95 94 
94 56 15 45 58 60 20 
56 57 12 69 68 59 60 
68 53 12 31 78 58 
58 69 57 87 62 20 
13 24 23 43 27 67 
87 89 60 38 20 
82 83 52 64 19 99 
52 11 63 19 39 
66 51 12 36 56 95 
 9  0 51 36 65 
10 44 27 61 24 41 
54 53 59 69 58 
54 68 86 58 60 87 
34 15  7 37 16 95 94 
 3 72 79 42 85 84 
71  3 42 43 17 
52 11 77 74  8 80 
73  8 44 27 93 77 
85 84 55 53 78 76 
55 75 77 92 85 
93 92 52 55 76 73 74 
21 31 59 75 84 53 
 3 71  4  2 84 21 
73 11  8 81 40 
 1  8 80 40 
54 83 86 63 99 88 89 
54 55 52 82 63 
85 75 21 79 78 71 
75 84 42 92 76 71 
82 54 69 89 87 
89 86 62 69 60 
28 13 98 82 99 89 
82 88 86 13 87 62 38 
31 36 49 21 91 
90 49 47 21  2 
42 85 93 76 77 
42 27 92 74 77 
57 56 95 15 70 
65 51 56 16 70 94 
 5  1 97 29 14 
48  5 46 14 96 
28 19 88 99 
63 82 88 98 19 
