45 23 33 61  9 
23 37 27 76  5 90 
85 43 79  6  4 74 
74  4 41 17 66 67 
 6 31  2 15 41 74  3 
 8 40 10 44 91 76 90  1 
14  7 31  2 43  4 20 
14 42 34  6 31 65 
 5 76 40 75 68 69 
 0 61 47 28 23 32 24 
40  5 62 44 98 99 
59 48 36 37 68 75 
33 29 60 55 54 52 
35 83 21 56 26 22 
42  7  6 20 27 91 90 
31  4 41 65 88 53 
65 34 89 47 28 94 
35 19 21 39 41  3 67 
92 59 36 26 30 32 28 95 
57 35 96 17 97 41 53 
27 14  6 43 45 
13 56 35 39 17 
26 13 30 56 62 99 
 1 37 27 45  0  9 24 
23 37  9 36 32 
56 39 40 69 87 62 38 
13 83 93 92 18 30 22 
 1 23 20 45 14 90 
47 16  9 94 32 18 95 
33 84 85 73 12 55 
26 18 22 99 98 46 95 
 6  7  4 65 15 
 9 28 36 18 24 
29 84 45  0 61 60 12 
42  7 65 16 94 46 
13 83 57 19 17 21 
59 18 11 37 32 24 
36 11  1 23 76 75 24 
25 39 87 86 80 66 67 
56 25 21 17 38 67 
25 69  8  5 10 62 
17 19  3  4 15 53 
14  7 34 91 44 46 
85  2  6 20 84 45 
10  5 98 91 42 46 
20 27 23  0 33 84 43 
30 98 94 34 42 44 95 
89 16 28  9 61 60 
11 59 78 51 58 72 68 
50 63 73 70 51 55 
51 78 77 81 64 63 49 
78 48 72 50 70 71 49 
53 88 54 89 60 12 
15 88 52 41 54 97 19 
64 97 63 55 52 12 53 
63 54 12 29 73 49 
25 39 21 13 62 22 
82 83 35 19 96 
77 78 59 48 93 92 
92 18 11 48 36 58 
33 61 47 89 12 52 
 0 33  9 47 60 
25 56 40 10 22 99 
64 54 55 50 49 
82 81 96 97 54 63 50 
31  7 34 16 89 88 15 
74  3 38 80 79 67 
17  3 66 39 38 
11 48 72 75  8 69 
25 40 87 72  8 68 
71 51 49 73 79 80 
70 51 72 86 80 
51 48 68 71 86 87 69 
55 29 49 70 79 85 
 4  3  2 79 66 
11 37 76 68  8 
 1 37  5  8 75 
81 83 93 58 78 50 
51 48 58 77 50 
 2 74 66 73 70 85 80 
86 71 38 66 79 70 
82 83 64 77 50 
81 83 64 96 57 
82 81 13 35 77 93 57 26 
29 33 45 85 43 
29 84 73 43  2 79 
71 72 87 80 38 
25 69 72 38 86 
65 89 15 53 52 
65 88 16 47 60 52 
91  5 27 14  1 
44  5 42 14 90 
59 18 26 93 58 
77 83 26 92 58 
34 16 28 46 95 
46 30 94 18 28 
82 64 57 19 97 
64 54 96 19 53 
44 10 99 30 46 
10 98 62 22 30 
