 9 59 24 33 23 98 
 5 74 88 23 37 27 
83 77 43  6  4 72 
 4 41 72 17 65 64 
 2  6 72  3 41 31 15 
88 89 74  1 44  8 10 40 
 2  4 43 14  7 31 20 
42 34  6 14 31 63 
74 73 66  5 40 67 
46 59 24 32 28  0 
44  5 95 60 94 40 
57 47 36 66 73 37 
52 53 58 33 50 29 
81 26 35 22 54 21 
 6  7 42 89 88 27 20 
41  4 31 86 51 63 
46 28 90 87 34 63 
19 41 35 21 65 39  3 
36 32 28 91 30 26 57 96 
51 41 93 92 55 35 17 
14 27 99 43  6 
54 39 35 13 17 
26 13 30 54 60 95 
 0 24 98 37  1 27 
36 32  9  0 23 37 
67 85 54 60 39 38 40 
30 18 81 13 97 96 22 
14 20 88 99  1 23 98 
32 18 91 90  9 46 16 
12 53 33 82 71 83 
91 45 18 26 22 95 94 
 6  4  7 15 63 
36 18 28 24  9 
58 59 12  0 29 82 98 
42  7 45 90 16 63 
81 13 19 55 21 17 
32 18 57 24 11 37 
23  1 74 73 24 36 11 
65 39 85 84 78 64 25 
21 54 38 65 17 25 
25 60 67 10  8  5 
15 51 19  4  3 17 
34  7 45 14 89 44 
83  2 82 20 99  6 
 5 89 42 45 10 94 
30 91 34 42 90 44 94 
58 87 59  9 28 16 
76 56 49 57 70 11 66 
62 79 61 76 49 68 
76 48 47 70 68 69 
58 12 52 86 87 93 51 
15 41 19 93 86 50 
62 61 53 12 93 50 
29 12 52 61 71 
22 13 60 21 39 25 
80 92 19 35 81 
76 47 75 57 97 96 
47 56 36 18 11 96 
46 87 59 33 12 50 
58 46  9  0 33 
54 22 95 10 25 40 
62 52 48 53 71 68 
52 61 48 79 93 92 80 
16 34  7 31 15 86 87 
38 65 78  3 72 77 
38 39 17  3 64 
70 47 11 73  8 67 
 8 66 70 85 25 40 
71 77 78 48 61 49 69 
78 84 68 49 70 
47 49 66 85 84 67 69 
77 83 53 61 29 68 
 2 77  4  3 64 
 8 74 11 66 37 
 8 73  5  1 37 
76 79 56 97 81 80 
48 79 49 47 56 75 
71 83 68 78 72 64  2 
38 84 68 77 64 69 
62 48 76 75 80 
62 79 92 75 81 55 
97 75 26 13 35 80 55 
43 83 99 29 33 98 
43  2 82 77 71 29 
85 70 38 78 69 
84 70 38 67 25 
15 51 63 87 50 
46 58 16 86 63 50 
14 89 27  1  5 
42 14 88  5 44 
28 91 45 34 16 
28 18 30 45 90 
93 62 19 80 55 
62 52 92 19 51 50 
10 44 95 45 30 
22 60 10 30 94 
57 56 97 18 26 
75 56 81 26 96 
33  0 23 82 99 27 
20 43 82 98 27 
