31 55  9 22 21 92 
 5 82 25 68 34 21 
77 71 66 39  6  4 
66  4 59 37 15 60 
29  6  2 66 98 37  3 
82  1 10 40  8 83 68 
39 18  7 29 94  4  2 
29  6 95 38 94 58 
10  5 56 68 67 61 62 
55 42  0 26 30 22 
40  5 88  8 56 89 
61 67 43 34 33 53 
31 54 46 48 27 49 
24 20 50 19 32 75 
42 81 26 84 58 
32 19 17  3 37 60 36 
85 28 24 90 53 33 30 26 
32 15 37 47 87 86 51 
39  6 94 25 93 
13 50 32 15 36 
13 24 28 50 89 
25  1 34 22  0 92 
21  0 34 33  9 30 
50 56 36 35 79 62 
13 20 28 90 16 75 91 
18 93  1 82 21 92 94 
14 42 85 84 16 30  9 
31 12 76 77 49 96 
85 16 41 24 20 88 89 
 7  6  4 98 58 99 
33 16 26  9 22 
12 54 27 55  0 76 92 
13 19 15 17 51 75 
11 34 53 16 30 22 
11 67 33 68  1 21 22 
60 59 36 23 79 78 72 
50 19 23 15 60 35 
47 17  3 15  4 98 
41 84 40  7 95 83 58 
77  2 18 93  6 76 
41 38 88 10  5 83 
84 38 85 28 40 88 
81 54 55 14  9 26 
61 11 53 52 70 45 65 
45 70 63 49 73 57 
70 44 43 63 64 65 
81 54 48 87 47 12 80 
37 17 87 98 99 46 80 
49 57 87 46 12 
27 96 63 44 57 48 12 
13 20 19 89 56 23 36 
86 17 32 74 75 
53 90 43 70 69 91 
11 33 90 52 43 16 
31 12 46 81 42 55 
42 54 31  0  9 
10  8 50 89 23 62 
49 44 73 48 87 86 74 
80 81 14  7 29 38 84 99 
66  3 71 60 35 72 
 3 15 59 35 36 
11 67 43 65 62  8 
61 65 79  8 56 23 
97 71 45 44 64 96 49 72 
45 63 72 78 65 
61 43 45 78 79 64 62 
 3  4 59 71  2 
11 61 34 68  8 
 5  1 34 67  8 
70 52 73 74 75 91 
45 44 43 52 73 69 
77  2 66 97 59 63 72 
59 35 78 71 64 63 
70 44 57 69 74 
51 86 57 73 69 75 
32 13 51 24 74 69 91 
27 31 77 39 93 92 
39  2 27 76 96 97 71 
35 79 72 64 65 
78 65 23 35 62 
46 47 81 58 99 
46 54 42 80 14 58 
 1 25  5 94 95 83 
82 95 38 40  5 
41 38 85 26 14 58 
84 41 28 16 26 
87 17 51 57 74 
47 17 86 57 48 46 
28 41 40 10 89 
50 20 28 88 56 10 
24 16 53 52 91 
24 90 75 69 52 
25 93 21  0 31 76 
25 18 39 76 92 
18  6  7 95 82 25 
 7 38 94 82 83 
27 49 77 97 63 
77 71 96 63 
37 47  4 29 99 
58 80 47 98 29 
