19 18 82  8 28 49 
60 94 22 18 31 73 
62 68 36  5 58  4 
98 34 53  4 58 52 
58  3 34  5  2 88 26 
36  2 16 84  6  4 26 
51 35 85 84  5 26 
59 54  9 94 50 55 60 
27 23 39 19  0 49 
94  7 50 80 79 95 37 
59 31 54 40 93 30 
42 48 24 44 97 28 
29 33 45 66 21 17 
39 23 72 75 51 
27 23 21 90 25 76 30 92 
29 99 34 43 78 46 98 77 
83 22 36  5 84 
12 21 25 80 45 
19 31 22 82  1  0 
31 18  8 27  0 30 
45 50 55 32 33 70 
90 14 25 81 66 12 17 
16 84 83 82 18  1 73 
27 14 39 13 76 75  8 
44 11 86 68 67 28 
79 80 38 21 14 76 17 
88 89 51  6  5  4 
23 14  8 19 30 
24 67 82 48 11  0 49 
33 99 15 12 66 46 
10 31 93 19 27 14 92 
19 18 59 60  1 10 30 
63 70 53 33 20 52 
29 99 53 32 20 45 12 
15 43 88  4 98  3 
38 75 37 74 51  6 85 
 2  5 16 68 83 67 
 9 79 38 95 74 35 
79 25 76 75 35 37 
13 23 48 72  8 49 
64 57 69 47 54 10 93 
56 44 64 96 57 
48 72 11 71 43 78 97 
15 34 88 78 42 71 89 
97 96 56 41 11 86 24 
50 80 20 33 12 17 
29 66 15 65 77 
64 61 40 81 91 93 
42 72 11 39 28 49 
28 48  0 39  8 
45 80  9  7 55 20 
71 89 13 72  6 35 75 26 
58 62 63 32 53  3 
33 99 32 98 52  3 
69 40 10 59  7 55 70 
54 70  7 50 20 
63 57 62 87 41 44 86 
56 63 64 41 40 69 
 2 62  4 52  3 
31 60  7 10 54 
31 59  1 94  7 
81 66 64 47 65 
 2 58 56 87 63 68 52 
56 57 62 52 69 70 32 
41 96 57 40 47 61 65 
64 61 96 66 46 77 
81 21 61 12 29 46 65 
24 68 82 83 36 28 
 2 62 87 86 24 67 36 
40 57 63 70 54 
54 69 63 32 55 20 
42 72 43 89 51 
48 42 71 39 13 51 
 1 94 22 95 74 85 84 
95 73 37 35 85 
38 35 76 13 23 51 
38 25 23 14 75 
78 15 46 65 96 97 
15 43 42 97 77 
25 80 38  9 37 
25 79 50 45  9 17 
21 90 66 61 91 47 
67 83 22 18  0 28 
22 16 67 82 36 
85  6  5 16 73 22 
74 35  6 73 84 
68 87 56 44 24 
62 56 68 86 
 4 34 89 43 26 
71 43 51 88 26 
21 14 81 91 92 
81 90 47 93 92 
93 91 30 90 14 
47 40 10 91 30 92 
 9  7  1 73 95 60 
 9 94 73 74 37 
97 44 41 64 65 77 
44 96 11 42 78 77 
53 99 15 34  3 
29 33 15 53 98 
