72 92 21 17 30 59 
35  4 67  3 57 61 
 3 33 57 96 52 51 
 1  4 57 25 86  2 33 
15 82 35  1  5 25  3 
50 34 25 83  4 82 
92  8 49 53 54 58 59 
22 26 18 48 38 
78 36 79 92  6 49 93 
91 29 39 58 53 30 
27 47 23 43 95 41 
65 20 28 44 32 16 
22 74 38 71 50 
75 24 20 22 26 90 88 
77 76 42 33 45 28 96 97 
21 82  4 35 98 
24 79 20 11 44 
 0 21 81 30 18 
26 29  7 30 17 48 81 
32 44 31 69 49 54 
65 11 80 24 13 16 88 
 0 72 98 99 15 81 82 17 
74 75 26  7 13 12 38 
27 10 43 66 67 84 
75 37 78 13 20 79 16 
 5 50  4 87 86  3 
22  7 13 18 29 90 
10 47 23 48 81 66 
65 11 32 14 45 97 
91  9 30 18 26 90 
17  0  9 29 58 18 59 
51 52 32 19 69 62 
19 44 11 28 31 52 97 
 3 86 42 14 96  2 
36 37 73 74 83 50  5 
 4  1 15 98 67 66 
37 34 73 78  8 93 
36 34 74 75 78 24 
22  7 12 48 47 71 
91 46 68 53 56 63  9 
56 63 94 43 55 
70 42 95 10 47 71 77 
86 87 70 33 14 77 41 
23 10 40 94 55 84 95 
19 32 11 49 79 16 
14 76 28 65 64 
60 63 80 39 91 89 
27 10 48 41 71 38 
27 47 81  7 18 38 
 6  8 19 44 79 54 
71 70 12 74 34  5 25 87 
31 52 62 61 57  2 
31 51 32  2 96 97 
54  6 58 39 68 69  9 
53 69  6 49 19 
40 43 56 62 61 85 84 
40 63 68 62 55 39 
61  1 51  3  2 
 6 53  9 30 59 
30  0 58 92  6 
65 80 46 63 64 
67  1 85 51 62 55 57 
51 61 31 68 56 55 69 
40 56 94 46 60 39 64 
60 65 94 76 63 45 
20 11 80 60 28 64 45 
81 99 27 98 23 67 35 
 1 61 35 66 23 85 84 
56 62 39 53 69 
31 19 54 53 68 62 
41 42 71 50 87 
41 47 70 38 12 50 
21  0 82 83 73 92 93 
36 34 83 72 93 
37 34 75 22 12 50 
74 37 24 13 22 
95 94 77 14 64 45 
95 76 14 42 41 
36  8 79 37 24 
78  8 24 49 44 16 
20 65 60 46 89 88 
21 99 17 27 48 18 66 
21 72 83 15  4  5 
73 34 72 82  5 
85 67 23 43 55 
67 61 55 84 
42 33 87 25  3 
50 25 86 70 42 
20 80 89 13 90 
46 80 91 90 88 
91 29 26 89 13 88 
39 46 89  9 29 90 
72  0  6  8 93 59 
72 73 92 36  8 
40 43 63 95 76 64 
43 10 94 76 77 41 
14 33  2 52 97 
14 28 96 32 52 
35 15 21 99 66 
21 98 81 66 
