17 21 30 57 90 70 
59 55 35  4  3 65 
51 50 94 33  3 55 
33 84  1 55  4 25  2 
 1 35  3  5 25 15 80 
34 81 25  4 49 80 
90  8 48 53 57 56 52 
47 38 18 26 22 
36 91 90  6 76 48 77 
89 29 30 39 52 56 
27 23 43 46 41 93 
20 16 63 44 32 28 
69 38 22 72 49 
73 24 86 88 26 22 20 
75 74 45 42 95 94 33 28 
35  4 80 21 96 
20 24 11 44 77 
21 79 18 30  0 
47 79  7 17 26 29 30 
44 32 31 48 53 67 
24 16 11 63 13 86 78 
17 79 15 96 97 80  0 70 
 7 38 12 26 73 13 72 
27 64 10 43 82 65 
73 13 20 16 37 76 77 
 3 84 85  5  4 49 
88 13 29 18  7 22 
47 79 64 23 10 46 
95 32 11 63 45 14 
88 89 26 18  9 30 
18 29 17  9  0 57 56 
51 50 60 19 32 67 
51 95 44 19 11 28 31 
 2  3 94 84 42 14 
 5 81 49 72 37 36 71 
96 15 65  1 64  4 
91  8 76 37 34 71 
72 34 36 73 76 24 
 7 47 69 12 22 46 
 9 89 52 99 61 66 
43 54 92 61 66 
75 42 68 69 46 10 93 
75 41 84 85 68 14 33 
23 10 82 54 93 92 40 
19 32 11 16 48 77 
28 63 62 74 14 
27 10 69 41 38 47 
 7 38 27 79 18 46 
44 19 53  6  8 77 
68 85 34  5 72 12 69 25 
60 59  2 51 31 55 
 2 50 95 32 94 31 
 9 39 56  6 53 67 66 
19 48  6 67 52 
83 59 82 60 66 43 40 
 2  3  1 50 59 
30 57  9 52  6 
 0 30 56  6 90 
62 63 78 98 99 61 
 1 65 55 50 83 54 60 
50 59 54 31 67 66 
99 39 58 62 92 66 40 
58 63 61 45 74 92 
20 11 62 58 28 78 45 
27 79 23 65 97 96 35 
83 82 23 64 35  1 59 
61 39 52 67 60 54 40 
31 19 53 52 60 66 
42 41 69 85 49 
68 41 12 38 46 49 
21  0 80 81 90 91 71 
70 81 91 36 34 
22 73 12 49 34 37 
24 13 22 72 37 
45 62 92 14 75 93 
41 42 14 74 93 
36  8 37 24 77 
48 44 16 76  8 24 
20 63 58 87 86 98 
27 47 64 18 17 21 97 
15 21  4  5 81 70 
34  5 80 70 71 
83 65 23 54 43 
59 65 82 54 
42 85 33  3 25 
42 84 68 25 49 
88 13 87 20 78 
89 88 86 98 78 
89 29 86 13 26 87 
88 29  9 87 98 39 99 
70  0 91  6  8 57 
36  8 70 90 71 
74 62 61 93 43 40 
43 10 92 41 75 74 
51  2 95 33 14 
51 32 94 28 14 
15 21 97 64 35 
21 79 96 64 
89 87 78 58 99 
89 98 39 58 61 
