29 55 16 20 67 86 
57 53  4 34  3 62 
 3 53 32 90 48 49 
 1 53  4  2 32 80 24 
 1 34  3 24  5 77 14 
47 33 99 24  4 77 
50 51 46 55 86 96 54 
21 37 45 17 25 
38 50 29 28 85 54 
42 22 89 40 26 44 
27 60 31 19 15 74 
47 69 21 37 66 
21 70 84 82 23 25 
72 41 90 91 32 27 43 71 
20 92 77 34  4 
19 10 74 23 73 
17 76 29  0 20 
45 76 29 28 16  7 25 
64 30 31 46 51 
15 10 60 75 82 23 
 0 67 16 77 14 92 93 76 
11 69 70 37  7 12 25 
42  9 61 62 26 78 
70 36 19 82 15 73 12 
 3  4  5 80 81 47 
 7 21 12 84 28 17 
61 76  9 22 44 45 
43 60 10 13 91 31 
29 17  8 84 85 25 
17 28  8 16 54 55  0 
49 48 31 18 64 58 
30 49 91 27 10 18 46 74 
13 41 90 80  3  2 
36 69 35 68 47  5 99 
62 61  1  4 14 92 
33 68 36 73 97 87 
33 69 70 35 23 73 
45 44 11 21 66  7 
63 50 95 39  8 85 
95 56 88 42 52 63 38 59 
 9 89 72 41 65 44 66 
40 72 65 81 13 32 80 
39 88 89  9 52 78 22 
27 60 13 71 59 
 9 40 26 45 37 66 
17 76 26 44 37  7 
18 31 74 97 51  6 96 
33 69 11  5 65 81 24 66 
 2 53 49 57 30 58 
 2 48 90 91 30 31 
63 64 38  8 54 51  6 
18 46 64 50  6 
39 42 63 79 58 78 
 3  2 48 57  1 
29 55  8 50  6 
29 54  0  6 86 
60 75 95 39 94 59 
48 53 62 79  1 58 
79 57 52 63 30 64 48 
56 39 88 71 43 60 
27 43 10 56 75 59 19 
62 22 26 76 34 93 92 
 1 57 79 61 22 78 34 
52 39 58 64 50 38 
30 58 63 50 18 51 
41 40 81 47 66 
44 37 11 65 40 47 
20  0 86 87 68 98 77 
35 33 99 67 87 98 
33 36 70 47 11 21 
36 69 23 21 12 
13 72 43 89 88 59 
40 41 13 89 71 
35 36 23 15 97 74 
97 46 15 10 31 73 
60 56 94 19 82 83 
61 26 45 17 16 93 20 
20 67 98 99  5  4 14 
62 79 52 42 22 
57 58 52 62 78 
 3 32 41 81 24 
65 41 47 80 24 
19 75 83 84 23 12 
84 82 75 94 85 
83 82 85 28 12 25 
 8 38 95 94 83 84 28 
 0 67 87 55  6 96 
67 68 86 35 97 96 
39 42 89 71 59 
40 72 88 42  9 71 
13 91 32  2 49 
90 13 49 27 31 
34 61 93 14 20 
61 76 92 20 
56 75 95 83 85 
56 39 94 38 85 
87 97 86  6 46 
74 46 73 35 87 96 
67 68 99 77 
33 68  5 98 77 
