84 54 29 16 65 20 
 4 33  3 61 52 56 
98 88 48  3 52 47 
 4 24 78  1 98  2 52 
 3 24  5 75 14 33  1 
32 97 75  4 24 46 
54 53 49 50 45 94 84 
21 36 44 25 17 
28 83 37 29 49 53 
43 39 87 41 22 26 
19 59 27 15 72 31 
64 36 21 67 46 
21 68 23 80 25 82 
42 69 88 89 27 70 40 99 
 4 33 75 90 20 
19 10 23 71 72 
74 91  0 29 17 20 
16 74 44  7 25 28 29 
30 48 50 31 45 
73 80 59 10 15 23 
14 75 65 90 91  0 16 
12 68  7 36 67 11 25 
41 76  9 26 60 61 
19 80 15 12 68 71 35 
 3  4  5 79 78 46 
21  7 12 82 28 17 
44 43  9 22 74 60 
10 59 42 13 89 31 
83  8 82 25 29 17 
28  8 53 54  0 16 17 
48 18 50 57 47 
72 10 27 89 48 18 45 
67 35 34 66 97  5 46 
 1 61 60 90 14  4 
95 71 85 35 32 66 
23 68 71 67 34 32 
21  7 43 64 44 11 
62 38 83  8 49 93 
55 58 86 41 51 62 37 93 
64 43  9 87 70 40 63 
39 70 13 63 78 79 99 
22 76  9 87 86 38 51 
13 69 27 59 58 
64 39 36 44  9 26 
 7 36 43 26 74 17 
94  6 31 18 72 95 50 
32 67  5 11 79 24 63 64 
56 52  2 57 30 48 
88 89  2 30 18 47 31 
37  8 62 50 53  6 
62 57 30 18 49  6 45 
57 62 38 41 76 77 
 3  2  1 56 47 
49  8 29 54  6 
29 53 84  0  6 
59 73 58 38 92 93 
 1 52 61 77 57 47 
51 62 50 30 77 56 47 
42 59 55 69 38 86 
19 73 10 27 42 55 58 
74 91 26 22 61 33 90 
22 76  1 33 56 60 77 
51 57 38 37 50 49 
79 40 64 39 46 
43 39 36 63 11 46 
20  0 84 85 75 66 96 
34 85 65 32 97 96 
35 68 21 32 11 46 
12 21 23 35 67 
42 13 70 87 58 86 
39 40 13 69 87 
15 23 72 95 35 34 
15 71 95 10 31 45 
19 80 59 55 81 92 
26 44 60 91 16 17 
65 20  5 97  4 96 14 
41 22 61 51 77 
61 76 56 51 57 
79 24  3 40 99 98 
63 40 78 24 46 
19 73 23 12 81 82 
73 80 82 83 92 
81 83 28 25 12 80 
28  8 37 82 81 92 93 
85 94 54  6  0 65 
94 95 34 84 65 66 
41 38 58 87 69 
 9 39 70 69 41 86 
13 89 48  2 98 99 
88 13 27 48 31 
14 33 60 91 20 
60 74 16 90 20 
81 83 55 73 93 
37 83 92 38 55 
85 95 45  6 84 
72 71 85 94 45 34 
75 97 65 66 
66 32  5 75 96 
 2 88 99 78  3 
13 88 98 40 78 
