53 83 64 19 15 28 
55 60  4  3 32 51 
87 96 47 51 46  3 
 4 23  1 77 51  2 96 
 3 23  1  5 74 32 13 
45 23  4 74 31 95 
92 83 49 48 52 44 53 
43 35 20 24 16 
36 82 27 48 52 28 
21 25 42 38 86 40 
71 14 30 26 58 18 
20 66 35 45 63 
22 79 67 81 24 20 
 4 74 32 89 19 
22 70 71 10 18 
 0 19 28 90 73 16 
43 73  7 15 28 27 24 
44 49 29 30 47 
58 10 14 22 79 72 
64 74  0 15 13 90 89 
12 67 24 66  7 35 11 
 9 25 60 75 59 40 
67 34 70 14 18 79 12 
 3  4  5 45 77 78 
81 27 12 20  7 16 
21  9 43 73 42 59 
41 88 30 10 58 
81 82 24  8 28 16 
52 53  8 27  0 15 16 
56 46 49 47 17 
10 71 26 88 44 47 17 
66 34 33 65 45  5 95 
 4  1 13 60 59 89 
70 34 84 65 93 31 
22 67 70 33 66 31 
43 42  7 20 11 63 
61 91 48  8 82 99 
61 91 50 40 85 57 54 
42  9 39 62 63 86 69 
77 97 62 38 78 69 
 9 86 85 21 75 50 37 
87 88 69 68 26 97 58 57 
 9 38 25 43 35 63 
25 73 42 35  7 16 
92  6 49 71 30 93 17 
 5 23 31 66 11 63 62 78 
55 51 56  2 47 29 
87 88 30  2 46 29 17 
 6 49 52 61 36  8 
 6 48 61 56 44 29 17 
61 37 40 75 76 56 
55 46  2  1  3 
53 28  6 48  8 
52 28  6 83  0 
37 91 57 58 98 72 
51 46 60 76 56  1 
61 50 76 49 55 46 29 
68 41 58 85 37 54 
26 41 10 57 18 54 72 
21 25 60 73 90 32 89 
55  1 21 75 76 59 32 
37 91 50 48 49 36 56 
39 38 63 45 78 
42 35 11 38 62 45 
84 65 94 83 74 19  0 
84 33 64 94 31 95 
67 34 31 45 20 11 
22 34 66 12 20 
85 86 69 41 57 
68 41 86 38 97 39 
22 34 14 71 93 33 
70 93 14 10 30 44 
18 58 54 80 79 98 
25 43 59 90 15 16 
64 19 94  5  4 13 95 
40 21 50 76 60 
75 50 60 55 56 
 3 23 39 97 96 78 
77 39 62 23 45 
22 18 12 80 81 72 
81 82 79 72 98 99 
80 82 27 24 12 79 
81 80 27 36  8 99 
 6 92 84 53 64  0 
92 83 93 33 65 64 
68 86 40 37 57 
 9 38 85 68 69 40 
41 88 97 96 47  2 
87 41 26 30 47 
32 13 19 90 59 
59 73 15 19 89 
37 61 36 54 98 99 
 6 83 84 93 44 
84 92 71 70 33 44 
64 65 74 95 
31  5 94 74 65 
97 87  2  3 77 
87 41 96 69 77 39 
54 91 72 80 99 
80 82 98 36 91 
