76 48 24 57 16 13 
11 28 97  2 50 46 
19 70 97  1 88 46 
40 19 27 87 67 96 
47 43 76 98 99 14 48 44 
13 23 20 66 39 31 17 
75 32 47 24 43 23 
36 79 18 21 38 34 
22 26 15 53 12 64 
40 92 59 17 31 56 
95 72 74 60 17 20 
 1 28 97 82 16 67 96 
 8 15 95 94 63 64 
24  0 16 83 23 66  5 
99  4 42 26 25 44 64 
 8 53 65 72 95 12 
82 83 11 57  0 67 13 
 9 59 31 60 10 20  5 
68 28 36 54 21  7 
70  2 71 97 40  3 96 
23 74 10 17  5 
54 18 38 39  7 66 
37 53  8 26 81 
75  6 24 74 13 20  5 
 0 48 47  6 23 13 
42 14 41 51 44 
22  8 81 42 14 64 
40 59  3 87 58 29 30 
11  1 82 68 18 50 54 
77 85 58 27 63 30 
27 59 29 63 94 60 
 9 17 39 38 56  5 
 6 75 91 84 43 55 
52 78 36 84 49 45 55 
93 35 62 79 56 38  7 
70 71 93 34 89 62 
78 33 79  7 18 68 45 
52 53 22 61 62 89 81 
39 31 21 56 34  7 
38 31 21 66  5 
19 71 92  9 59 27  3 
42 80 25 50 51 46 
81 26 80 14 25 41 
 6 32 47  4 44 55 
25 14  4 43 51 55 
36 33 68 69 51 55 
41 80 88  2  1 50 
 4 48 24  6 43 
 4 76  0 47 24 
84 33 52 53 65 90 
 1 28 68 69 46 41 51 
41 25 44 50 69 45 55 
37 53 78 33 49 61 
37 52 22 15  8 65 49 
82 83 18 21 28 66 
84 33 45 51 44 43 32 
 9 31 38 92 93 34 
76  0 77 86 67 16 58 
77 29 86 87 57 27 
 9 40 17 27 30 60 
95 94 10 30 59 17 
52 37 62 78 79 
61 37 89 35 79 34 
12 94 85 29 30 64 
 8 26 12 85 99 63 14 
15 72 73 53 49 90 
13 83 54 21 39  5 
86 57 87  3 16 11 96 
18 36 28 50 69 45 
68 50 45 51 
71 35 19  2 89 88 
70 35 93 92 19 40 
73 74 15 65 95 10 
74 72 75 91 65 90 
73 72 75 10 23 20 
 6 32 73 74 91 23 
 4 98 57  0 77 48 
76 98 57 85 29 58 
52 33 36 61 79 
36 78 61 62 34  7 
89 81 42 41 88 46 
22 26 89 80 37 42 
11 28 16 83 54 
16 82 54 13 66 
91 32 49 33 90 55 
77 98 29 99 63 64 
67 57 87 58 
27  3 67 86 58 
89 80 70  2 46 
62 35 37 81 80 88 70 
49 65 91 73 84 
84 32 75 73 90 
93 71 40  9 56 
34 35 71 92 56 
12 95 63 30 60 
15 72 12 94 10 60 
97 19  3 67 11 
19  2  1 11 96 
76  4 99 77 85 
 4 98 14 85 64 
