55 74 46 23 13 16 
95  2 11 27 44 48 
68 86 18 95  1 44 
85 26 94 65 38 18 
74 46 45 42 14 41 96 97 
37 29 64 19 22 13 
23 45 30 73 41 22 
32 36 20 77 17 34 
25 62 12 15 51 21 
54 29 58 57 38 90 
58 92 72 70 93 19 
80 27 65 94 16 95  1 
62 61 93 15  8 
64 81  5 23  0 22 16 
25 62 42 24 40  4 97 
63 51 70 93 12  8 
80 11 81 55  0 13 65 
52 27 66 20  7 34 
68 69  2 94  3 95 38 
10 72  5 29 58 22 
36  7 17 52 37 64 
 8 51 79 25 35 
72 73  6 23 19  5 13 
 6 45 46  0 22 13 
42 14 49 40 39 
62 14  8 79 21 40 
 3 85 28 99 57 38 56 
 1 11 80 52 48 66 17 
98 61 99 26 56 75 83 
54  9 58 37  5 19 
82 53 89 73 41  6 
76 34 47 50 43 53 82 
60 33 36  7 54 91 77 
68 69 87 60 32 91 
76 31 43 66 17  7 77 
50 51 21 60 87 79 59 
32  7 54 20 37 
36 20 54 29  5 64 
 9 57 26  3 18 69 90 
24 49 40 78 48 44 
79 25 78 14 24 39 
53 30 42  4 45  6 
24 14 53 49  4 41 
34 31 67 49 66 53 
 1  2 39 78 48 86 
41  4 23  6 46 
23 45  4 74  0 
63 51 50 31 88 82 
44 39 49 67 66 27  1 
39 48 67 43 53 24 42 
47 31 76 51 35 59 
63 47 50 15  8 21 35 
80 27 81 17 20 64 
43 31 49 82 30 42 41 
 9 29 36 32 91 37 90 
16  0 65 84 56 75 74 
75 28 85 84 55 26 
99 26 58  9 38 
98 92 99 57  9 29 10 19 
77 60 35 50 76 
77 32 35 87 33 59 
93 92 98 28 62 12 83 
25 14 12 61  8 83 97 
51 47 88 15 70 71 
 5 37 20 52 81 13 
94 11  3 85 84 16 55 
43 34 67 48 27 17 
49 48 43 66 
33 69  2 86 87 18 
33 68 91 18 38 90 
15 63 93 72 10 71 
89 88 63 70 73 72 
10 70 71 73 19 22 
89 30 71 72  6 22 
55  0 46 75  4 96 
56 28 55 83 74 96 
34 31 50 77 59 
60 32  7 34 76 59 
87 86 79 40 39 44 
21 25 78 87 40 35 
27 11 52 81 16 
80 52 64 13 16 
53 31 30 47 88 89 
28 61 75 62 96 97 
85 65 55 56 
 3 26 65 84 56 
87 78 68  2 44 
78 86 79 60 35 33 68 
63 47 82 89 71 
30 73 82 88 71 
 9 54 91 38 69 
32 54 33 69 90 
93 61 98 58 10 
92 61 12 15 70 10 
65 11  3 95 18 
94 11 18  2  1 
 4 74 83 75 97 
 4 14 96 62 83 
92 61 28 58 99 
28 26 98 57 58 
