12 21 15 51 70 43 
41 45 25 98 90  2 
64 82 41 17 90  1 
81 95 17 36 24 
92 13 91 42 39 40 70 
12 21 27 35 60 18 
39 28 42 69 21 43 
73 32 30 16 19 34 
14 48 11 58 23 20 
86 36 27 35 34 54 53 
66 68 18 88 89 54 
57 89 14  8 58 
 5 21  0 15 77 60 
92  4 38 23 22 58 40 
48 59  8 66 89 11 
 0 51 61 12 77 76 99 
25 62  7 19 32 49 
95 90 64 65 36  2  3 
54 27  5 21 68 10 
60 35 16  7 34 49 
23  8 33 48 75 
12  5  0 69  6 68 43 18 
38 13 40 46 37 
38 13 58  8 20 75 
26 94 52 81  3 36 53 
45 62 76 98  1 16 49 
93 94 24 52 71 57 79 
 5 35  9 54 18 
50 39 78 85  6 69 
32 96 97 50 78 44 47 72 
 7 73 56 31 87 34 
64 65 87 83 56 30 
29 96 73  7 16 72 62 
48 47 55 83 56 20 75 
19 35 87 86 30  9  7 
27  5  9 60 19 34 
86 65  9 17  3 24 53 
22 38 46 45 41 74 
23 13 22 37 74 75 
 4 40 50 28 42  6 
 4 39 50 46 13 22 
45  1 37  2 82 74 
39  4  6 70 43 
70  0 42  6 21 
29 47 78 84 59 48 
63 62 46 25  1 41 37 
50 40 97 63 45 37 22 
48 33 29 44 72 55 
33 47 44 59 14  8 20 
16 19 76 77 25 60 
39 28 40 29 97 78 46 
15  0 52 80 61 71 70 
26 24 51 80 71 81 
54 94  9 36 24 
27  9 93 94 88 53 18 10 
33 47 72 73 56 
83 33 55 31 30 73 
26 93 88 89 11 79 58 
79 92 13 23 11  8 57 
84 67 44 48 14 66 
19 35  5 12 77 49 
51 80 15 81 95 99 
32 96 16 63 45 25 
97 96 62 45 46 
83 82 17 65  2 31 
86 36 87 64 17 31 
67 59 14 89 68 10 
84 59 85 69 68 66 
69 67 21 66 18 10 
67 85 28  6 68 21 
91  4 42 71 51 43  0 
52 26 51 79 91 70 
29 32 73 47 55 
30  7 32 72 55 56 
82 83 41 37 38 75 
23 38 20 74 83 33 
25 98 15 77 99 49 
12 15 76 60 49 
50 28 85 84 29 44 
71 26 57 91 92 58 
51 52 61 81 
52 24 80 61 95  3 
64 83  2 41 74 
64 31 56 33 82 74 75 
78 85 67 59 44 
78 28 84 67 69 
65 36  9 87 34 
65 86 31 30 34 
57 89 93 54 10 
88 57 14 66 11 10 
95 17 98  1  2 
 4 92 79 71 70 
 4 13 91 79 58 
26 94 57 88 54 
26 93 24 54 53 
81 61 17 90 98  3 99 
29 32 97 62 63 
29 96 50 46 63 
95 90  1 76 25 99 
95 61 98 76 15 
