 3 26 47 46 67 37 72 
 7 29 80 33 34 59 
61 34 33 28 30 75 60 
24 69 26  0 47 21 
19  6 85 86 77 78 96 
92  8 29 59 18  9 
53 19  4 96 97 65 
 1 29 80 45 68 62 
 9 49 43 92 40  5 98 
 5  8 49 17 18 
42 52 69 36 99 21 
24 26 89 90 76 77 86 
62 68 13 93 39 23 
73 15 23 12 68 44 
89 35 24 70 84 50 
73 94 23 81 82 13 
53 20 46 67 49 54 
20 49 25 91 18  9 
50 88 59  5 91 17  9 
25 20 85 53  6  4 
17 49 25 19 53 16 
98 99 10 43 47 69  3 
28 79 27 78 96 55 
12 13 15 81 38 39 
70 69 26 11 89 14  3 
90 35 85 17 20 19 91 
24 11  3  0 76 37 
28 22 78 64 30 58 
79 22 27  2 33 30 
 7  1 62  5 92 59 93 
 2 75 28 27 58 57 31 
51 81 82 57 75 30 
54 67 73 71 66 72 
 1 80 79 34  2 28 
33  1 61  2 59 88 87 
14 89 90 25 50 91 
39 40 52 10 38 99 
 0 26 76 41 71 72 
36 39 52 23 81 51 
93 40 12 36 38 23 
92  8 93 39 36 99 98 
37 76 71 95 63 48 
52 10 83 70 69 74 
46 47 49  8 98 21 
13 68 45 56 66 73 
79 80  7 68 55 56 44 
16 67  0 47 43 49 
 0  3 46 43 21 
58 57 82 95 63 41 
17 20 16 46  8  9 43 
18 88 14 35 84 87 91 
75 31 74 81 38 52 
42 10 74 36 38 51 
19 20  6 16 65 54 
66 65 53 16 67 32 
56 97 79 22 45 96 
65 97 55 45 66 44 
30 58 82 31 48 
27 64 30 57 63 48 
 1 29  5 34 88 18 
75 74 83 61  2 
83 84 34  2 87 60 
 7 29 68 12 93 
58 64 41 76 77 48 
27 78 77 58 63 
53  6 97 56 66 54 
73 32 54 65 56 44 
46 16  0 54 32 72 
12 13  7 45 44 62 
24 70  3 42 10 21 
24 69 14 84 83 42 
41 37 73 94 32 95 72 
71 37  0 67 32 
15 94 71 32 13 66 44 
42 83 52 75 51 60 
30  2 31 51 74 60 
26 11 77 37 41 63 
76 11 86  4 78 64 63 
27 22 64  4 77 96 
28 22 80 45 33 55 
 1  7 45 79 33 
31 82 15 23 38 51 
15 81 94 95 31 57 48 
84 70 61 42 74 60 
14 70 50 83 61 87 
25 90 19  4 86 
77 11 90 85  4 
84 61 34 88 50 
50 18 59 34 87 
24 11 14 35 90 
89 35 25 85 11 86 
17 18 50 35 25 
 8 40 93 29  5 
29 62 92 40 39 12 
73 15 71 95 82 
71 94 41 82 48 
 4  6 97 78 22 55 
96  6 65 56 55 
 8 43 40 99 21 
36 40 10 98 21 
