14 48 12 66 41 20 
85 92 24 42  2 39 
 1 85 16 61 78 39 
23 77 34 16 89 
87 86 66 40 38 98 37 
57 33 12 20 17 26 
65 81 41 20 40 37 27 
69 29 30 32 15 18 
45 13 11 55 22 19 
34 50 82 51 32 33 26 
84 95 51 63 65 17 
94 13  8 55 54 
14 73 57  5 20  0 
94 95 45 56 63 11  8 
72 93 73 58 48 12  0 
 7 30 59 24 46 18 
 3 34 89 85  2 61 62 
65 10 51 20  5 26 
57 33 32  7 46 15 
22 71  8 45 31 
41  6 65 17 12  5  0 
38 98 99 43 35 36 
99 55  8 19 71 36 
49 77  3 88 50 34 96 
42 59 72 46 92 15  1 
54 97 75 96 49 67 
 9 51 33  5 17 
81 74 37  6 47 
68 30 74 80 90 44 91 
53 83 69  7 32 
69  7 15 59 68 28 90 
79 53 52 44 45 71 19 
 7 29 83 82  9 33 18 
57  5 32  9 18 26 
 3 16 23 50  9 82 62 
21 43 42 39 70 36 
71 70 22 35 21 99 
40  6 27  4 38 47 
21 98 43 47  4 37 
42 35 70 78  2  1 
41  6 37 66  4 
20  6 40 66  0 
59 24  1 39 35 43 60 
35 42 21 38 60 91 47 
68 52 45 31 56 80 28 
56 13 44 31  8 19 
73 72 24 57 15 18 
38 43 91 37 27 74 
 0 14 58 76 66 67 
76 77 23 96 67 25 
23 88 34 51  9 
88 50 84 10  9 17 26 
68 69 53 31 44 
29 83 79 31 52 69 61 
11 94 55 75 84 97 25 
87 99 75  8 11 54 22 
45 13 64 80 44 63 
33  5 73 46 12 18 
76 77 89 93 14 48 
24 42 15 30 90 60 
90 59 42 43 91 
83 53 79 78  2 16 62 
61 16 83 34 82 
13 95 10 56 64 65 
56 80 63 65 81 
63 10 64 81  6 17 20 
40 41  0 48  4 86 67 
76 49 75 86 66 48 25 
69 30 28 52 44 
 7 30 68 52 29 53 
78 79 71 35 39 36 
79 31 70 19 22 36 
73 46 24 14 93 92 
72 46 14 57 12 
28 80 81 91 27 47 
87 55 86 54 67 25 
49 77 58 48 67 
76 49 23  3 58 89 
70 79 61  2 39 
70 78 53 31 71 61 
28 74 64 56 44 81 
65  6 64 74 80 27 
34  9 32 83 62 
53 29 61 32 82 62 
10 95 94 51 88 97 54 
89 92 16  1  2 
87 75  4 66 67 
99 98 55 75 86  4 
23 50 51 96 97 84 
85 92 58 77  3 16 93 
28 30 59 91 60 
74 28 90 60 43 47 
89 85  1 72 93 24 
72 92 89 58 14 
13 95 84 11 54 
94 13 10 84 63 
23 49 97 88 25 
96 88 84 54 25 
38 21 99 87  4 
21 98 87 55 22 36 
