18 10 12 41 35 59 
36 52 96  2 77 84 
14 77 96 97  1 70 54 
29 14 20 69 81 
90 33 32 59 34 78 79 
50 10 18 15 22 28 
13 16 62 24 25 27 
28 22 43 74 27 44 
58 15 76 87 56 44 
47 86 11 48 92 93 
18  0 12 50  5 65 
 9 86 87 49 38 56 93 
 0 41 10 65 85 51 
52 39 25 16  6 
29  3  2 77 55 81 54 
 8 58 18  5 22 44 
50 39 13 28 27  6 
26 38 64 31 92 93 
58 15 35  0 10  5 
90 91 33 31 95 30 
43 80 29  3 69 42 88 
47 89 88 42 60 67 
 5 15 28  7 44 
34 32 35 73 66 40 
75 46 27 62  6 
 6 13 52 82 62 61 99 
37 38 45 46 17 64 71 
24 75 74 28 16  7  6 
16 27 50  5 22  7 
14  3 43 74 20 55 
97 63 31 19 96 95 36 
92 91 63 64 19 17 30 
 4 34 23 33 40 
40 94 90  4 19 32 95 
 4 32 23 35 59 
18 58 23 34 73  0 59 
 1 96 95 53 30 52 
49 38 72 45 61 98 26 
37 49 11 26 17 93 
16 50 84 52 13 65 85 
83 94 33 32 66 23 
12  0 59 51 68 60 
68 60 69 20 88 21 
20 80 29 74  7 44 
43 80  7 22 76  8 15 
37 61 62 26 46 
75 24 62 45 54 26 71 
76 86 89  9 21 48 67 
47  9 92 91 67 79 
72 57 56 37 38 11 
16 39  5 10 28 65 
12 85 81 69 68 41 
36  1 53 82 39 13 25 84 
36 95 52 82 94 83 
70 71 55 75 14 46  2 
29 14 74 75 54 
 8 87 58 57 49 11 
58 56 49 72 73 
 8 15 18 35 56 57 73 
34  4 60 41  0 35 78 
42 68 21 67 41 59 78 
37 45 98 62 25 99 
45 61  6 24 25 46 
97 70 31 64 30 71 
31 63 26 17 71 
50 39 12 10 85 
98 72 73 23 83 40 
21 47 48 60 78 79 
42 60 69 51 41 
68 42 20  3 81 51 
63 97  2 54 71 
54 70 46 63 64 26 
49 57 73 37 98 66 
23 35 58 57 72 66 
75 27 29 43 55  7 
24 46 27 74 55 54 
86 87  8 89 80 47 44 
14  2  1 81 84 
67 60 59  4 79 
67 48 91 90 78  4 
89 76 43 20 88 44 
69  3 14 77 84 85 51 
52 53 25 99 83 
99 82 98 66 53 94 40 
52 39 81 77  1 85 
81 84 39 65 12 51 
76 87 47  9 11 
76 86  8 56 11 
20 42 80 89 21 
76 80 88 47 21 
 4 33 19 91 79 
92 48 90 19 31 79 
48 91  9 31 17 93 
11  9 92 38 17 
53 95 33 83 40 
36 30 53 19 33 94 
 1 36  2 97 30 
63 70  2 96 30 
37 61 72 99 66 83 
25 61 98 82 83 
