12 41 58 35 18 10 
94 36 51  2 75 82 
95 68 53 94  1 75 14 
20 29 14 79 67 
58 76 32 33 34 88 77 
15 18 22 28 49 10 
16 13 25 61 24 27 
72 78 43 27 22 28 
15 57 55 85 43 74 
11 84 46 91 90 47 
63 12  0  5 49 18 
84 85 48 38 55  9 91 
 0 41 83 63 10 50 
51 39 25 16  6 
 2 53 54 75 29  3 79 
57 18  8 43  5 22 
49 39 13 28 27  6 
31 90 26 38 91 98 99 
15 57  5 35  0 10 
88 33 93 30 31 89 
29  3 78 86 42 67 
42 59 86 46 87 65 
43 15  5  7 28 
71 64 40 32 34 35 
27 73 45 61  6 
13 51 80  6 61 60 97 
69 45 44 17 38 37 99 
72  7 73 28 16 24  6 
16 27  7 22 49  5 
72 78 20  3 54 14 
62 31 95 19 93 94 36 
17 90 62 98 30 89 19 
40 33 23 34  4 
 4 32 88 92 93 40 19 
35 58 23 32  4 
71 57 18 34 58 23  0 
51  1 94 93 30 52 
48 38 44 60 70 26 96 
48 11 37 17 26 91 
51 13 82 16 49 63 83 
81 92 33 32 64 23 
59 58  0 12 50 66 
59 21 86 20 66 67 
 8 15 78  7 74 22 
61 45 60 37 26 
69 53 73 61 44 24 26 
74 84  9 47 87 21 65 
 9 90 46 89 65 77 
11 38 37 55 70 56 
16 39 63 28  5 10 
41 12 66 83 79 67 
82 39 52 36  1 13 80 25 
51 36 81 92 93 80 
73 45  2 68 69 54 14 
53 73 72 29 14 
 8 85 57 11 48 56 
55 57 71 70 48 
15 18  8 55 71 35 56 
59 41 35 34 76  4  0 
58 76 42 21 41 65 66 
44 61 37 96 97 25 
44 45 60 24  6 25 
69 68 98 31 30 95 
49 39 83 12 10 
71 70 81 40 23 96 
59 76 21 46 47 77 
42 59 41 50 67 
66 42 20  3 50 79 
53 69 62  2 95 
53 68 45 62 26 98 99 
37 48 71 64 56 96 
70 64 35 57 56 23 
78  7 29 27 73 54 
53 45 72 27 54 24 
43 78 84 85  8 46 87 
 2  1 14 79 82 
59 58 65  4 77 
65 47 89 88 76  4 
72  7 29 43 20 74 86 87 
14  3 75 82 83 50 67 
52 51 81 97 25 
40 92 64 96 97 52 80 
79 75  1 51 39 83 
82 39 63 79 12 50 
11 85 74  9 46 
84 11 55  8 74 
20 78 42 21 87 
46 21 86 74 78 
 4 33 77 89 19 
31 90 47 77 88 19 
31 17 91  9 47 89 
 9 11 90 38 17 
93 33 40 81 52 
30 19 36 33 92 52 
95 30  2  1 36 
30 62 68  2 94 
70 37 60 97 64 81 
96 60 81 80 25 
62 31 17 69 99 
26 17 98 69 
