57 35 18 41 12 10 
94 93  2 74 36 51 81 
14 74 94 67  1 52 
29 14 78 20 66 
87 33 32 76 75 34 57 
18 10 49 22 15 28 
24 60 13 16 27 25 
27 71 22 43 28 77 
54 84 56 15 43 73 
46 47 83 11 90 89 
62 12  0 18  5 49 
83 84  9 90 38 54 48 
 0 41 62 10 82 50 
16 39  6 25 51 
29  3 53 78 74  2 52 
56  8 18 43 22  5 
13 39 49  6 27 28 
26 38 97 90 31 98 89 
 0 35 56 10  5 15 
31 30 87 33 92 88 
42 85 29  3 77 66 
58 64 42 46 85 86 
15 43  5  7 28 
70 35 63 40 32 34 
 6 60 27 72 45 
13 51 79 96 59  6 60 
38 17 97 37 68 45 44 
 6 16 24  7 71 28 72 
27 16 49  7 22  5 
53 71 14  3 77 20 
61 31 93 19 92 36 
61 30 98 17 89 19 88 
23 40 34  4 33 
91 40 32 92 19 87  4 
32 23 57 35  4 
57  0 70 23 56 18 34 
 1 93 79 51 92 91 30 
26 38 48 69 95 59 44 
26 17 90 11 37 48 
13 16 49 62 82 51 81 
23 63 32 80 91 33 
57  0 12 50 65 58 
20 85 58 65 66 21 
 8 15 22  7 73 77 
37 26 59 45 60 
72 52 24 68 26 44 60 
 9 47 64 83 73 86 21 
 9 46 64 89 76 88 
69 55 54 11 38 37 
16 39 62 10  5 28 
82 12 41 65 78 66 
25 13 79 39 36  1 81 
72 53 67 68 45 14  2 
29 71 14 72 52 
 8 84 11 56 55 48 
69 70 56 54 48 
70 35 55 54  8 18 15 
 0 35 41 75  4 34 58 
42 65 64 75 41 57 21 
25 96 95 37 44 60 
59 25  6 24 44 45 
31 30 67 99 94 93 98 
10 12 49 39 82 
23 40 69 70 95 80 
46 47 76 75 58 21 
50 41 58 42 66 
78  3 50 65 42 20 
61 99 94  2 52 68 
52 67 97 99 45 26 
70 55 63 48 37 95 
69 55 23 35 56 63 
 7 27 53 29 72 77 
53 71 27 24 45 52 
83 46 84  8 43 77 86 
 1 81 78 14  2 
76 64  4 57 58 
64 47 75  4 87 88 
 7 43 71 29 73 20 85 86 
14 74  3 81 82 50 66 
25 96 51 80 91 36 
79 96 91 40 63 95 
82 39 51  1 78 74 
62 12 39 81 78 50 
 9 46 11 84 73 
83 11 54  8 73 
20 42 77 86 21 
73 46 77 85 21 
19 33  4 76 88 
89 47 76 87 31 19 
 9 47 90 31 17 88 
38 17 11  9 89 
80 79 40 36 92 33 
36 91 30 19 33 
94  1 61 30 36 
93  1 67 61  2 
63 69 37 59 96 80 
25 79 59 95 80 
26 17 98 99 68 
31 17 97 99 61 
61 67 97 98 68 
