18 35 10 40 12 55 
91 36 92 50 79 72  2 
92 65 72 14  1 51 
29 14 20 64 76 
85 33 32 34 74 73 55 
15 18 10 48 28 22 
16 27 24 13 25 58 
28 27 42 75 69 22 
71 82 53 54 42 15 
81 11 45 46 88 87 
60 48 12  0 18  5 
81 82  9 53 47 88 37 
80 60 10  0 40 49 
50 25 38 16  6 
 3 29 52  2 72 51 76 
 8 54 18 42  5 22 
28 27 48 38 13  6 
88 87 37 95 31 96 
35 54 15  0 10  5 
85 86 90 33 31 30 
75 83 29  3 41 64 
84 83 45 41 56 62 
 7 28  5 42 15 
61 68 35 39 32 34 
70 27  6 58 44 
94 57 58  6 13 77 50 
58 43 37 44 95 66 
 7 28 16 24 70 69  6 
 7 27 16 48  5 22 
20 75  3 14 52 69 
59 91 19 90 31 36 
87 17 86 19 30 59 96 
23 39 34  4 33 
89 90 39 19 85 32  4 
23 32 35  4 55 
54 68 23 34 18  0 55 
77 50  1 91 30 89 90 
47 43 88 17 11 26 95 
60 48 80 79 50 13 16 
61 78 23 32 89 33 
56 63 55  0 12 49 
56 63 21 20 83 64 
75 71  8 15  7 22 
57 67 47 58 26 37 
58 24 26 70 51 66 
81 71  9 46 84 21 62 
 9 45 87 86 74 62 
53 11 67 43 99 37 98 
60 38 10 16 28  5 
80 12 40 63 64 76 
36 77 38 13 79 25  1 
52 14  2 65 66 70 44 
29 14 69 70 51 
11 82 47  8 54 98 
35 68  8 53 18 98 15 
56 73 40  4 34  0 35 
55 73 41 63 21 62 40 
67 43 58 25 94 93 
 6 24 57 43 26 25 44 
91 92 65 97 30 31 96 
38 48 80 12 10 
39 78 23 68 93 67 99 
74 46 45 21 73 56 
56 41 40 49 64 
41 63 49  3 20 76 
59 92  2 51 97 66 
51 65 97 44 95 26 
57 43 47 93 61 99 
35 54 61 23 99 98 
70 27  7 52 29 75 
24 27 69 52 51 44 
81 82 45 84 75  8 42 
 2 14  1 76 79 
 4 74 55 56 62 
86 46 85  4 73 62 
84 71 83 42 20 29  7 69 
80 49 64  3 72 14 79 
36 50 94 78 25 89 
94 77 39 61 93 89 
80 38 50  1 72 76 
60 38 79 12 76 49 
71 82 11  9 45 
71 81 11 53  8 
84 75 20 21 41 
45 71 75 83 21 
19 86 33  4 74 
87 46 85 19 31 74 
 9 46 88 86 17 31 
 9 11 87 17 37 
77 78 36 39 33 90 
30 19 33 89 36 
36  1 92 59 30 
91  1 59 65  2 
61 78 94 67 57 
77 78 25 57 93 
37 17 26 97 66 96 
97 59 31 17 95 
59 65 66 95 96 
47 53 99 54 68 
61 68 67 47 98 
