35 18 55 40 10 12 
78 71  2 90 89 36 50 
65 90 71 14 51  1 
29 14 20 64 75 
32 34 33 84 55 72 73 
10 18 15 48 28 22 
13 16 27 24 25 58 
42 74 22 28 27 68 
70 81 42 53 54 15 
80 11 86 46 45 
 5 18 48 60 12  0 
80 81 53 47 37 86  9 
49 79 40 60 10  0 
16 38 50 25  6 
29 52 51  3 75 71  2 
54  8 18  5 42 22 
13 38 48 28 27  6 
93 37 86 31 94 
10  5 15 54 35  0 
30 31 84 33 88 85 
29 74 41 64  3 82 
45 62 83 82 41 56 
 7 42 15  5 28 
34 32 61 99 98 35 39 
44 69 27  6 58 
50 13 76  6 58 57 92 
58 43 44 37 93 66 
24 69  7 28 16  6 68 
48 16  5  7 22 27 
52 14 20 74 68  3 
36 88 89 19 31 59 
19 30 59 17 86 94 85 
34 23  4 39 33 
87 39 88 32  4 84 19 
23 32 35  4 55 
54 98 18 23 34 55  0 
50 76  1 89 30 88 87 
26 43 47 11 93 17 86 
13 16 50 48 79 78 60 
23 32 61 77 87 33 
55  0 56 12 49 63 
20 64 82 21 56 63 
70 74  8  7 15 22 
26 58 67 47 57 37 
58 24 26 69 51 66 
70 83 80 21 62 46  9 
45 62 73 86  9 85 
53 11 96 67 43 97 37 
16 38  5 10 28 60 
75 79 64 12 40 63 
38 13 25 76 36  1 78 
44 69 52 14 66 65  2 
29 14 51 69 68 
11 81  8 47 96 54 
53  8 96 98 15 18 35 
35 34  4 72 56 40  0 
41 21 72 62 55 40 63 
25 58 43 67 92 91 
26 43  6 24 25 44 57 
30 31 65 90 89 95 94 
79 38 48 12 10 
97 67 99 23 39 77 91 
45 21 46 56 72 73 
56 41 40 49 64 
41 20  3 75 49 63 
 2 90 51 59 95 66 
93 95 44 51 26 65 
47 43 97 61 57 91 
27 69  7 52 29 74 
24 44 27 51 52 68 
83 74  8 81 45 42 80 
75 14 78  1  2 
56 62 55  4 73 
46 62 72  4 84 85 
83 70 42  7 29 20 68 82 
 3 14 64 71 49 79 78 
25 50 36 92 77 87 
39 61 92 76 91 87 
79 38 50  1 75 71 
78 38 49 12 60 75 
11 81 70 45  9 
 8 70 80 11 53 
41 20 83 74 21 
70 74 45 21 82 
 4 33 19 73 85 
86 31 46 19 84 73 
37 11 17 31  9 46 85 
36 76 88 77 39 33 
30 36 19 87 33 
30 36 90  1 59 
 2  1 65 89 59 
57 67 92 61 77 
25 76 57 77 91 
37 26 17 94 95 66 
17 31 59 95 93 
59 65 94 93 66 
53 47 99 98 54 97 
47 96 67 61 99 
96 99 54 35 23 
96 98 97 61 23 
