12 10 39 17 54 34 
49 35 76 88  2 87 69 
50 14  1 88 69 63 
28 19 14 73 62 
71 70 31 33 82 54 
17 15 10 27 21 47 
23 56 26 98 24 13 
26 66 72 41 27 21 
53 15 41 68 79 52 
78 11 84 44 45 
 0 12 17 58  5 47 
78 79 84 36 46  9 52 
 0 10 39 48 77 58 
24 49 37 99  6 98 
50  2 51 28  3 69 73 
 8 53 41 17  5 21 
36 84 91 92 30 
 0 10 53 15  5 34 
30 29 32 82 83 86 
28  3 72 80 40 62 
81 44 80 60 70 40 61 
27  7  5 41 15 
59 97 38 96 34 31 33 
56 43 67 26  6 
56  6 13 55 90 74 49 
36 42 43 56 91 64 
67 66 23  6 98  7 27 
26 98  7 99 21  5 47 
51 14 66  3 19 72 
86 35 57 30 18 87 
92 16 84 83 57 29 18 
22 38 32 82  4 33 
38 85 31 82 86 18 
31 22 34 54  4 
54  0 17 22 96 53 33 
74 49  1 87 29 85 86 
25 42 84 16 11 91 46 
76 49 77 58 13 99 47 
59 75 85 22 32 31 
 0 54 70 48 12 61 
80 19 20 62 61 
 8 15 68 72  7 21 
36 25 56 46 65 55 
67 23 50 56 25 64 
78 68 81 20  9 60 45 
84 83  9 71 60 44 
36 11 42 65 52 94 95 
27 99  5 37 58 10 
12 39 62 73 61 77 
74 35 13 24 37 76  1 
 2 14 67 43 64 51 63 
50 14 28 67 66 
11 79 94 53 46  8 
 8 15 52 94 17 96 34 
 0 39 70 34  4 33 
56 24 65 42 90 89 
 6 23 43 25 24 42 55 
30 92 29 93 63 88 87 
12 10 77 37 47 
95 65 97 38 75 89 22 
20 44 71 70 45 
20 70 40 39 48 62 
 3 19 40 73 48 61 
 2 50 64 93 88 57 
43 50 93 63 91 25 
46 42 55 95 59 89 
51 28 67 72 26  7 
50 43 23 51 66 26 
78 79 44  8 41 81 72 
 2 14  1 76 73 
71 60 20  4 54 39 61 
83 82 60 70  4 45 
28 66 81 80 19 41 68  7 
 3 14 69 76 62 48 77 
90 75 24 49 35 85 
90 74 38 59 89 85 
 1 69 49 73 77 37 
73 76 12 48 58 37 
11 79 68 44  9 
78 11 68  8 52 
81 72 19 20 40 
68 44 72 80 20 
83 71 31 32  4 18 
71 82 84 45 30 18 
36 16 11  9 45 83 30 
38 75 74 35 32 86 
32 85 35 29 18 
29 35  1 88 57 
 2 63  1 57 87 
59 75 90 65 55 
74 75 55 24 89 
36 16 25 92 93 64 
91 16 93 30 57 
91 92 64 63 57 
52 53 46 95 97 96 
46 65 94 59 97 
94 97 53 22 34 
94 95 59 96 22 
 6 26 27 99 13 
27 98 37 13 47 
