17 10 12 34 53 39 
75 68 49 87 35 86 
14 68 50 62 87 
72 14 28 19 61 
81 70 33 53 69 31 
21 15 27 47 10 17 
26 97 13 24 23 55 
26 65 21 41 71 27 
15 41 67 78 99 52 
77 11 83 45 44 
12 57 47  5 17  0 
98 46 78 36 77  9 83 
39 48 10 57 76  0 
37 49 24 97  6 
 2 68 50 51 72 28  3 
21  5 41  8 52 17 
83 30 90 36 91 
52 15 34  5 10  0 
82 30 81 32 85 29 
79 71 40 28  3 61 
59 69 44 80 79 40 60 
15  5 41  7 27 
58 96 38 95 34 33 31 
26  6 66 55 43 
 6 55 13 49 73 89 54 
43 55 63 42 36 90 
66 65  7 97  6 23 27 
97 26  7 21 47  5 
14 51 65 71 19  3 
86 85 56 18 30 
83 82 16 18 56 91 29 
81 32 33 22  4 38 
84 85 18 81 38 31 
34 53 22  4 31 
95 52 22 17 33 53  0 
 1 86 49 73 84 85 
42 25 11 46 90 83 16 
47 57 97 13 49 75 76 
84 74 58 32 22 31 
69 53  0 12 60 48 
20 79 19 60 61 
15 21 71 67  7  8 
25 55 64 46 36 54 
23 55 25 63 66 50 
 9 45 77 59 67 80 20 
83  9 82 44 59 70 
64 94 42 98 11 93 36 
37 57 97 27  5 10 
39 12 60 61 76 72 
73 24 13 37 75  1 35 
51 66 43 63 14  2 62 
66 65 50 14 28 
 8 15 99 93 95 34 17 
69 39 34 33  0  4 
24 55 89 42 64 88 
43 23 25 42  6 24 54 
87 62 92 86 91 30 29 
37 47 10 12 76 
94 96 64 38 74 22 88 
44 45 20 69 70 
39 69 20 40 61 48 
60 40  3 72 19 48 
50 63  2 87 56 92 
43 25 50 90 62 92 
94 46 58 42 54 88 
26 66  7 71 51 28 
26 65 51 23 50 43 
71 41 80  8 78 77 44 
14  2 72 75  1 87 
59 20 70 39 53  4 60 
59 45 82 69 81  4 
67 41 80  7 65 79 19 28 
14 68 75 76  3 61 48 
49 24 89 35 84 74 
84 38 58 73 89 88 
37 49  1 72 68 76 
37 57 75 12 48 72 
11 78  9 67 44 
 8 67 99 11 98 77 
71 80 20 40 19 
67 71 44 79 20 
70 82 18 32  4 31 
83 30 45 70 81 18 
 9 11 36 82 30 45 16 
38 74 73 35 32 85 
84 35 86 32 18 29 
56 87 35 85  1 29 
68  1  2 62 56 86 
54 64 89 74 58 
73 24 74 54 88 
25 63 36 16 92 91 
56 30 92 16 90 
56 62 90 63 91 
94 96 52 99 98 46 95 
64 46 58 96 93 
34 52 93 96 22 
94 58 93 22 95 
47 37 26  6 13 27 
11 46 78 99 93 
 8 78 52 98 93 
