10 17 34 12 38 52 
35 48 67 86 85 74 
14 67 49 61 86 
71 60 14 28 19 
68 69 52 80 33 31 
21 27 46 10 17 15 
13 99 24 98 26 23 54 
26 27 64 70 40 21 
97 77 51 66 40 15 
44 82 11 76 43 
 0 17 12 56 46  5 
76 77  9 96 45 36 82 
47 38  0 10 75 56 
74 56 48 46 99 24  6 
71 67  2 49  3 28 50 
51  8 17 40 21  5 
82 36 89 90 30 
51 34 15  0 10  5 
32 84 80 81 30 29 
28  3 39 78 70 60 
68 58 59 39 78 79 43 
15 40  7 27  5 
31 37 94 34 33 57 95 
65 26 42  6 54 
 6 54 13 53 48 72 88 
42 54 41 36 89 62 
 7 27 64 65 23 98  6 
26  7 98 46 21  5 
64 70  3 14 19 50 
30 90 55 18 84 85 
81 82 16 90 18 29 
22 37 33 32 80  4 
83 84 37 18 80 31 
22 34 31 52  4 
17 51  0 94 22 33 52 
72 83 84 48  1 85 
45 11 82 16 25 41 89 
31 22 57 73 83 32 
 0 12 68 59 52 47 
20 78 59 60 19 
66  8 70 15  7 21 
25 54 53 36 45 63 
25 54 23 65 62 49 
20 58 79 44 66 76  9 
 9 82 69 58 81 43 
11 96 36 41 63 93 92 
10 56 13 99 98 27  5 
71 60 75 12 38 59 
13 24 72 74  1 35 
 2 14 61 42 62 65 50 
65 64 28 49 14 
97  8 17 34 15 94 92 
 0 34 33 38 68  4 
24 54 41 88 87 63 
 6 24 53 25 42 41 23 
90 91 29 85 86 61 
75 74 10 12 13 46 
22 37 73 87 95 63 93 
69 44 68 20 43 
68 20 38 39 60 47 
59 39  3 71 47 19 
62 91 49 55 86  2 
89 91 42 25 49 61 
57 87 41 45 53 93 
 7 26 70 65 28 50 
26 23 64 42 49 50 
 8 77 76 40 70 79 43 
74 71 14  2  1 86 
69 58 20 59 38 52  4 
44 58 81 80 68  4 
66 40  7 64 78 79 28 19 
74 67 14 75  3 60 47 
35 83 73 48 24 88 
72 83 37 57 87 88 
67 71  1 48 75 56 13 
74 71 47 56 12 
66 77 11  9 43 
97  8 96 66 76 11 
39 20 79 70 19 
20 78 70 66 43 
81 69 32 18  4 31 
44 82 69 80 18 30 
 9 44 11 36 81 16 30 
72 35 84 73 37 32 
32 83 18 29 85 35 
29 84 55 35 86  1 
55 85  1 67 61  2 
73 57 53 88 63 
72 24 53 87 73 
25 36 16 90 91 62 
89 91 16 30 55 29 
89 90 62 55 61 
93 95 94 97 96 51 45 
95 57 63 45 92 
51 34 22 95 92 
94 22 57 93 92 
97 77 11 45 92 
 8 77 96 51 92 
26 27 46 99  6 
46 13 98  6 
