36 49 15 98 10 32 
33 45 70 64 82 81 
82 64 12 58 46 
26 17 57 12 67 
55 56 65 76 49 31 29 
95 11 22 51 21 94 
61 24 25 19 38 66 
38 63 73 13 48 93 
72 41  9 42 78 
92 73 34 72  8 78 14 
36 44 71  0 98 53 99 
95  5 43 22 53 70 45 
46 47 26  3 67 64  2 
38  7 15 97 48 19 
85 86 28 78  9 34 
 0 98 97 13 48 32 
76 30 77 28 80 27 
37 74 26  3 57 66 
55 56 41 75 37 74 
97 96 13 38 25  6 
91 90 54 35 32 31 29 
62 40 24 51  5 94 
 5 11 51 45 50 68 84 
51 39 40 59 85 
62 21 94 61 25  6 
94 24 19 96 43 95  6 
 3 17 66 12 47 61 
80 16 28 52 86 81 
77 16 78 14 86 27 
 4 76 31 30 35 20 
76 16 79 35 29 80 
 4 49 32 20 29 
 0 15 48 90 20 31 49 
45  1 81 80 68 79 
60 39 89 92  9 85 14 
54 69 20 79 30 29 
56 44 49  0 10 
18 56 74 17 57 
63  7 13 66 19  6 
60 34 50 51 23 85 
21 51 23 62 46 59 
18 75 63 55 72  8 42 
41  8 77 65 55 78 
95 11 53 99 96 25 
36 56 71 10 57 67 
22 11  1 33 70 68 
59 58 62 47 40 12  2 
62 46 12 26 61 
13  7 88 90 15 32 93 
56 36  0 31  4 32 
51 22 60 39 84 83 
22  5 21 40 50 39 23 
86 87 58 82 27 81 
10 71 43 11 70 99 
60 89 91 69 35 20 83 
 4 56 18 65 41 42 
 4 55 18 44 36 49 37 57 
 3 17 37 44 56 67 
46  2 52 87 59 82 
46 40 23 58 87 85 
34 39 89 50 54 83 
62 47 24 26 66  6 
21 40 46 47 24 61 
38  7 73 41 75 72 66 
67 70 12 82  1  2 
55  4 76 77 42 
74 75 17 26 63 38 61  6 
70 71 64 57  3 12 44 
45 22 33 79 69 84 
54 35 79 68 84 83 
64  1 67 71 11 53 45 
10 44 67 70 53 
63 73 41  8  9 
 7 63  9 92 72 93 
18 75 37 17 66 
18 41 63 74 66 
30 16 65  4 77 29 
76 16 65 42 78 28 
 8  9 42 77 28 14 
30 80 33 69 35 68 
33 79 30 16 27 81 
80 33 82  1 52 27 
58  2 52 64  1 81 
54 69 84 60 50 
68 69 50 22 83 
23 39 34 59 87 86 14 
52 87 85 14 28 27 
86 52 58 59 85 
91 89 90 92 48 93 
34 60 91 88 92 54 
88 91 20 48 32 
88 89 90 20 54 
88 89  9 73 34 93 
92 73 88  7 48 
24 21  5 95 25 
11  5 43 94 25 
97 98 99 43 19 25 
15 13 98 96 19 
15  0 10 97 96 99 
10 98 53 43 96 
