31 98 99 10 94 15 32 
78 61 66 44 33 77 
12 61 55 45 78 
12 63 17 26 54 
97 53 29 31 72 98 62 
49 21 22 11 90 91 
19 25 37 58 24 
37 13 60 69 89 47 
74  9 68 40 41 
 8 74 68 69 14 88 34 
51 95 99  0 43 94 67 
22  5 44 91 42 51 66 
46 45 63  3 61  2 26 
37  7 19 93 15 47 
82 81 74  9 28 34 
93 13 94  0 47 32 
30 76 28 73 27 72 
26  3 54 70 36 
71 40 70 53 97 36 
37 13 93 25 92  6 
86 87 35 29 31 32 52 
49  5 39 59 90 24 
 5 11 49 48 44 64 80 
56 39 81 49 38 
59 21 90 58  6 25 
19 92  6 91 90 24 42 
46 58 17  3 12 70 
76 16 28 82 50 77 
74 73 16 14 82 27 
 4 31 72 35 30 20 
75 35 76 16 72 29 
98  0  4 29 20 32 
20 31 86  0 15 47 
77  1 76 44 64 75 
14  9 88 81 85 38 57 
30 29 75 20 65 52 
97 18 54 17 70 96 
 7 13 60 19  6 58 71 70 
49 48 23 81 34 57 
56 45 21 49 59 23 
60 71 18 68  8 53 41 
74 73  8 40 53 62 
25 92 91 95 51 11 
54 63 67 10 99 96 
66 11  1 22 64 33 
12 46 56 55 39  2 59 
12 45 59 58 26 
15 13 89 84 86  7 32 
49 22 80 38 79 57 
21  5 39 23 22 48 38 
78 55 83 82 27 77 
10 95 67 42 11 66 
79 65 35 85 87 20 57 
18 40 41 97  4 62 
17  3 63 43 36 96 
45  2 56 78 50 83 
45 39 55 23 81 83 
85 34 38 48 79 52 
59 46 26 37  6 24 70 
46 58 21 39 45 24 
 7 69 37 71 40 68 
63 12  2 66  1 78 
 4 72 53 41 73 
12  3 61 66 54 43 67 
44 22 33 75 80 65 
75 64 80 35 79 52 
67 51 44  1 63 11 61 
10 43 51 63 66 
 9 69  8 60 40 
 7 60 68  9 89 88 
37 58 71 26 17 18 36 
60 40 18 37 70 
16 73 30 29  4 62 
28 74 16 72 41 62 
 8  9 14 28 73 41 
30 76 35 33 64 65 
75 33 30 16 27 77 
78 50 27 76 33  1 
 2 61 55 50  1 77 
80 48 65 57 52 
22 48 64 65 79 
56 23 14 82 83 34 38 
14 81 83 50 28 27 
55 50 82 56 81 
89 88 86 87 85 47 
84 87 88 34 57 52 
84 87 47 20 32 
86 84 85 20 52 
 9 69 89 84 34 85 
 7 69 88 84 47 
21  5 91 25 24 
90 25 11  5 42 
25 19 93 94 95 42 
19 13 92 15 94 
10 95  0 92 93 15 
10 51 94 92 42 
36 54 97 43 99 98 
53 18  4 98 36 96 
31  0  4 99 97 96 
98  0 10 43 96 
