14 31 92 96 97 30  9 
59 76 75 32 64 42 
43 53 76 11 59 
61 52 16 25 11 
28 70 60 51 30 96 95 
23 56 36 18 24 
87 67 45 12 36 58 
39 66  8 72 40 
86 67 66 33  7 72 13 
93 49 92 94 97 52  0 65 
89 41 49 64 42 21 99 
43  2 44  3 61 25 59 
14 91 45  6 36 18 
79 80 27 72  8 33 
 0 31 92 91 12 45 
74 26 71 70 29 27 
52 35  3 25 68 
69 39 68 35 51 95 
90 91 12 36  5 24 
84 31 85 50 30 28 34 
88 23 47 38 57 98 
46 47 78 62 42 98 99 10 
38 47 37 54 79 
88 20 57 56  5 24 
18 90 88 89  5 41 23 
68 56 44 16  3 11 
15 74 48 80 75 27 
71 72 80 26 15 13 
 4 70 30 19 34 29 
73 74 15 34 70 28 
96  4 28  0 31 19 
 0 14 45 84 19 30 
 1 42 62 75 73 74 
86  8 37 55 83 79 13 
63 73 28 19 50 29 
17 68 52 94 16 95 
 6 12 58 69 18 68 56  5 
47 22 33 55 46 79 
47 20 57 22 54 43 
 7 66 40 58 69 17 51 
 7 39 71 72 51 60 
89 10 49 93 90 24 
62 21 64  1 10 32 
44 57 38 54 53  2 11 
57 56 43 25 11 
14 31 87 82 12  6 84 
37 47 77 78 55 21 
38 22 37 20 46 21 98 
81 53 76 80 26 75 
41 10 64 93  9 65 
55 77 83 63 19 85 34 
40 39 17 60  4 95 
 3 61 94 35  9 65 16 
 2 43 76 54 81 48 
53 43 81 38 22 79 
33 37 77 50 83 46 
23 57 68 36  5 44 25 
20 23 38 56 44 43 
39 66 69 67  6 36 
76  1 64 61  2 11 
51 40 71 70  4 
 3 52 65 64 11 59 
78 21 42 63 73 32 
77 50 78 62 73 34 
61 59 49 10  1 42 65 
61 64 52  9 49 
 8 67 39  7 58 
 8 86 66 87  6 58 
36 56 69 17 35 25 16 
58 39 36 17 68 
15 71 29 28 60  4 
15 70 40 72 27 60 
 7  8 40 71 27 13 
63 62 34 32 74 29 
73 32 15 26 75 29 
32 74 48 76  1 26 
 1 59  2 53 48 75 
55 50 46 78 63 
77 46 21 63 62 
80 81 37 22 33 54 13 
48 26 81 27 79 13 
54 53 48 80 79 
83 86 87 45 84 85 
82 86 33 55 50 85 
19 31 45 82 85 
19 50 84 82 83 
 8 67 33 83 82 87 
 6 67 86 82 45 
20 23 98 89 24 
41 10 98 88 24 99 
91 92 93 41 18 24 
14 12 92 90 18 
14  0 91 90 93  9 
49 41 90 92  9 
52 35  9 95 96 97 
 4 96 94 51 35 17 
 0 97 30  4 94 95 
 0 96 94  9 
47 21 88 89 20 99 
21 10 98 89 
