29 99 90 28  9 95 94 
30 73 74 57 40 62 
74 51 57 41 11 
15 23 11 59 50 
68 26 28 58 49 93 94 
22 21 54 34 17 
34 12 85 65 43 56 
64  8 70 38 37 
84 31 65 13 64  7 70 
92 95 50 90 91 47  0 63 
62 40 87 39 97 47 
42 23 57 59  2 41  3 
34  6 43 98 89 17 
 8 31 70 25 78 77 
25 24 27 68 69 72 
66 23 33 50  3 
93 49 37 67 66 33 
 5 22 89 12 34 88 
28 26 83 82 32 48 29 
21 86 96 55 45 36 
35 45 77 52 36 
 5 22 86 19 55 54 
 5 21 86 39 87 17 88 
66 54 42 15 11  3 
25 14 78 72 73 46 
70 13 14 24 78 69 
68  4 28 27 32 18 
71 32 26 68 14 72 
 4 26 94 18 29  0 
18 82 28 43 98 99  0 
72 73 71 60 40  1 
84  8 13 81 53 77 35 
27 26 48 61 18 71 
66 16 15 93 92 50 
 6 12  5 54 56 17 66 67 
53 44 45 31 77 20 
20 52 55 19 45 41 
 7 38 64 56 49 16 67 
70  7 69 58 37 49 
87 22 10 47 91 88 
62 10 30 60 76 97  1 
 2 51 52 42 55 11 36 
54 23 55 41 11 
80 82 85  6 12 29 98 
96 97 76 75 53 45 35 
96 44 35 20 19 36 
79 51 74 78 24 73 
10 62  9 91 39 63 
61 32 18 83 81 53 75 
93 16 58 38  4 37 
59 63  9 92 33 15  3 
74  2 79 52 46 41 
79 51 77 20 36 41 
81 48 31 75 44 35 
 5 34 21 55 66 23 42 
21 19 54 42 41 36 
 6 34 65 64 37 67 
 1 62 59 74  2 11 
68  4 69 38 49 
63 50 62 57 11  3 
61 76 71 30 40 
48 32 76 60 71 75 
 1 40 10 57 47 59 63 
59 50  9 47 62 
 8 65  7 56 37 
 8 84 85  6 64 56 
54 34 23 67 16 15 33 
56 34 66 16 37 
 4 26 58 27 14 69 
70 38 25 58 14 68 
 7  8 13 25 38 69 
27 72 61 60 32 30 
27 71 14 30 73 24 
30  1 74 72 24 46 
 2 57  1 73 51 46 
53 48 61 44 76 
97 44 61 60 75 40 
79 52 13 31 78 35 20 
25 24 13 77 79 46 
51 52 77 78 46 
83 82 43 85 84 81 
83 48 53 80 84 31 
80 83 18 43 29 
80 82 18 48 81 
 8 31 65 85 80 81 
84 65 80 43  6 
21 19 22 96 87 
96 97 86 39 22 10 
39 22 17 89 91 90 
90 99 98 12 17 88 
 9 91 89 99 88  0 
90  9 47 39 88 
50  9 95 94 93 33 
49 16  4 94 92 33 
28  4 93 92 95  0 
92  9 94  0 
97 87 44 45 86 19 
10 87 96 44 76 40 
29 99 43 12 89 
90 89 98 29  0 
