25 90 91  6 86 26 95 
47 56 12  8 20 
18 19 14 51 31 
53 62 31  9 82 40 
61  5 67 34 35 
81 62 28 10 61  4 67 
 0 86 91 60 44 47 87 88 
37 93 36 44 59 84 
54 56 71  1 20 48 38 39 
 3 31 40 94 85 14 
28  5 74 22 75 67 
65 66 22 21 24 69 
 1 47 30 63 20 
30 89 63 46 64 34 
19 98 85  9 31  2 
23 25 80 45 79 26 29 
92 42 83 18 33 52 
74 32 49 33 42 
19 83 16 52 51  2 
98 36 84 83 18 14  2 
 1  8 12 63 51 39 
70 43 22 11 75 69 
11 66 21 75 10 67 
25 15 97 65 29 24 
68 29 23 65 11 69 
23 15 97 90  0 26 
 0 25 15 79 40 94 95 
70 54 59 37 69 57 68 
81 78 50 32  5 10 74 
23 15 45 58 24 68 
13 89 88 47 12 63 
53  3  9 51 63 64 14  2 
41 50 28 74 17 42 
49 17 42 16 38 52 
46 13 64  4 61 53 35 
55 46 34  4 66 67 
 7 44 98 99 19 84 87 
73 93  7 59 27 57 
48  8 49 39 33 52 
38  8 20 51 52 
94  9  3 82 77 79 26 
50 72 32 73 93 92 42 
92 41 16 32 17 33 
21 70 75 71 48 76 
 7 36 59  6 60 87 
80 15 58 72 78 50 29 
13 89 96 34 55 35 
60 56  6 88  1 12 30 
38  8 71 43 49 76 
17 74 33 38 48 76 
41 72 32 28 78 45 
63 31 20 39 52 18  2 
39 38 33 51 18 16 
 3 62 31 61 64 34 
56 59 27  8 71 70 
46 96 65 66 97 35 
60 59 54 47  8  1 
58 73 37 27 68 
73 72 45 29 57 68 
 7 44 37 27 56 54 60 
56 59 47  6 44 
53 62  5  4 34 
 3 53  5 81 82 61 
30 12 13 51 31 20 64 
63 13 53 31 34 
23 97 11 66 55 24 
65 11 22 67 55 35 
 5 10  4 22 66 35 
24 69 57 58 29 27 
70 21 11 27 68 24 
21 43 54 27 69 71 
54 70 43 48  8 
50 41 73 58 45 
93 37 41 72 58 57 
28 32 10 75 17 49 76 
21 43 22 10 74 76 
75 74 49 43 48 
80 78 81 82 40 79 
80 77 81 28 50 45 
80 15 77 40 26 
77 78 45 15 79 
77 78 28  5 62 82 
 3 62 81 77 40 
92 16 84 19 18 
 7 93 36 92 83 19 
99 98 94  9 86 95 14 
 0  6 99 85 87 95 
 6 44 86 36 99 
47  6 89 30 90 91 
13 30 88 90 96 46 
89 88 96 25  0 97 91 
 0 90  6 88 
41 93 16 83 84 42 
73 37 41  7 84 92 
40  9 26 85 95 
26  0 94 86 85 
90 89 97 46 55 
23 65 25 90 96 55 
99 36 19 85 14 
98 36 85 86 87 
