80 85 87 84 23 24 
28 18 45  8 53 
37 18 60 29 12 49 16 
 9 29 50 59 38 93 
 5 64 58 32 33 
58 59  4 64 10 26 77 
81 42 80 85 57 45 82 
95 35 56 42 34 
37 36 46 68 18  1 51 53 
 3 29 12 38 79 86 
 5 64 26 99 20 71 98 
83 44 32 60 28 61 
 2 29  9 17 90 79 16 
27 21 76 75 23 43 24 
40 31 49 16 78 
30 99 31 40 47 98 
12  2 49 17 14 78 
12 90 34 16 78 
37  2 60 28  1  8 
67 66 20 71 97 41 
63 96 19 71 64 10 97 
13 27 22 62 89 23 
62 96 21 97 66 65 27 
13 21 89 84  0 24 
13 75 23  0 87 86 38 
67 66 51 56 35 65 54 
30 48 99  5 10 77 74 
13 21 22 65 55 43 
18  1 45 60 11 83 82 
 3  9 50  2 60 12 61 
99 15 48 39 26 40 
40 14 15 47 36 49 
50 58 44 11  4 61 33 
32  4 44 52 63 64 
81 42 17 90  7 95 78 91 
95  7 70 54 56 25 
31 47 37 49 46  8 
18  2 49 36  8 
 9  3 93 73 75 86 24 
69 48 30 94 70 40 
31 15 14 94 39 78 30 
19 71 46 68 67 72 
34 81 56  7  6 57 
27 13 76 55 69 74 48 
83 11 32 33 52 88 
57  6 28  1 82 53 
 8 36 68 41 47 72 
31 15 36 46 98 72 
69 39 30 26 74 43 
37  2 36 31 14 16 
 3 29 59 58 32 61 
67 25 68  8 56 53 
62 63 89 33 44 88 
45  1 57  8 51 56 
70 55 35 25 65 
69 70 54 65 27 43 
 7 42 35 25 51 53 57 
 6 45 42 56 53 
 5 59  4 50 32 
58  5  3 50 93 77 92 
 2 29 18 28 11 61 
50 29 60 11 32 
63 52 96 89 21 22 
20 96 64 62 52 33 
 5  4 10 63 20 33 
54 55 27 22 66 25 
25 67 19 97 22 65 
25 66 19 51 68 41 
 8 46 51 67 41 
48 39 70 55 43 
95 35 94 69 55 39 54 
20 19 10 41 98 72 
98 71 47 41 46 
38 75 93 76 92 77 74 
76 73 77 48 26 43 
38 73 76 13 24 
73 75 13 74 43 
 5 26 59 92 73 74 
94 95 34 17 16 14 40 
12 90  9 87 80 91 86 
 0 85  6 81 87 79 91 
34 42  6 80 91 
83 84  6 45 28 85 
44 11 28 82 84 88 
83 82 88 89 23  0 85 
80  0  6 82 84 
87 79 38  9 24 
80  0 79 86 24 
44 52 89 83 84 
62 52 21 88 84 23 
17 12 34 79 91 
79 90 80 81 34 
73 93 77 59 
 3 59 38 73 92 
95 78 70 39 40 
35 70 94  7 34 78 
20 63 62 22 97 
19 66 22 96 20 
99 15 47 10 71 72 
30 15 26 10 98 
