80 86 24 23 84 83 
53 45  8 18 28 
60 29 12 37 49 18 16 
38  9 29 50 59 92 
64 33 32 58  5 
26 10 77 58 59 64  4 
80 81 57 45 42 84 
99 98 56 35 42 34 
53  1 18 37 46 36 51 68 
12 29 38 85  3 79 
20 71 97 26 96  5 64 
28 82 44 60 61 32 
 9 29  2 16 79 89 17 
27 43 21 76 23 75 24 
31 40 49 16 78 
96 97 47 31 40 30 
 2 49 12 14 17 78 
34 89 12 16 78 
60  2 37  8  1 28 
20 95 71 66 67 41 
71 10 19 95 64 63 94 
13 27 23 88 62 22 
65 27 21 66 95 62 94 
21 88 13 24  0 83 
23 13 75  0 86 85 38 
66 67 35 54 56 51 65 
97 10  5 77 30 48 74 
13 43 21 55 65 22 
 1 45 82 18 60 11 
 9 12  2 60  3 50 61 
26 97 15 40 39 48 
47 36 49 15 40 14 
33 44 50 58 61 11  4 
63 52 44 32 64  4 
90 89 81 98  7 42 17 78 
56 25 54 70  7 99 
47 46 31 49 37  8 
49 36  2 18  8 
85  9  3 75 73 92 24 
70 93 40 30 48 69 
31 14 78 93 15 39 30 
19 71 72 67 68 46 
56  7 57  6 81 34 
27 13 76 55 69 48 74 
33 52 87 82 32 11 
82 84 53 57  1  6 28 
36 47 72 68  8 41 
36 46 31 15 96 72 
30 39 26 69 43 74 
31 36 37  2 14 16 
 3 29 58 59 61 32 
25 56 53  8 68 67 
63 33 44 87 88 62 
51 56 57 45  1  8 
25 35 65 70 55 
70 54 27 43 65 69 
35  7 42 57 25 53 51 
42 56 53 45  6 
50 59  5 32  4 
50 58  3  5 77 92 91 
 2 29 18 28 61 11 
60 29 50 32 11 
22 21 88 52 63 94 
33 52 64 20 62 94 
33 63 20 10  5  4 
25 66 54 55 27 22 
25 67 19 95 65 22 
51 68 66 25 19 41 
51 67  8 46 41 
55 70 39 48 43 
54 35 99 93 55 39 69 
20 10 19 96 72 41 
47 46 96 71 41 
75 38 76 92 91 77 74 
76 43 48 73 77 26 
76 13 38 73 24 
13 43 75 73 74 
 5 26 59 91 73 74 
16 14 17 93 98 34 40 
80 86 90 85 89  9 12 
 0 86  6 81 90 84 79 
80  6 42 90 34 
45 84 83 28 87 44 11 
82 84  0 88 87 23 
 6 45 82  0 80 83 
38  9 24 86 79 
 0 80 24 85 79 
88 52 44 83 82 
87 52 83 23 21 62 
90 34 79 12 17 
80 81 34 89 79 
77 73 92 59 
 3 59 38 73 91 
78 98 40 99 70 39 
22 95 62 63 20 
19 20 66 22 94 
97 10 71 15 47 72 
26 10 96 15 30 
99  7 93 34 78 
98  7 93 70 35 
