24 23 84 78 82 81 
44 52 28 18  8 
59 18 36 48 29 12 16 
49 58 90 37 29  9 
32 31  5 63 57 
75 58  4 63 10 57 26 
41 79 78 82 56 44 
34 97 96 55 41 33 
 1 52 18 36 35 50 67 45 
29  3 12 77 83 37 
 5 63 20 70 94 26 95 
59 60 28 31 43 80 
29  2 16 17  9 77 87 
21 27 23 24 99 74 42 
46 35 15 39 48 76 16 
94 46 39 30 14 95 
12 17 48 14  2 76 
76 33 16 12 87 
 1 28 59  2 36  8 
70 20 93 65 66 40 
70 19 93 10 63 62 92 
13 27 23 22 61 86 
64 27 21 61 65 93 92 
13 21 24  0 86 81 
23 13  0 84 37 98 99 83 
66 50 55 34 65 64 53 
75  5 10 47 30 73 95 
21 13 22 64 42 54 
 1 18 44 59 80 11 
49 60  3 12  2 59  9 
39 38 47 15 26 95 
49 60 43 32  4 11 57 
43 31  4 63 62 51 
79 41  7 96 76 17 88 87 
55 25  7 53 69 97 
14 46 48 36  8 45 
 2 18 48 35  8 
90  3 24 98 72 83  9 
39 30 91 69 47 68 
14 76 38 30 91 15 
71 45 66 19 70 67 
79  6 33 56 55  7 
74 73 47 13 27 68 54 
32 31 80 85 11 51 
 1 52 28 56 80 82  6 
35 46 71  8 40 67 
35 14 45 71 94 15 
38 30 26 73 42 68 
36  2 14 35 16 
 3 58 31 60 57 29 
55 25 52 66 67  8 
62 32 61 43 85 86 
50 55 44  1 56  8 
34 25 64 69 54 
53 69 68 64 27 42 
56 41 52 50  7 34 25 
44 52 55 41  6 
31 49  4 58  5 
 3 49 90  5 75 89 57 
28 18  2 11 60 29 
31 49 59 11 29 
62 51 86 21 22 92 
20 63 32 51 61 92 
 5  4 32 10 20 62 
22 27 53 25 65 54 
66 19 93 25 64 22 
25 50 65 19 40 67 
40 45  8 50 66 
47 38 42 69 54 
38 91 34 53 97 68 54 
20 19 10 94 71 40 
45 46 94 70 40 
74 73 75 37 98 90 99 89 
74 72 75 26 47 42 
72 73 99 13 42 
72 73  5 58 89 26 
14 39 96 33 17 16 91 
83 84 78  9 12 88 87 
79  6 84  0 82 77 88 
41  6 78 33 88 
28 44 82 81 85 43 11 
80 85 82  0 23 86 
78  6  0 44 80 81 
24 84 37 77  9 
24  0 78 83 77 
80 81 43 86 51 
81 85 23 51 61 21 
77 12 88 17 33 
78 79 77 33 87 
90 72 75 58 
 3 58 37 72 89 
76 39 38 69 96 97 
22 61 93 62 20 
20 19 65 22 92 
10 70 71 46 15 95 
10 94 26 30 15 
 7 97 33 76 91 
34 69  7 96 91 
24 37 72 99 
72 98 74 13 24 
