79 23 80 82 76 
51 43 27 18  8 
28 58 18 35 12 16 47 
 9 28 88 57 36 48 
62  5 31 30 56 
73 57 25 10 62  4 56 
80 43 55 40 76 77 
54 33 40 95 94 32 
35 34 49 51  1 18 44 65 
75 12 28 81 36  3 
25  5 93 92 68 20 62 
27 58 78 59 30 42 
 9 75 28 85 17  2 16 
21 23 72 41 97 26 
38 74 15 45 34 16 47 
38 29 93 92 45 14 
17 74 14 12  2 47 
32 74 85 12 16 
27 58  1  8 35  2 
39 68 20 91 63 64 
90 91 68 10 62 61 19 
84 23 13 26 60 22 
63 91 90 98 60 26 21 
21 84 79 13  0 97 82 
63 99 64 52 33 54 49 
 5 10 73 71 46 29 93 
13 41 53 21 98 22 
43  1 11 58 78 18 
 9 12  3  2 58 48 59 
46 25 37 38 93 15 
59 48 11  4 31 42 56 
50 61 62  4 30 42 
17 74 85 86 94  7 40 77 
 7 54 24 52 95 67 
14 45  8 35 44 47 
 8 34 18  2 47 
81  9 96  3 88 70 
46 29 66 38 89 67 
89 74 37 29 15 14 
69 68 64 65 44 19 
55 54  6  7 32 77 
72 71 46 66 13 53 26 
78 11 83 30 31 50 
 6 80 51  1 27 55 78 
65  8 45 69 39 34 
15 92 69 44 14 34 
25 29 71 41 66 37 
14 34 16 35  2 
 3 57 28 59 30 56 
64 24  8 51 65 54 
60 84 61 31 83 42 
43  1 55  8 49 54 
24 33 67 53 99 
66 41 67 52 26 98 99 
24 33 55 51 40 49  7 
 6 43 51 40 54 
30 48  4 57  5 
 5 73 87 88  3 48 56 
27 11 18 28  2 59 
11 58 28 48 30 
90 22 21 84 50 61 
50 31 62 60 90 20 
 5 10 20 61 31  4 
91 22 98 99 24 64 19 
24 63 39 65 19 49 
64 39 49 44  8 
46 41 37 67 53 
37 66 89 95 52 33 53 
92 10 20 69 39 19 
68 92 45 44 39 
72 71 96 36 73 87 88 97 
25 73 72 41 46 70 
71 41 13 70 97 
 5 57 25 71 87 70 
17 32 38 14 16 94 89 
 9 12 85 81 86 82 76 
80  6  0 82 86 75 77 
40  6 76 86 32 
43 80 27 11 79 83 42 
84 23  0 80 78 83 
78 79  0 43  6 76 
 9 36 75 96 82 
 0 23 97 96 81 75 76 
79 84 50 78 42 
79 23 21 60 50 83 
17 12 75 32 86 
85 32 75 76 77 
88 57 73 70 
87 57  3 36 70 
38 74 37 94 95 67 
91 22 60 20 61 
63 22 90 20 19 
93 10 68 15 69 45 
25 10 92 29 15 
32 74  7 95 89 
67 33  7 94 89 
81 36 70 97 82 
13 72 70 96 23 82 
26 53 99 63 22 
53 52 98 24 63 
