80 23 77 78 74 
 8 18 50 27 42 
28 12 35 18 46 16 57 
85 56 47 28  9 96 
31 61 30 55  5 
25 71 10 61  4 56 55 
42 54 78 39 75 74 
39 53 33 32 91 92 
35 18 34 43 48 50  1 
28 12  3 73 79 96 
66 89 20 61  5 25 90 
76 27 30 58 57 41 
 2 28 16  9 82 17 73 
40 26 21 94 23 70 
34 44 46 16 72 15 37 
29 37 14 44 89 90 
 2 12 46 14 72 17 
16 72 82 12 32 
 2 35  8 27 57  1 
20 88 62 66 38 63 
60 61 87 88 19 66 10 
13 26 23 22 81 59 49 
59 21 87 26 88 62 95 
94 13 21 81 80  0 77 
51 33 98 53 63 62 48 99 
69 45 71 29  5 10 90 
13 40 21 22 52 95 
57 18 42 76  1 11 
 2 12 47  3 58  9 57 
37 36 45 25 90 15 
47 58 55  4 31 11 41 
60 61  4 30 49 41 
91 72 17 39 75 82  7 83 
24 53  7 92 65 51 
35 46  8 14 44 43 
 2 18 46 34  8 
64 45 29 37 65 86 
29 36 15 14 72 86 
66 19 67 63 48 43 
53 54 75  6 32  7 
64 45 69 13 26 52 70 
81 76 11 49 31 30 
76 27  1 50 78  6 54 
67 38 34  8 44 48 
34 14 67 89 43 15 
64 40 69 36 25 29 
35  2 34 16 14 
 3 28 58 56 55 30 
 8 43 38 50 63 24 53 
59 21 81 60 31 41 
 8 48 53  1 42 54 
33 65 98 52 24 
40 26 64 95 98 65 51 
24 33 48 50  7 39 54 
39  6 42 50 53 
47 56 30  4  5 
85  3 47 84 71 55  5 
27 18  2 58 28 11 
47 28 57 30 11 
87 60 21 22 49 
31 61 59 87 20 49 
31 60 20 10  4  5 
88 19 22 63 95 99 24 
38 48 62 19 24 
40 45 36 52 65 
52 64 36 86 92 33 51 
67 89 20 19 10 38 
66 89 38 44 43 
70 94 93 84 69 97 85 
40 45 25 71 84 70 68 
13 94 69 40 68 
25 69 84 56  5 
14 16 17 91 86 32 37 
82 12  9 79 80 74 83 
73 80  0 75  6 78 83 
39  6 32 74 83 
81 77 42 27 78 11 41 
81 76 78 23  0 
42 76  6 77  0 74 
97 93 80 73  9 96 
94 23  0 93 79 73 74 
76 77 23 21 49 41 
17 12 73 32 83 
32 75 82 73 74 
69 71 85 56 68 
 3 56 84 96 97 68 
91 92 37 36 72 65 
59 60 22 20 88 
20 19 87 62 22 
66 67 10 44 90 15 
29 25 10 89 15 
86 72 32  7 92 
65 33  7 91 86 
97 79 80 94 68 
13 23 80 70 93 68 
22 26 52 62 99 98 
97 79  9  3 85 
93 79 96 85 68 
95 99 52 24 51 
62 95 98 24 
