 2 25 45 44 63 68 35 
56 32 31 28 74  6 
23 25 65 20 45  0 
72 80  5 90 18 99 79 
56 17 28 86  8  7 
 3 90 18 96 61 91 
74 43 64 28  1 58 
86  4 47 41 92  8 38 
16 17  4 47  7 
65 20 40 50 34 93 
72 80 84 83 23 25 71 
12 22 87 58 64 37 
64 42 11 88 14 22 
33 83 48 78 23 66 
88 12 75 76 22 89 
44 63 47 19 97 51 
85 17 24 19 47  8 
48 85 16 56 82  4  8 
 3  5 96 19 24 79 97 
18 24 16 47 15 97 
 2 65  9 45 93 92 41 
26 27 52 90 98 73 
12 11 36 75 14 37 
13 83  2 25 65 66 10 
33 84 85 16 18 19 79 
23  2 10  0 71 35 
27 21 98 60 55 29 
26 21 95 31 73 29 
56  1  4 86 87  6 58 
55 26 27 95 70 30 54 
49 70 29 54 75 76 
 1 32 27 73 95 94 74 
56  1 31 57 81 82 94 
13 83 84 24 85 48 
50 36  9 93 37 38 
71 25 39  0 68 67 
50 34 49 75 22 37 
87 11 36 34 22 38 
86 87 37 34 93 92  7 
59 71 35 46 67 89 
 9 65 50 69 77 66 
45 44 47 92 20  7 
43 53 64 62 12 88 
 6 74 64 73 52 53 42 
15 63 47 45 41  0 
 2 20 41 44  0 
59 39 54 55 76 89 
16 19 15  8 44 41  7 
85 17 33 13 78 81 82 
70 69 30 50 36 75 
40 69 36 34  9 49 
61 96 97 15 63 68 62 67 
90 21 73 91 53 43 
62 42 61 91 52 43 
29 30 55 46 76 
60 26 29 54 59 46 
 1 32 82 17  4 28 
81 32 70 69 77 94 
87 11 64  6 28 
55 60 71 39 72 46 
98 26 55 99 72 59 
62 51 53 96  5 91 
51 61 42 53 88 67 
44 15  0 51 68 
12 42  6 58 11 43 
 2 20 23  9 40 66 
65 40 77 78 13 23 
35 39 68 88 62 51 89 
 0 63 51 35 67 
50 40 57 70 77 49 
95 29 30 57 69 49 94 
10 25 72 59 39 35 
 3 80 10 99 60 71 59 
52 21 27 31 74 43 
43 73 31  1  6 
76 30 36 22 49 14 
46 54 75 14 30 89 
40 69 57 78 81 66 
48 13 81 77 66 
 3 18 84 24 80 
72  3 10 84 79 
78 48 57 32 82 77 
81 32 56 48 17 
33 13 84 23 10 
33 83 24 10 80 79 
33 24 48 17 16 
28  4  7 38 87 
58 28 11 86 37 38 
62 42 12 14 67 89 
76 46 39 88 14 67 
52 21 98  5  3 99 91 
 5 90 61 53 52 
93 20 41  7 38 
 9 34 92 20 38 
31 32 95 57 70 
70 29 27 31 94 
 5 18 61 51 97 
19 15 51 96 18 
90 21 26 60 99 
98 90  3 72 60 
