73 72 21 75 69 
 8 17 46 39 24 
32 17 52 25 43 15 96 
99 25 98 51 80  9 90 
27 50 28  5 56 
 4 50 66 22 10 51 56 
36 70 94 73 39 95 69 
36 29 49 30 87 86 
31 40 44 46  1 17 32 
 3 25 90 74 68 97 
61 18 84 85 22  5 56 
27 53 52 24 71 38 
21 88 65 19 23 37 
34 14 41 31 67 15 43 
85 26 84 34 13 41 
67 13 16 43  2 96 
67 29 15 77 96 
 8  1 32  2 24 52 
83 61 10 82 56 55 
45 76 54 21 20 23 12 
82 57 54 19 23 89 
76 72 19  0 12 88 75 
26 42 64 66 10 85  5 
48 89 20 19 12 37 
 1 17 39 71 52 11 
99  3 53 52  2  9 96 97 
42 22 85 14 34 33 
 4 50 98 53 28 11 38 
27  4 56 55 45 38 
70 36 67 16 78  7 86 77 
 7 49 58 87 47 93 
 8 40 41 13 32 43 
 8 17 31  2 43 
42 26 60 81 34 59 
14 26 13 67 81 33 
83 57 58 40 62 61 44 
70  6 29 94 49  7 
48 23 12 65 64 42 59 
76 71 11 45 28 27 
 1 46 24 71 73  6 95 
62 35 44  8 31 41 
84 62 14 13 40 31 
26 22 64 37 33 59 
 2 15 32 31 13 
46 49 35 40  8 58 
54 19 55 28 76 38 
44 49  8  1 39 94 95 
92 48 60 87 30 93 
89 23 92 47 60 37 59 
46 44 58 30 94 36  7 
98 51 27  4  5 
98 50  3 80  5 66 79 
53 25  2 17 24 11 
99 25 98 52 27 11 
45 19 82 55 20 
82 18 54 56 28 45 
 5  4 28 10 18 55 
35 83 93 58 92 82 20 89 
30 49 93 57 35 44 
33 42 60 48 37 
48 47 87 81 33 59 
35 62 83 18 84 10 
35 40 61 84 41 
64 65 79 88 91 80 
66 22 42 37 65 79 63 
12 88 37 64 63 
64 22  5 51 79 
16 29 34 81 13 15 86 
77 78 74  9 97 75 69 
68 78 75  0 70  6 73 
36  6 29 78 69 
24 39 73 11 72 76 38 
21  0 73 71 76 
39  6 71 72  0 69 
90  9 91 88 68 75 
68 74 88 21  0 69 
45 19 21 72 71 38 
16 29 78 96 68 97 
70 29 77 68 69 
64 66 51 80 63 
 3 51 79 63 91 90 
87 60 34 67 33 86 
83 18 57 55 54 20 
35 57 61 18 82 
61 62 10 85 14 41 
10 22 84 26 14 
67 29  7 87 81 
30 47  7 60 81 86 
12 21 65 63 91 74 75 
57 92 48 23 20 
 9  3 80 91 74 
63 88 80 90 74 
57 89 48 47 93 
57 92 58 30 47 
36  6 46 49 95 
 6 39 94 46 
 2 25 15 16 77 97 
96 77 68  9 25 
50 51  3 99 53 27 
 3 25 98 53 
