71 67 70 73 20 
16  7 45 23 38 
97 24  8 88 78 50 96 
49 26  4 55 27 
 9 21 49 50  3 55 64 
67 68 35 92 93 38 71 
48 29 35 85 84 28 
39 43 30 31 16 45  1 
72 66 88  2 24 95 
59 82 17 21  4 55 83 
52 26 37 69 51 23 
22 18 20 63 36 86 
65 33 13 40 30 14 42 
40 12 82 33 83 25 
12 65 15 99 94 42 
75 94 28 65 14 
31 98  7 51  1 23 
59  9 81 55 54 80 
20 74 44 53 19 22 11 
53 18 80 56 87 22 
70 74 18 73 86  0 11 
 9  4 64 62 83 41 25 
18 19 47 36 11 87 
51 10 16  1 69 38 
52 97  2  8 95 94 99 98 51 
83 21 41 13 33 32 
 3 49 27 37 96 52 10 
 3 26 54 44 55 37 
84  6 35 68 76 75 15 65 
85 46  6 48 57 90 91 
39 40  7 31 12 42 
16 98 30  7 42 
33 79 25 46 58 41 
13 12 65 79 25 32 
57 43 56 81 59 60 39 
 5 68 92 48  6 28 
47 58 63 62 22 41 11 
27 44 26 74 10 69 
23  1 71 69 93  5 45 
34 43  7 60 40 30 
13 12 82 60 39 30 
62 21 36 58 25 32 
12 30 14 31 99 98 
34 57 39  7 48 45 
53 54 18 27 37 74 
 7 43 92 93 48  1 38 
47 58 79 85 29 90 32 
46 58 36 22 90 87 
57 43 29  6 35 92 45 
 3 26  4 50 96 
77 78 49  4  2 64 96 
10 52 16 98 24 23 
97 24 96 26 10 51 
54 44 18 19 80 
53 44 55 17 27 80 
 3  4  9 17 54 27 
57 34 81 80 19 91 87 
43 34 56 48 29 91 
46 47 36 41 32 
 9 82 17 81 34 60 
59 34 82 40 39 
78 77 86 89 63 62 
63 36 77 61 64 21 41 
86 61 62 36 11 
21  4 50 77 62 
33 79 84 12 28 15 14 
 8 72 76 75 67 95 73 
 5 68 76 66 73 71  0 
67  5 35 76 28 
10 37 74 70 71 23 38 
 0 20 74 69 71 
 5 67 38  0 70 69 
89 86 88  8 66 73 
67 66 72 86 20  0 
37 44 18 20 70 69 
76 66 95 94 15 28 
75 66 67 68 28 
78 50 61 62 64 
77 50 61 89 88  2 
85 46 84 65 33 32 
54 17 81 53 19 56 
59 17 56 34 80 
 9 59 40 13 60 83 
 9 82 21 13 25 
85 79 65  6 28 
79 46 84  6 29 
89 61 72 63 73 20 11 
90 47 22 19 56 91 
78 89 72  8  2 
86 61 78 88 72 
47 46 29 87 91 
57 56 87 90 29 
35  5 93 48 45 
92  5 45 38 
95 75 24 99 15 14 
75 94 24  8 66 
49 26 52 97 50  2 
52 24  2 96 
99 24 31 16 51 42 
94 24 98 14 42 
