64 69 19 67 68 
89 37 42 22 15  7 
93 23  8 92 47 74 84 
46  4 25 52 51 26 
61 20 47 46 79  3 52 
68 37 64 89 65 34 88 
27 34 28 81 80 45 
42  1 15 30 38 29 98 
91 63 23  2 84 
49 48 36 25 66 22 
17 21 19 35 60 82 
39 29 12 32 96 13 62 
32 24 11 39 78 
11 96 97 95 90 14 62 
90 13 80 27 62 71 
48 94 30 22  1  7 
56 79 52 51 76 77 
18 21 70 41 19 50 10 
50 17 83 53 76 21 
 0 67 69 70 17 10 82 
59 61  4 40 24 79 
35 44 18 17 83 10 
15  1 37  9 48 66 
94 48 91 90 93  2  8 95 49 
40 20 31 79 32 12 78 
 3 46 92 49  9 36 26 
51 41  3 36 25 
65 72 34  6 80 14 71 
 6 45 54 87 86 43 81 
11 39 38 96 30  7 
97 94 96 29 15  7 
40 55 24 43 75 32 
31 24 12 75 62 11 
56 57 38 99 77 53 54 
65  5 27  6 88 45 
44 55 21 40 59 60 10 
 9 25 66 26 41 70 
89  5 68  1 66 22 
39 29 98 99 33 57  7 
11 29 12 78 57 38 
59 20 31 55 24 35 
17 50 51 26 36 70 
 1 89 88 98 45  7 
44 55 31 86 28 81 75 
35 55 21 43 83 86 
54 28 98 88 34 42  6 
 4 47  3 25 92 
61 73  4 46 92  2 74 
94 23 49  9 15 22 
48 23 93 92 25  9 
17 18 41 76 51 
76 16 50 52  3 41 26 
79 16  4  3 51 
83 18 76 87 33 77 54 
33 53 87 99 98 45 28 
40 31 44 35 43 
79 16 33 57 78 77 
56 33 78 39 38 
82 85 60 74 73 59 
61 73 20 40 35 60 58 
35 59 10 82 58 
73 47 59 20  4 
75 32 80 14 13 11 
64 72 69 91  8 85 84 71 
63 72 69 68  5  0 65 
64 72  5 34 27 
 9 36 68 37 67 22 70 
19  0 68 66 70 
37  5 64 66 67  0 
64 63  0 19 85 82 
19 17 67 41 36 66 
90 91 14 63 72 27 
63 64 65 27 71 
61 47 59 74 58 
73 47  2 84 85 58 
43 31 81 32 62 80 
50 18 53 51 16 77 
33 53 76 56 16 
56 57 39 12 79 24 
24 20  4 56 16 52 78 
75 81  6 27 14 62 
28  6 43 75 80 
10 60 85 69 19 58 
44 21 18 53 87 86 
 8 63 85 74  2 
63 69 84 74 82 58 
43 44 83 87 28 
28 54 53 83 86 
 5 34 89 45 42 
 5 37  1 88 42 
91 23 95 13 14 71 
90 23  8 63 71 
46 25 49 93 47  2 
 2 23 49 92 
48 23 97 30 95 15 
97 94 23 90 13 
11 13 97 29 30 
30 94 96 13 95 
54 99 45 38 42  7 
54 98 38 33 
