17 62 64 63 59 
39 83 13 20  7 34 
68 43 87 21  8 86 78 
23 24 47  4 43 97 86 
47  3 56 43 73 18 
82 83 59 60 63 34 31 
74 60 75 31 42 25 
35 92 26 27 13 39  1 
 2 21 78 58 85 
36 26 90 11 10 57 29 
29 22  9 36 72 
91 89 90  9 12 57 84 
67 74 66 57 11 84 
 7 27 44 20 88  1 
73 47 97 71 70 96 51 
46 38 76 19 65 16 17 
46 15 19 77 70 48 
76 15 65 62 64  0 
37 22 73 54 56  4 
76 55 15 32 41 16 77 
34 61 44 13 98  1 99 
44 45 87 89 88  2  8 85 84 
29 28 10 37 18 73 72 
 3 24 86 45 99 98 33 
 3 23 97 38 96 33 
40 75 49 81 42  6 80 
35 36  7 27  9 90 
88 91 26  7 90 13 
29 22 40 50 37 69 
28 22 10  9 57 69 
93 49 48 71 35 52 51 
 6 60  5 82 42 
41 50 54 55 19 37 
65 61 98 38 24 23 
83  5 63 61 20  1 
92  7 93 26 36 30 52 
 9 10 26 35 52 72 
28 50 22 32 54 18 
15 46 65 96 24 33 
82 83  7 92 42  1 
28 50 41 69 75 25 80 
32 50 19 40 77 80 
49 92 39 82 25 31  6 
 4 56  3 86 94 68  2 
45 21 88 13 20 99 
44 21 87 23 86 99 
15 16 38 96 70 
 4  3 97 73 14 
77 16 70 81 71 49 30 
25 42 92 81 93 48 30 
41 32 28 40 37 
14 71 30 52 72 73 
36 35 30 72 51 
95 68 79 54 55 76 
32 55 37 95 56 18 53 
54 32 19 76 53 
54 95  4 43 18 94 
12 74 69 11  9 29 
 8 78 79 64 59 67 66 85 
 5 60 63 64 58 67  0 
59  5  6 74 67 31 
34 20 63 62 65 98 33 
61 63 65 17  0 
61 62 59  5 34  0 
79 76 17 58 59  0 
15 38 61 62 17 33 
67 58 12 85 84 
59 60 58 74 12 66 
94 43 95  2 53 79 78 
40 28 75 29 57 74 
46 16 96 48 71 14 
48 70 30 14 51 
10 22 73 36 52 51 
 4 47 18 22 14 72 51 
 6 60 67 12 57 69 75 
69 40 74  6 25 
19 55 15 17 53 79 64 
19 41 16 80 81 48 
 8 58 79 68  2 
53 68 76 78 58 64 
25 81 40 41 77 
25 49 80 77 48 
83  5 39 42 31 
34  5 82 39  1 
66 12 85 11 89 21 
 8 58 66 21 84 
23  3 43 45 87  2 
45 21 86  2 
91 89 27 21 44 13 
11 91 88 21 84 
11  9 91 26 27 
11 89 88 27 90 
 7 35 39 49 42 93 
92 35 49 30 
56 43 95 68 
54 56 94 68 53 
38 24 97 46 70 14 
 3 24 47 96 14 
61 20 99 23 33 
44 20 98 45 23 
