 2 44 43 62 67 34 25 
 6 28 73 55 31 92 
64 23  0 44 25 20 
97 79 78 89 18  5 
 8 17  7 85 28 55 
60 90  3 18 89 94 
28 57 63 42  1 73 
46 40  4 85 37  8 91 
 4 17  7 46 16 
99 33 49 98 20 64 39 
23 82 71 79 83 70 25 
12 22 63 36 57 86 
63 11 41 22 14 87 
23 82 65 77 32 47 
22 74 12 75 87 88 
50 62 46 19 43 95 
24 84 19 17  8 46 
 8  4 47 84 55 16 81 
19 24 78  3  5 94 95 
24 18 16 46 15 95 
91 98 40 44  2 64  9 
72 27 26 96 89 51 
12 11 36 35 14 74 
10 82 64  2 25 65 13 
19 18 78 32 84 83 16 
70 34  0  2 10 23 
59 54 29 27 96 21 
29 93 26 73 72 21 92 
 6 57 86  1  4 85 55 
27 93 26 54 53 30 69 
53 29 69 48 74 75 
55  1 81 92 56 80 
83 82 24 84 47 13 
99  9 37 49 35 36 
66 38 70 67  0 25 
49 33 48 36 22 74 
37 33 11 22 35 86 
99 33 36  7 85 91 86 
66 34 45 58 70 88 
64  9 65 49 68 76 
46 43 44  7 91 20 
61 52 63 12 42 87 
41 63  6 73 72 52 51 
62 15 46 40 44  0 
40 43  0  2 20 
54 58 53 38 75 88 
43 40  7  8 16 19 15 
32 84 17 13 77 81 80 
35 49 68 74 30 69 
 9 33 35 48 68 39 
62 15 94 60 95 67 66 61 
52 90 42 72 21 89 
42 41 60 90 51 61 
54 45 29 30 75 
45 58 59 26 29 53 
 4 28  1 17 31 81 
76 68 69 92 31 93 80 
 6 28 63 11 86 
45 54 59 71 70 38 
97 71 58 54 26 96 
52 90  5 94 50 61 
52 60 50 66 41 87 
50 15 43  0 67 
12 41 11 42  6 57 
 2 23 65 20  9 39 
64 23 13 77 39 76 
38 34 67 50 61 87 88 
66 34  0 62 50 
49 48 39 76 69 56 
29 30 48 68 56 93 
71 58 10 38 34 25 
10 79 97 59 58 70 
73 27 42 21 51 
 1  6 42 72 27 92 
30 75 35 22 48 14 
14 74 53 30 45 88 
39 68 65 77 56 80 
65 13 47 76 80 
83 79 24 18  3 
10 71 83 97 78  3 
56 31 76 81 77 47 
31 55 47 17 80 
83 32 23 10 13 
32 82 10 79 78 24 
32 24 47 17 16 
 4 28 86  7 37 
28 85 57 37 36 11 
12 14 61 66 41 88 
75 14 87 45 38 66 
 3 97 96 21 51 90  5 
52 60 51 89  5 
99 37  7 40 98 20 
73  1 31 27 56 93 
69 29 27 92 56 
60 50  5 18 95 
15 50 94 19 18 
59 97 26 89 21 
71 79 59  3 89 96 
99  9 91 20 
 9 33 37 98 91 
