53 48 13 52 51 
10 16  7 31 27 71 
 8 75 66 57 74 82 
37 84 19 18 74  4 
 3 74 45 37 62 14 
70 71 24 52 48 49 27 
33 24 49 92 64 63 
 1 10 96 80 97 20 31 
75  2 66 73 17 
55 56 72 90 91 46 63 
34 16  1  7 20 79 76 
13 65 54 30 15 12 36 
98 99 15 11 69 38 36 59 
53  0 65 11 54 51 
29 43 94 62 45  4 
98 12 11 25 44 65 
50 85 34 10  1 86 27 
 8 75 72 77 73 76 34 35 
74 75 19  3 86 85 26 35 
30 84  3 18 26 
78 79 97  7 10 28 
29 88 95 32 22 58 
21 95 89 91 46 58 78 
41 96 81 60 38 40 39 
70 33  5 49  6 
43 44 29 88 15 98 87 
50 54 85 30 19 18 
 1 16 50 52  5 71 
89 61 97 20 41 78 
21 88 95 14 43 25 94 
11 54 36 84 19 26 
80  7  1 33 70 71 
64 92 21 88 58 87 68 
93 92 39 80 31  6 24 70 
10 16 86 76 17 35 
18 75 86 34 17 
11 12 30 84 59 
 3 84  4 62 60 40 
60 23 59 69 12 39 
38 69 93 81 23 33 80 
41 23 60 37 62 61 
23 96 28 61 97 40 
57 83 43 44 67 65 
42 83 44 14 29 25 45 
42 43 65 25 15 
43 83 14 82 74  4 
22 91  9 58 63 
66 67 48 56 55 53 73 
47 56 53  0 52  5 49 
 5 24 48 56  6 63 
51 54 85 16 26 27 52 
50 54 13  0 52 
 0 48  5 51 27 50 
 0 48 47 67 13 65 
50 51 11 30 13 26 
47 56 72 73  9 
47 48 55 49  9 63 
66 67  2 42 83 82 
22 46 21 32 64 63 
36 84 12 60 38 
37 84 59 38 23 40 
28 89 94 62 41 40 
94 14 61  4 37 40 
 9 46  6 49 64 58 56 
92 32  6 58 63 
42 67 44 53 13 11 15 
 8  2 57 67 47 73 
66 57 47 42 65 53 
93 69 87 99 32 92 
38 39 99 12 93 68 
 5 24 33 31 71 
27  5 70  1 31 
73 55 17 77 90  9 
72 55  8 66 47 17 
75  2 18  3 45 82  4 
 8  2 74 18 17 35 
10 34 17 77 79 
17 72 90 79 76 
90 79 91 22 20 89 28 
90 77 78 20 10 76 
39 81 96  7 31 33 
80 96 23 39 
45 83 74  2 57 
42 57 43 45 82 
30 36 19 37  3 59 60 
50 16 86 18 26 
34 16 85 18 35 
25 88 98 99 32 68 
29 21 25 32 87 
28 61 22 95 94 78 
72 77 79 78 91  9 
78 90 22 46  9 
64  6 32 33 93 68 
33 39 92 69 68 
29 95 14 62 61 89 
21 29 22 89 94 
80  7 97 41 23 81 
20 28  7 96 41 
99 12 15 25 87 
98 12 87 69 68 
