50 51 55 47 48  5 52 
10  7 31 70 16 27 
80 56  8 73 65 99 
37  4 98 82 19 18 
45 14 61 37  3 98 99 
27 51  0 48 70 69 24 
48 62 33 90 24 63 
95 20 94 78 10  1 31 
73  2 17 72 65 
46 62 55 88 71 54 89 
77 20 74 34  7  1 16 
12 15 64 13 53 36 30 
11 15 68 38 97 96 58 36 
64 11 53 50 52 
43 45  4 29 61 92 
44 25 12 11 96 64 
49 83 84 34 10  1 27 
73 35  8 72 71 75 74 34 
73 35 98 26 19 83  3 84 
26 30 18 82  3 
28 95 10 77  7 76 
32 86 29 93 57 22 
21 93 87 57 46 89 76 
39 79 38 59 40 94 41 
 6 48  5 69 33 
44 15 43 96 85 86 29 
30 19 53 18 83 49 
16 49 51 70  1  5 
41 95 87 76 20 60 
43 14 25 86 21 93 92 
53 11 36 26 19 82 
 7 78 33 69 70  1 
85 86 67 90 21 63 57 
90  6 91 39 78 24 69 31 
10 74 17 35 84 16 
73 17 34 18 84 
30 11 12 58 82 
61 40  4 59 82  3 
39 68 23 12 58 59 
91 68 33 23 79 38 78 
61 37 59 23 41 60 
94 95 23 40 28 60 
56 66 81 43 44 64 
44 25 45 81 14 42 29 
25 15 43 42 64 
80 81 43 14  4 99 
57 62  9 22 89 
65 66 72 55  0 52 54 
55  0 62  5  6 24 
50 51 53 26 83 16 27 
51 49  0 53 13 52 
27 49 50  0  5 
50  0 47 66 13 64 
30 11 13 50 26 49 
 9 71 55 72 47 
47  0 48 62  9 54 
80  2 81 65 66 42 
46 62 22 21 63 32 
38 12 36 59 82 
37 40 23 38 58 82 
92 61 87 40 41 28 
 4 14 37 40 92 60 
55 48  6 57 46  9 63 
 6 90 62 57 32 
42 66 44 15 11 13 52 
56 66 47 72  8  2 
65 56 47 42 64 52 
68 97 91 85 32 90 
39 38 97 67 91 12 
33 24 31 70  5 
31 69  1  5 27 
17 72 75 88  9 54 
17 71  8 65 47 54 
 8  2 17 35 18 98 99 
75 77 17 10 34 
77 74 17 71 88 
22 87 88 77 28 20 89 
75 74 10 20 88 76 
94 79 39  7 33 31 
23 39 78 94 
56  2 81 45 99 
56 80 45 43 42 
36 58 59 37 30 19  3 
26 18 49 84 16 
18 35 83 34 16 
97 67 32 86 96 25 
32 85 25 29 21 
92 93 22 76 28 60 
75 71 77  9 76 89 
76 88 22 46  9 
91 67 32 33 63  6 
39 33 68 67 90 
61 14 29 93 87 60 
21 29 92 87 22 
23 79 78 95  7 41 
20  7 94 41 28 
25 15 12 97 85 
68 67 12 96 85 
18 73  3  4 99 
 4 45 98 80  2 73 
