49 48 46  5 53 45 50 
67 25  9  7 15 29 
77 54 63 95 98 70 99 
35  4 17 18 94 79 
35  3 94 95 59 43 13 
49 25 46  0 22 67 
87 31 22 61 60 46 
 1  9 29 75 91 92 96 
53 52 60 68 85 86 44 
71 74  1  7 15 32 96 
11 14 62 12 51 28 34 
93 66 14 10 34 36 56 
50 48 62 51 10 
27 41 43 89 59  4 
62 42 23 93 11 10 
25 47 80  1  9 81 32 
98 69 68 72 70 71 33 32 
18  3 94 70 80 24 33 81 
17  3 79 28 24 
30 83 20 90 27 55 
19 90 84 73 86 44 55 
38 57 36 39 91 37 76 
46  5  6 31 67 
41 42 14 93 82 83 27 
80 17 18 28 51 47 
49  5 47 15 67  1 
58 39 84 73 97 92 
90 89 23 83 41 19 13 
10 51 34 79 18 24 
 1  7 67 75 31 
19 83 82 65 87 61 55 
22  6 37 75 88 67 29 87 
81 15  9 71 33 16 
70 17 16 81 32 
11 56 10 28 79 
57 38  4  3 59 79 
57 56 21 11 66 37 
36 21 66 88 31 75 76 
57 21 35 39 59 58 
38 21 58 26 91 92 
42 62 64 54 78 41 
23 42 40 78 27 43 13 
62 14 41 23 40 
41 78 77 95  4 13 
20 86 55  8 60 
64 63 69 52 53  0 50 
 0  5 60 53 22  6 
25 15 49 48 51 80 24 
47 49  0 50 12 51 
25  5 47 48  0 
64 45  0 48 12 62 
47 48 12 10 28 24 
69 45 68 53  8 
60 46  0 45 52  8 
77  2 78 63 64 40 
20 19 60 61 30 44 
36 57 11 34 79 
38 21 36 56 35 79 
39 26 59 89 38 84 
35 38  4 58 89 13 
53 46  8 55 61  6 44 
55 60 30 87  6 
42 14 40 64 50 12 10 
54  2 64 45 69 99 
63 54 45 40 62 50 
93 66 82 30 87 88 
93 65 11 88 36 37 
22  5 25 31  1 29 
69 16 72 52  8 85 
45 52 63 98 16 68 99 
98 16 94 17  2 95 33 
72 16 74  9 32 
68 16 71 74 85 
20 86 84 26 85 74 97 
71 72  9 85 73 96 97 
37 76 31 29  7 91 
91 21 75 37 
54  2 78 95 43 
77 54 40 41 43 
35  3 18 57 56 34 28 
47 15 24 17 81 
80 17 33 15 32 
65 93 23 83 30 
82 23 19 30 27 
58 26 20 90 89 73 
74 72 68  8 86 73 
85  8 20 73 44 
30 61 65  6 31 88 
65 66 87 31 37 
59 58 90 27 84 13 
20 19 27 89 84 
75  7 39 21 76 92 
26 39 91  7 96 97 
65 66 23 14 82 11 
17  3  4 95 70 
77  2 94  4 43 70 
92  7  9 74 97 
73 26 92 96 74 
69 16 70  2 99 
69 63 98  2 
