51 43 44 47 46 48 
27  6 65 98 14  8 
61 97 52 96 93 75 68 
16 92 33 77  4 17 
41 12 93 92 57 33  3 
29 85 21 59 58 44 
94 90 89 73 27  1  8 
66 83 84 51 58 42 50 
14  1 72 69 94  6 30 
26 32 49 10 13 60 11 
 9 32 13 91 64 54 34 
46 49 48 60  9 
87 25 41  4 57 39 
10 91  9 60 40 22 
98  1  8 30 79 78 45 99 
96 97 67 66 31 70 69 30 
68 92 31  3 79 78 17 23 
 3 77 26 16 23 
88 19 25 81 28 53 
88 82 18 71 84 42 53 
37 36 74 89 35 55 34 
29 65 47 44  5 
80 91 13 40 81 39 25 
78 16 17 26 49 45 
90 37 56 82 95 71 
87 12 88 18 39 81 22 
 9 32 49 77 17 23 
29 73 65  6  1 
85 63 80 81 18 59 53 
86 85 35 73  5 21 65 27 
15 69 31  8 14 79 
15 96 68 16 30 79 
 9 10 54 77 26 
57 36  4  3 77 55 
35 20 64 55 54 10 
20 74 34 64 86 29 73 
20 37 56 57 33 55 
90 89 24 20 36 56 
62 52 76 60 40 39 
25 12 41 76 38 40 22 
13 60 38 39 22 
 4 12 93 76 75 39 
 7 58 84 19 53 59 
61 67 51  0 62 50 48 
51 58  0 47 21  5 
46 47 49 78 14 99 23 
45 49  0 47 48 11 
44  0 45 99 46 98 65 21 
43  0 62 46 60 11 
 9 11 46 45 26 23 
 7 66 51 67 43 
43  0 44 58  7 50 
61  2 75 76 62 38 
28 18 59 42 19 
77 32 10 55 34 
33 77 54 36 20 34 
37 36 87 82 24 57 
56 87 12  4 36 33 
51 44  7 42 59  5 
42 58 53 28 85  5 
48 62 13  9 40 38 11 
97 67  2 52 43 62 
61 52 43 48 60 38 
91 80 85 86 28 64 
86 63 91 10 34 35 
47 21 29 27  1 98 
 7 83 15 67 50 70 
97 61 43 15 66 50 
31 96  2 16 92 93 
70 72 15  8 30 
72 69 83 66 15 
83 84 72 95 24 19 82 
83 71 95 94 70 69  8 
89 74  6 35 29 27 
20 89 35 73 
76 41 93  2 52 
75 41 52 39 38 
54 32 33  3 26 55 17 
79 16 14 45 23 
16 31 30 14 78 
91 63 28 81 22 
18 25 28 80 22 
88 19 87 56 24 71 
84 71 66  7 72 70 
83 71  7 42 19 
 5 29 86 63 28 59 
85 63 29 64 35 
88 82 25 12 56 57 
82 19 87 25 18 
90 37 20 74 73  6 
 6 94 89 95 37 24 
80 63 10 13 22 64 
 4 93 68 16  3 
 4 41 92 75  2 68 
 6 90 95 72  8 
94 90 72 71 24 
97  2 15 31 68 
61 67  2 96 15 
65  1 14 47 99 
14 45 98 47 
