45 43 40 48 41 44 
 6 94 13 89 25 60 93 
68 49 56 84 88 87 99 
83 15  4 31 95 96 
84 83 53 31 11  3 38 
92 77 41 19 54 27 
85 94 66 25 81  1 
47 61 75 54 39 48 76 
10 55 46  9 30 12 24 
30  8 12 97 50 59 82 
45 43 55  8 46 
53 79  4 38 23 36 
 9  8 55 37 20 82 
89 90 28 71 70  1 93 
88 62 61 63 87 29 28 
83 98 71  3 95 70 21 24 
39 91 26 17 80 73 
64 76 74 39 16 80 
32 97 67 34 33 51 
41 44  5 60 27 
12 37 82 36 23 73 72 
70 15 46 24 42 
34 52 81 64 74 86 
79 11 80 36 20 73 
 8 30 46 21 95 15 
66 27  6 60  1 
16 91 77 58 73 72 
 5 77 66 32 25 19 78 60 
29 71 13 14 63 93 
28 71 98 99 87 14 
 8  9 50 95 24 
53  4  3 33 96 51 
59 97 18 67 78 27 66 
34 18 52 53 31 51 
18 67 22 52 33 81 
57 49 55 37 69 36 
38 11 69 23 20 37 35 
12 55 35 20 36 
 4 11 84 68 69 36 
92 91 16 54 17  7 76 
57 56 62 45  0 48 47 
44 19  5 54 48  0 
46 43 44 90 21 70 
42 44 45 10  0 46 
42 43 41 19 60 89  0 90 
40 57 10 43  0 55 
 8 10 43 24 21 42 
61 62 40 48  7 
41 54 40  0 47  7 
68  2 56 57 35 69 
95 30  9 97 96 51 
33 18 97 50 31 96 
34 22 79 53 33 74 
79 11 52  4 31 33 
39 92 41 48  5  7 
45 57 10  8 12 35 37 
49  2 57 40 62 88 
56 49 40 45 55 35 
77 78 59 82 26 72 
97  9 58 78 82 32 
27 25 19 44 89  1 
14 62 63 47 75  7 
40 56 88 14 61 47 
14 61 28 75 94 93 65 
74 22 17 86 76 75 65 
75 64 86 63 85 94 
67 32 27 25 81  6 
18 32 34 66 81 
49  2 84 38 69 
68 49 35 38 36 
71 15 21 13 90 42 
98 15 70 29 28 13 
73 26 82 58 20 
16 80 26 23 20 72 
64 22 80 79 52 17 
61 63  7 76 64 65 
17 64 75 39  7 
58 78 92  5 91 26 27 
58 77 59 32 27 
53 11 52 23 80 74 
23 79 74 17 16 73 
34 67 22 66  6 85 86 
59  9 58 12 20 72 
98 15  4 84  3 99 
68  2  4 83 99 38 
 6 94 81 86 65 
64 22 81 85 65 
88  2 99 29 14 
62 56  2 87 14 
44 90 13 60  1 
89 44 13 70 42 
92 77 26 39 16 
77 91 39  5 54 
 1 94 13 28 63 
85  6  1 93 63 65 
 3 15 50 30 96 24 
 3 31 95 50 51 
59 32 18  9 50 51 
83 15 71 99 29 
84 83 98  2 87 29 
