42 43 40 47 39 44 
59 87  6 92 13 24 91 
48 55 97 82 86 67 85 
94 30  4 93 15 81 
82 37 30  3 81 52 11 
26 75 90 18 40 53 
 1 92 24 83 79 65 
73 60 74 38 46 47 53 
45 10 54 23 12 29  9 
58 95 49 80 29 12  8 
45 42  8 54 44 
35 37 52 77  4 22 
36 19 80 54  8  9 
 1 87 88 69 99 27 91 
61 60 62 86 85 28 27 
20 23 93  3 81 96 69 98 
17 78 71 89 38 25 
78 72 63 16 38 74 
43 59 26  5 40 
36 35 70 80 71 22 12 
15 23 45 69 41 
33 51 72 63 84 79 
35 19 71 11 77 78 
15 20  8 29 45 93 
59  1  6 26 65 
89 75 70 71 57 16 
31 76 18 59  5 24 75 65 
14 62 28 99 13 91 
96 97 98 99 85 14 27 
 8 23 93 49  9 
94 50  3 32  4 52 
65 66 95 58 76 26 
33 51 30 50 66 52 
32 51 66 21 79 
48 56 68 35 36 54 
37 68 36 19 11 34 22 
35 19 34 54 12 
82  4 35 68 67 11 
17 16 74  7 89 90 53 
55 56 61 46 47  0 44 
18 43  5 53 47  0 
43 42 88 45 20 69 
43 41 45 10  0 44 
18 59 42 41 88 40  0 87 
39 56  0 42 10 54 
42 10 20 23  8 41 
61 60  7 47 39 
 7 46 39 53 40  0 
55 56  2 67 68 34 
94 50 93 29  9 95 
30 94 32 66 49 95 
72 77 32 33 21 52 
51 77  4 30 32 11 
 7 47 40 90 38  5 
34 36  8 10 56 12 44 
48 56  2 86 61 39 
55 48 34 39 54 44 
70 80 75 25 76 58 
57 80 76 95 31  9 
 1 87 43 18 26 24 
73 62 14 61  7 46 
14 60 86 55 39 46 
73 60 14 64 92 27 91 
17 72 21 84 74 64 73 
62 73 92 83 84 63 
66 31 24  6 79 26 
32 50 33 65 31 79 95 
37 68 82  2 48 
37 35 67 48 34 
15 20 13 99 88 41 98 
80 19 71 25 57 
70 19 25 16 78 22 
51 77 78 17 63 21 
62 60 64  7 74 63 
17 38  7 73 63 
89 25 90  5 26 57 76 
57 75 26 31 58 
51 72 78 52 11 22 
72 77 17 16 71 22 
66 33 65  6 83 84 21 
70 19 57 58 12  9 
15  3 82 97  4 96 
97  2  4 37 81 67 
 6 79 84 92 64 
83 79 64 21 63 
86 14 28  2 97 
14 61 55  2 85 
 1 59 43 88 13 
43 87 13 69 41 
90 75 25 16 38 
75  5 89 38 53 
27 13  1 92 62 
 6  1 62 64 83 91 
94  3 15 23 29 49 
30 50  3 93 49 
49 50 66 31  9 58 
81 97 15 28 98 
82  2 81 96 28 85 
96 15 69 99 28 
13 69 98 28 27 
