40 39 41 37 44 18 
23 55 87 13  6 83 88 
63 45 82 81 78 51 93 
97  4 15 89 77 90 96 
11 49 35 97  3 78 77 
25 71 86 55 18 50 
75 61 23  1 79 88 
50 44 36 70 43 56 69 
22 42 28 10 12  9 
12 76 54  8 28 46 91 
41 52 32 34 42 12  8 
49 73  4 35 21 33 
 9 76 99 34 10  8 
87  1 83 84 26 95 65 
81 82 57 56 27 26 58 
89  3 77 92 94 65 19 22 
24 67 74 17 36 85 
16 36 74 70 68 59 
55  5 40  0 44 50 
38 42 65 15 22 
75 31 80 48 68 59 
11 73 98 67 74 33 
42 19 15 89  8 28 
61  6  1 55 25 
66 53 67 16 71 85 
23 55 61 29  5 71 72 
87 13 95 27 14 58 
26 95 14 81 93 92 94 
 8 22 46 89  9 
61 25 72 54 91 62 
97 49 48 31 62 47 96 
75 20 48 30 62 
52 45 10 34 64 33 
98 34 32 64 21 11 35 
32 10 99 12 98 33 
 4 11 63 78 64 33 
85 86 16 50  7 70 17 
 0 44 41 52 51 57 43 
40 39 84 42 19 65 
41 42 40  0 38 
 0 39 55 18 38 84 83 
52 10 42 39  0 37 
41 39 10  8 22 38 19 
37 44 57  7 56 
37  0 18 50  7 43 
63  2 32 52 64 51 
47 91 90 89  9 28 
46 91 90 62 30 96 
20 31 30 49 73 68 
11 73  4 97 30 48 
36 86 18 44  5  7 
45  2 82 52 37 57 
41 10 32 45 37 51 
66 76 54 72 24 71 
53 76  9 72 29 91 
 1 23 25  5 18 83 40 
14 57 43  7 58 69 
51 82 37 14 56 43 
14 56 26 87 88 60 69 
20 80 68 60 70 17 69 
80 59 88 79 58 69 
23 25 29 62 75  6 
30 31 47 29 61 91 75 
45  2 78 35 64 
63 35 45 32 33 
95 94 84 13 38 19 15 
53 76 99 98 67 24 
98 21 66 24 16 74 
17 74 73 48 20 59 
58 56 60  7 70 59 
 7 36 17 59 69 
72 53 24  5 86 25 85 
29 25 54 53 71 
11 49 21 48 74 68 
16 67 21 73 17 68 
20 31 80 79 62 61  6 
66 53 99  9 12 54 
15  3  4 78 92 93 
63 35  4  2 77 93 
75  6 88 80 60 
20 59 75 79 60 
82  2 14 93 27 
81  2 51 14 57 
 1 55 84 13 40 
83 13 40 38 65 
71 24 86 16 36 
71  5 85 36 50 
 1 13 88 26 58 
79  6  1 87 60 58 
15  3 90 46 22 28 
46 47 89  3 96 
54 29 47 46 62  9 
77 15 94 93 27 
81  2 78 77 92 27 
92 15 95 65 27 
26 13 65 94 27 
30 97 47 90  3 
 4 49  3 30 96 
21 67 66 99 34 33 
66 76 12 34 98 
