35 39 37 38 42 96 
84 85 53 80 12  6 21 
49 79 78 75 61 43 90 
 4 74 14 93 87 86 
75 74 33 47 10  3 93 
53 23 97 69 83 48 
72 76 59 85  1 21 
20 26 40  9 11  8 
52 73 11 88  7 26 44 
39 40  7 30 50 11 32 
19 31 33 47 71  4 
 7  9 32 73  8 95 
80 81 63 84  1 24 92 
79 55 78 54 56 24 25 
 3 74 89 63 17 20 91 86 
22 82 65 34 16 99 
57 66 99 15 34 68 
36 40 14 63 20 
66 57 72 29 46 77 
94 65 31 10 71 98 
40 17  7 14 86 26 
23 53  1  6 59 
69 82 51 15 65 64 
27 70 59 69  5 53 21 
56 13 84 25 12 92 
90 78 89 13 24 91 92 
20  7 86 44  8 
60 59 23 70 52 88 
29 60 45 46 47 93 
28 60 72 18 46 
31 62 43 50  9 32 
30 62 19 94 10 33 32 
31 94 30  9 11 95 
62 61 75 31 10  4 
15 16 68 41 48 83 82 
55 49 50 39  0 42 41 
81 38 40 17 63 37 
39  0 38 36 40 
36 81 80 53 37  0 97 96 
35  0 50 37 40  9 
36 17 20  7 37 39  9 
54 55 35 42 68 34 48 
35  0 96 41 48 
30 62 61 49 50  2 
45 87 86 26  8 88 
87 44 28 60 93 88 
71 47 18 29 66 28 
71 10  4 46 28 93 
96 97  5 83 42 41 34 
35 55 50 79  2 43 
35 49 39 43 30  9 
22 69 52 73 64 70 
73 51 27 88 70  8 
80  1 97 38  5 23 21 
55 13 56 67 41 68 
35 49 79 13 54 41 
54 13 85 58 84 67 24 
18 66 77 58 67 16 68 
76 85 56 77 57 67 
60 27 21  6 23 72 
27 59 29 28 45 72 88 
62 33 75  2 43 
61 33 31 30 43 
14 17 36 81 12 91 92 
94 65 22 73 51 95 
94 19 15 22 64 99 98 
16 57 18 46 71 99 98 
57 58 56 54 68 
41 34 16 67 54 57 
 5 23 22 82 51 83 70 
52 51 27 69 23 
47 10 19 46 66 98 
18 29  6 59 76 60 77 
52 51 64  8 11 95 
75 90  4  3 14 89 
61 33  2 90 74  4 
85 58 77 72  6 
76 58 57 18 72 
79  2 13 90 25 
55 49  2 78 13 
81 38 53  1 12 
36 38 80 63 12 
15 22 69 83 34 
69  5 48 34 82 
85  1 56 24 12 
84  1 76 58 56  6 
20 14  3 87 44 26 
45 44 93  3 86 
52 27 60 45 44  8 
90 74 14 25 91 
78  2 75 74 89 25 
89 14 63 25 92 
12 24 25 91 63 
28 47  4 45 87  3 
19 65 31 64 32 95 
64 94 73 11 32 
38  0 97 42 48 
38 53  5 96 48 
66 71 99 19 65 
15 16 66 65 98 
