37 35 36 93 33 40 
83  6 20 51 78 11 82 
47 77 41 59 73 88 76 
72 13  4 84 85 91 
73 72  3 31 91 45 10 
94 46 22 67 51 81 
 1 83 74 70 20 57 
19 38 24  8 96  9 
24  7 96 42 71 50 86 
96  7 38 37 30 48 28 
45  4 31 69 18 29 
79 61  1 78 90 82 
52 54 23 77 53 76 99 
61 16 19  3 72 84 89 87 
95 15 32 63 80 21 
66 32 14 95 55 64 
61 34 38 19 13 
64 44 27 70 75 55 
69 95 63 10 29 92 
 7 24 38 16 13 84 
22 51  1  6 57 
63 14 80 62 49 67 
20 51  5 57 67 68 25 
82 54 90 12 99 
19  7  8 42 84 
22 57 50 86 68 58 
91 43 58 27 45 44 
26 58 44 70 17 
30  9 48 41 60 
10 18 31 92 30 60 
96 97  9 92 29 28 60 
73  4 10 29 59 60 
39 46 66 15 14 80 81 
 0 37 47 53 39 40 48 
61 79 16 38 35 36 
37 38  0 36 34 
 0 35 93 94 51 34 79 78 
38 35  0 33  9 48 
37 35 34 16 19  7  9 
52 53 66 33 32 46 40 
 0 93 33 46 39 
47  2 59 48 28 60 
 8 86 24 43 85 84 
42 86 85 58 91 26 
69 45 26 27 64 17 
69 44 91  4 10 26 
93 94  5 32 39 81 40 
77  2 53 33 41 48 
41 47 33 37  9 28 
50 71 62 21 67 68 
71  8 49 68 25 86 
20 22  1  5 78 94 36 
39 53 66 12 54 65 
77 47 39 52 33 12 
83 82 23 12 52 56 65 
66 15 56 75 17 65 64 
83 54 74 75 55 65 
20  6 22 25 58 70 
57 25 86 43 26 27 70 
41  2 73 31 60 
30 29 28 31 59 41 
79 11 34 16 13 90 89 
21 63 49 71 92 97 
95 14 18 92 21 62 
95 15 69 44 17 55 
52 54 56 66 55 
52 39 32 15 55 65 
22  5 81 80 21 49 68 
50 49 67 22 25 
45 44 95 18 10 64 
57  6 58 27 74 75 17 
96  8 97 50 49 62 
73  4  3 13 87 88 
72  4 31 59  2 88 
70  6 83 75 56 
70 17 74 56 55 
12 77  2 88 98 99 
47  2 53 12 76 
 1 51 11 79 36 
61 11 34 78 36 
14 32 81 67 21 
 5 46 32 80 67 
83 54 23 90 11  1 
 1  6 74 82 54 56 
 3 13 85 19 24 42 
42 43  3 84 91 
42  8 43 50 25 58 
72 13 89 88 98 
73 72 87  2 76 98 
61 13 90 87 98 
61 11 82 23 89 98 99 
43 85 45  4  3 26 
63 18 29 62 97 30 
94 46  0 36 40 
93 46 36 51  5 
15 14 69 18 63 64 
 7  8  9 71 97 30 
71 96 92 62 30 
89 90 87 88 76 99 
90 23 98 12 76 
