81  5 80 10 50 76 19 
86 72 40 46 75 74 58 
82 83 12 71  3 89 
72 30 71  2  9 44 89 
50 92 45 79 21 66 
73 69 56 81  0 19 
 7 94 37 18  8 23 
 6 94 70 49 84 41 23 
47 27 37 36 29 94  6 
 3 30 68 17 28 44 
80  0 88 60 77 76 
75 52 74 97 22 53 51 
15 60 82 18  2 85 71 87 
62 20 78 31 14 93 
54 65 31 13 93 63 
18 37 12 60 33 
54 55 73 69 63 26 43 
28 90 62 93 68  9 
 6 23 37 82 15 12 
 5  0 50 21 56 
48 66 78 61 62 13 
67 66 24 56  4 50 19 
80 53 97 11 88 
18  6 82 41  7 
21 56 67 49 84 57 
89 42 57 26 44 43 
69 16 43 57 25 
59 40 47  8 29 
17 90 59 30 29  9 
27 59 28 90 94  8 95 
28 59 58 72  3  9 
45 79 65 38 78 13 14 
39 38 46 47 52 98 36 
15 60 77 37 35 34 
35 99 33 37 98 36 
34 99 50 92 76 77 33 91 
37  8 47 34 98 32 
15 18 33 34 36  8  6 
39 32 52 45 31 65 51 
38 32 98 99 91 45 
59 27 47 46  1 58 
82 23 83  7 84 42 
41 83 84 89 57 25 
63 16 26 68 44 25 
 9 68  3 89 43 25 
91 39 38 92  4 79 31 
47 40 32  1 75 52 
27 40  8 46 32 36 
67 66 20 61 49 70 
67 48 24 70  7 84 
92 35  4 21 76  0 19 
53 11 64 52 65 38 
38 32 46 75 11 51 
80 22 11 64 55 81 51 
64 65 16 55 14 63 
16 73 53 64 81 54 
21 24 19  5 69 57 
26 69 56 24 84 42 25 
59 30 72  1 40 
27 40 28 30 58 29 
15 12 33 77 10 88 87 
62 90 20 48 95 70 
17 90 61 20 13 93 
93 68 16 54 14 43 
53 55 51 65 54 
31 38 64 51 54 14 
21 67 48 20 78 79  4 
21 66 48 24 49 
93 17 63  9 44 43 
16 73  5 56 26 57 
61 48 49 95  7 94 
72 86 85 12  2  3 
71 86  1 58 30  3 
 5 69 16 55 81 
75 11 97 86  1 96 
46  1 52 11 74 
77 35 50  0 10 
33 60 35 10 76 
31 79 13 20 66 
45  4 66 31 78 
22 53 88 81  0 10 
73  5  0 80 55 53 
18 23 41 83  2 12 
82 41  2 42 89 
49 24  7 41 42 57 
71 86 96 12 87 
71 72  1 74 96 85 
12 60 85 88 96 
96 97 22 80 10 60 87 
42 83 44  3  2 25 
28 17 62 61 29 95 
39 99 35 92 45 
35 50 91  4 45 
13 14 62 17 68 63 
29  8  7  6 95 70 
29 90 94 61 70 
74 86 97 88 85 87 
74 11 96 88 22 
39 99 32 34 36 
34 35 39 98 91 
