 5 18 77 76 10 47 72 
71 70 82 43 54 37 68 
 3 85 67 79 78 11 
68 27 85 41  9 67  2 
42 88 47 20 75 62 
69 77  0 18 52 65 
96 17 34 97 90  8 
38 80 46 66 97 90 
90 99  6 34 25 44 33 
64 41 16 26 27  3 
56 73 84 76  0 72 
14 17 78 83 81  2 56 67 
13 89 58 28 74 19 
59 60 61 28 12 89 
30 56 34 17 11 
24 65 59 51 40 69 
 9 26 86 64 58 89 
14 34 78 96  6 11 
 0  5 52 20 47 
74 62 45 57 58 12 
62  4 63 52 18 47 22 
93 84 48 50 76 
80 53 46 63 52 20 
39 53 85 41 24 40 
23 53 65 15 40 
37 44  8 99 55 
86 98  9 16 27 55 
 9 26 55 54 68  3 
61 13 35 42 75 74 12 
43 49 44 35 36 94 
56 73 32 14 34 31 
34 30 94 95 32 33 
73 72 31 95 87 88 47 30 
94 44  8 31 34 
14 17 30 31  6  8 33 
49 48 61 28 42 29 36 
87 95 29 35 42 94 
43 44 55 54  1 25 
97 96 80 39  7 79 78 
80 53 38 23 85 79 
23 41 24 64 15 59 
64  9 85 23 40  3 
 4 88 28 35 75 87 36 
71 49  1 29 44 37 
29 43 37 94 25  8 33 
62 63 19 46 66 57 
45 66 63 22 80  7 
88 32  0 18  4 20 72 
49 35 61 60 71 93 21 50 
35 48 71 43 29 
51 77 60 48 21 76 
69 77 15 59 60 50 
22 53 65 20 18  5 
80 22 39 23 52 65 24 
27 55 37  1 68 
98 26 27 54 37 99 25 
83 84 10 73 30 14 11 
45 19 66 58 86 91 
57 86 19 16 89 12 
13 89 64 15 51 40 60 
59 13 61 48 51 50 
35 48 60 13 28 
 4 75 74 20 63 19 45 
20 22 62 45 46 
 9 41 16 89 59 40 
52 53 24 15  5 69 
45 46 57  7 91 90 
82 81 68  3  2 11 
27 54  1 82  3 67 
51 77 15  5 65 
71  1 82 92 93 
49 48 70  1 43 93 
32 73 47  0 10 
56 10 30 32 72 
28 75 62 12 19 
 4 42 28 74 62 
 0 77 10 50 21 84 
51 69  5  0 50 76 
38 96 79 17  2 11 
39 38 85 78  2 
22 53 46 39 38  7 
92 83 82 67 11 
70  1 92 81 68 67 
84 56 92 81 11 
83 56 10 92 93 21 76 
23 41 39 79  3  2 
98 26 58 57 16 91 
42 88 36 95 32 
 4 42 47 87 32 
16 64 58 59 13 12 
99 91 66  7 97  6  8 
98 86 57 66 99 90 
83 84 81 82 70 93 
21 84 92 70 71 48 
31 95 29 44 36 33 
87 36 94 31 32 
97 38 78 17  6 
 7 38 96 90  6 
86 26 55 91 99 
55 98 91 90  8 25 
