71 70  5 10 17 66 
64 65 75 49 35 95 94 
73 78  3 62 72 74 
 9 37 78 25 62  2 
38 69 80 42 18 57 
 0 71 17 47 63 60 
89 88 16 32 82  8 
96 89 82 61 41 
91 23 82  6 32 31 39 
24 15  3 37 59 25 
 0 70 66 67 77 51 
53 81 26 68 12 98 
55 54 56 26 11 81 
51 76 74 72 28 32 16 
63 46 36 22 60 54 
24  9 81 53 59 79 
13 72 88 32  6 
 0  5 47 18 66 42 
57  4 17 47 20 58 42 
45 70 43 77 85 
47 48 92 18 58 41 
78 93 37 36 22 48 92 
36 21 14 60 48 
91 50  8 39 35 
 9 15 25 50 79 90 
 9 24  3 50 49 62 
33 56 68 69 12 11 38 
34 86 33 44 39 95 94 
51 67 13 32 29 30 
31 86 87 32 28 30 
87 29 28 67 66 80 42 
 8 32 39 86 29 
16 13  6 28  8 31 29 
43 44 56 27 34 26 38 
27 86 33 38 80 87 
95  1 23 50 39 49 
21 22 37 14 59 54 
78 21 36  9  3 59 
33 34 80 26 69  4 
31 86  8 23 27 95 35 
52 61 99 57 58 41 
40 58 61  7 20 92 96 
 4 18 17 66 80 30 
19 45 55 56 65 44 33 85 
43 65 33 27 94 
71 70 19 43 55 46 
55 45 71 63 14 54 
17 18  5 20 60 48 
21 22 60 92 47 20 
75 62  1 25 50 35 
91 23 25 49 24 90 35 
10 67 77 76 13 28 
79 53 40 61 99 98 83 
81 15 11 79 52 98 
59 81 14 46 36 55 12 
43 45 56 12 54 46 
55 43 12 33 26 
69 68 99  4 40 58 18 
40 57 18 20 41 
81 15  9 37 36 54 
14 22 63 48  5 47 
52 40  7 82 83 41 
75 49 25  3 74  2 
71  5 60 14 46 
 1 65 75 85 84 
43 44 64  1 85 94 
17  0 10 67 42 30 
10 66 51 28 30 
26 69 11 98 57 99 
68 26 38  4 57 
45 71  0 19 10 77 
45 70  0  5 63 46 
74 13 73  2 88 16 
78 93 97  2 72 88 
75 62 13 76 72 84  2 
62 49  1 64 84 74 
77 51 13 84 74 
10 70 19 51 76 85 84 
21 93 37  3 73  2 
24 15 53 90 52 83 
38 34  4 87 30 42 
53 15 59 11 54 12 
89  6  8 91  7 61 83 
90 79 52 61 82 91 
75 64 77 76 85 74 
77 19 64 65 43 84 
34 27 87 39 31 29 
34 86 80 30 29 
73 72 97 16  6 89 
88 97 96  7  6 82 
79 24 50 91 83 
23 50 90  8 82 83 
21 93 48 20 41 96 
21 78 73 92 97 96 
 1 65 95 44 27 
39 27 35  1 94 
41 92 93 97  7 89 
73 93 88 96 89 
52 53 99 11 68 
40 52 57 68 98 
