 5 17 64 10 69 68 
73 47 62 63 92 93 34 
60  3 72 70 71 76 
25 60  2 76 36  9 
78 41 67 55 18 37 
46 17  0 69 61 58 
80  8 32 16 86 87 
40 94 59 95 80 87 
31 32 38 80 89  6 23 
15 24 36  3 57 25 
 0 64 49 75 65 68 
51 96 66 26 12 79 
79 11 52 26 54 53 
72 74 49 28 70 16 32 
61 58 22 52 35 45 
79 51 77 24 57  9 
86  6 70 13 32 
 5 46  0 18 41 64 
46 17 41  4 55 56 20 
68 44 42 83 75 
40 56 18 46 58 90 
22 35 90 36 76 91 
14 58 35 21 90 
48 89  8 38 34 
88 77 48 25 15  9 
60  3 47 48 24  9 
66 67 11 12 54 33 37 
92 43 93 38 84 33 98 
49 13 30 29 32 65 
84 85 31 30 28 32 
29 85 28 78 41 64 65 
 8 32 38 84 29 
29 28 31 13 16  6  8 
27 43 42 54 26 37 99 98 
23 48 47 38 93  1 
52 14 22 21 36 57 
35 21 76  3 57  9 
99 78  4 67 33 26 
 8 31 27 93 84 23 34 
55 56 40 97 50 59 
39 59 56 20  7 94 90 
78  4 18 17 30 64 
63 43 83 53 44 54 19 33 
63 92 27 42 33 
45 69 68 53 42 19 
14 61 52 69 44 53 
 5 17 18 20 58 
 1 73 60 25 48 34 
88 89 25 47 24 23 34 
74 13 28 75 10 65 
51 77 96 97 39 59 81 
11 96 50 77 79 15 
12 79 35 14 53 45 57 
45 44 42 54 12 52 
26 12 53 42 33 
39 56  4 67 66 97 18 
39 55 40 20 18 
15 79 52 35 36  9 
20 46 61 14 22 90  5 
50 39 40  7 80 81 
25  3  2 73 47 72 
 5 69 45 14 58 
 1 73 63 83 82 
83 62  1 92 43 42 
41 17  0 30 10 65 
30 28 64 49 10 
67 55 96 11 26 97 
66 55 26  4 37 
 0 10 69 75 44 19 
 5 61  0 45 44 68 
16 86  2 72 13 71 
86 95 70  2 76 91 
74 13 82 73 60  2 70 
 1 47 62 82 72 60 
72 13 82 49 75 
82 83 74 49 10 68 19 
 2  3 71 36 21 91 
51 50 88 24 81 15 
30 41 85  4 99 37 
51 11 12 52 15 57 
 8 89 59  7 81  6 87 
59 50 77 88 80 89 
83 62 73 72 74 75 
63 62 82 75 42 19 
38 27 31 29 85 98 
30 78 84 29 99 98 
87 95  6 16 70 71 
86 95  6 80  7 
24 77 48 89 81 
80  8 48 88 81 23 
20 58 22 40 94 21 91 
90 94 21 95 71 76 
63 43  1 93 27 
92  1 27 38 34 
 7 40 95 90 91 
86 87  7 94 71 91 
51 11 66 50 97 
55 39 50 96 66 
84 85 99 27 33 
78 85 37 33 98 
