63 32 23  2 41 59 40 
 5 69 86 29 26 52 
61 18 21 23  0 41 
74 73 16 91 83 96 
15  7  6 79 26 52 
69  1 60 54 39 26 
35 79 85  4  7 38 43 
15 14 43  6  4 
37 46 61 18 31 93 92 
66 67 74 77 23 21 
80 34 54 20 11 60 
81 95 13 94 60 10 20 
30 77 44 72 21 98 99 
42 82 50 70 81 11 20 
22 78 17 15  7 43 
44 78 14  7 76  4 52 
17 22 73  3 96 89 88 97 
22 16 14 89 43 
61  8  2 92 85 41 38 
90 83 24 48 25 68 
33 70 11 10 34 13 
12 98 61  2 23  9 77 
17 16 73 30 78 14 
66  9 32 21  2  0 
51 56 27 90 19 25 
87 86 69 19 24 27 68 
 4 79  5  1 54 80 52 
24 51 50 28 65 87 25 
65 27 50 70 45 
86  1 76 75 53 52 
12 77 44 78 73 22 
33 34 35 93 46  8 
36 62 66 63 23  0 
31 34 46 20 70 45 
80 35 10 31 33 20 
80 34 79  6 31 93 85 
82 62 42 55 32 66 
61 98  8 46 99 71 64 
85 18 41  6 43 40 
94 49 60 48  5 69 68 
43 38 41 89 59  0 
 2 18  0 38 40 
36 55 82 51 50 13 
 7  6 38 14 17 40 89 
30 78 12 72 75 15 76 
33 70 28 46 65 64 
 8 37 33 31 45 64 
58 62 63 57 88 59 89 
84 49 39 83 19 68 
57 58 84 95 94 39 48 
70 28 51 42 13 27 
42 55 56 50 24 27 
76 15  4 29  1 26 
64 71 75 65 87 86 29 
80 10 60  5 26 
36 42 51 56 67 66 
51 55 67 24 90 91 
49 58 84 47 88 97 
49 95 47 62 81 57 
63 47  0 89 40 
54 10 39 94 11  5 
37 98  8 18  2 21 
82 36 32 47 58 81 63 
32 62 47  0 59 
37 46 71 45 65 53 
27 87 28 45 64 53 
36 55 32 67  9 23 
56 55 66  9 74 91 
48 39 69 19 25 
68 25  5  1 86 39 
50 28 45 13 33 20 
99 72 37 64 75 53 
44 12 71 99 75 
30 77 74 22 16  3 
 9 77 67 73  3 91 
72 44 71 53 76 29 
75 44 15 29 52 
30 12 73  9 74 21 
44 30 22 14 15 
35  6 80  4 26 
35 34 79 10 54 26 
95 58 82 62 11 13 
36 62 42 13 81 
90 19  3 91 84 96 48 
57 49 96 83 97 48 
92 18 93 35  6 38 
69  1 87 25 53 29 
27 25 65 86 53 
89 16 57 47 97 
40 59 17 16 88 47 43 
19 83 24 56 91 
 3 74 67 83 90 56 
 8 18 93 85 
31 35  8 92 85 
39 49 95 11 60 
49 58 81 11 94 
 3 16 84 83 97 
88 16 96 57 84 
37 61 21 12 99 
71 72 12 98 37 
