17  5 65 10 62 66 
61 60 87 34 46 70 88 
69 58 67  3 73 68 
25 58  2 73 36  9 
18 54 64 37 75 40 
17 45  0 57 59 66 
77 82  8 32 81 16 
39 89 95 90 82 94 
77  6 32 31 84 23 38 
36  3 24 25 15 56 
48 72 65  0 62 
63 26 12 76 50 91 
52 51 76 11 53 26 
28 32 48 71 69 67 16 
57 22 59 44 51 35 
50 74 76 24  9 56 
13 67 81 32  6 
 5 45  0 18 40 62 
17 45 40 20  4 54 55 
72 60 65 61 41 43 
57 85 45 18 55 89 
36 73 86 22 85 35 
57 85 14 21 35 
84  8 34 47 38 
83 74 15 25 47  9 
58 46 47 24  3  9 
33 37 53 64 63 11 12 
88 87 42 38 98 93 
32 29 30 62 48 13 
31 32 28 30 80 99 
29 28 40 75 62 80 
32  8 29 38 99 
 6  8 31 28 13 16 29 
53 41 26 37 42 96 93 
47 46  1 88 23 38 
14 22 21 36 51 56 
 3 73 21  9 35 56 
26 33  4 64 75 96 97 
31  8 23 88 34 27 98 99 
49 92 55 89 54 95  7 
17 18 75 30 62  4 
19 61 33 53 42 43 52 
33 41 61 87 27 93 
19 41 65 66 44 52 
14 59 66 43 51 52 
17  5 18 20 57 
58 25 47 34  1 70 
25 46 34 83 84 24 23 
72 10 71 62 28 13 
50 74 39 92 78 91 95 
49 74 15 76 11 91 
12 76 52 44 14 35 56 
51 44 43 53 41 12 
33 41 26 52 12 
63 92  4 18 55 39 64 
39 54 18 20 89 
 9 36 35 15 76 51 
45  5 22 85 59 20 14 
25 46 70 69  2  3 
57  5 14 66 44 
19 72 79 61  1 70 
19 60  1 87 41 42 
48 10  0 28 30 17 40 
54 92 64 26 11 91 
 4 54 37 26 63 
 0 10 72 19 43 66 
43 65 59  5  0 44 
69 13  2 16 81 68 
 2 73 86 81 67 90 
79 71 13 67 70 58  2 
58 46  1 60 79 69 
72 48 79 13 69 
48 10 71 19 60 79 65 
 3  2 68 86 36 21 
50 49 15 78 83 24 
 4 37 40 30 80 97 
12 51 50 15 11 56 
 6 82  8 84 78 94 
49 74 83 84 77 95 94 
72 71 60 70 69 
29 30 75 99 98 93 97 
16 67  6 68 82 90 
 6 77 81 90  7 94 
78 74 84 47 24 
77  8 83 47 78 23 
57 22 20 86 89 21 
68 73 89 85 21 90 
61  1 88 42 27 
 1 87 34 38 27 
86 85 39 55 20 90  7 
82 81 68 86 89  7 
49 92 50 63 11 
39 49 63 54 91 
27 98 80 42 33 96 97 
78 77 95 82  7 
39 49 78  7 94 
33 37 93 97 
80 75 37 96 93 
27 38 99 80 93 
38 31 98 29 80 
