 5 17 60 64 63 10 
34 45 86 85 68 59 98 
57 67 65 71  3 66 
 9 36 25 71 57  2 
39 18 53 73 37 62 
17 44 56 58 64  0 
32  8 75 80 79 16 
92 93 90 54 80 88 87 
31 38 32  6 75 23 82 
15 24  3 36 25 55 
60 47  0 70 63 
12 26 61 89 49 74 
11 74 26 52 51 50 
65 67 69 16 32 28 47 
56 58 22 43 50 35 
72 49 24  9 55 74 
 6 79 32 65 13 
18 44 39  5 60  0 
44 20 39  4 17 54 53 
63 42 40 99 70 59 98 
87 54 83 44 56 18 
83 22 84 35 36 71 
83 56 14 35 21 
 8 38 34 46 82 
15 72  9 25 81 46 
 9 24  3 46 45 57 
33 37 61 11 12 62 52 
86 85 38 96 91 41 
60 47 30 13 32 29 
28 30 31 97 78 32 
29 28 39 73 78 60 
29 97 38  8 32 
28 13 31  8  6 29 16 
37 94 26 91 52 40 41 
 1 45 38 86 46 23 
14 50 55 22 36 21 
 9  3 55 35 21 71 
73  4 33 94 26 62 95 
86 34 27 31 97  8 96 23 
18  4 17 73 60 30 
42 51 19 99 52 33 41 
91 33 40 99 85 27 
43 51 64 63 19 40 
42 51 64 58 14 50 
56 20 18 17  5 
34  1 68 46 25 57 
25 24 81 34 45 23 82 
60 28 69 70 13 10 
72 49 76 93 89 90 
48 72 15 89 11 74 
12 51 43 14 35 55 74 
43 42 40 52 12 50 
33 26 12 51 40 
 4 18 61 62 54 90 
18 53 20 90  7 87 
 9 36 15 35 50 74 
44 20 83 22 14 58  5 
67 68 25  3 45  2 
64 43 14 56  5 
68  1 77 70 19 98 
17 39 28 47  0 30 10 
11 26 89 62 53 90 
37 26 61  4 53 
64 42 19 70  0 10 
63 42 43 58  5  0 
79 16 66  2 67 13 
79 88 84 71 65  2 
68 77 57 69  2 65 13 
 1 45 59 77 67 57 
67 77 70 47 13 
59 77 19 63 69 47 10 
84 66 21  3 36  2 
48 49 15 24 76 81 
39  4 37 30 78 95 
12 50 55 11 49 15 
 6  8 80 82 76 92 
48 72 93 81 82 75 92 
68 59 67 70 69 
73 30 29 97 96 91 95 
80 88 66  6 16 65 
75  6 79 88 92  7 
24 72 76 46 82 
81 76 75 46 23  8 
87 20 56 22 84 21 
87 88 83 66 21 71 
 1 86 27 41 99 98 
38 34  1 85 27 
54 20  7 88 83 84 
 7 87 80 79 66 84 
48 49 11 61 90 
48 93 89 54 53 61  7 
33 94 96 27 78 95 41 
75 80 76 93  7 
76 48 90 92  7 
37 33 91 95 
78 73 37 94 91 
38 97 27 78 91 
31 29 38 96 78 
99 19 59  1 85 
40 19 41 85 98 
