59 17 10  5 63 62 
34 44 67 58 94 84 83 
56  3 70 66 64 65 
25  9 35 56 70  2 
38 18 72 52 61 36 
55 57 43 17 63  0 
78 16 74 32 31  8 
97 96 53 87 99 85 89 
23 80 37 31 74  6 
24 15 54 25 35  3 
 0 59 69 62 46 
26 60 73 12 48 86 
73 11 49 26 51 50 
16 64 32 66 68 28 46 
57 42 49 55 22 54 
54 73 24  9 71 48 
64 13 32  6 78 65 
18 38 43  5 59  0 
53 20 52  4 38 43 17 
39 41 95 94 58 69 62 
18 43 53 96 81 55 
35 22 81 82 70 
54 35 81 55 14 21 
45 34 80 84 37  8 
 9 15 71 25 45 79 
 9 24 45 44  3 56 
60 11 33 36 51 12 61 
88 40 83 84 37 92 
30 29 59 32 13 46 
30 77 28 32 31 93 
29 77 72 38 59 28 
29 32  6 37  8 93 
16 13  6 31 29 28 
26 36 51 39 40 88 90 
 1 44 45 84 23 
54 22  9 21  3 70 
26 33 61 90  4 72 91 
84 27 23 92  8 31 93 
18  4 72 30 17 59 
41 50 51 33 40 95 19 
33 39 88 95 27 83 
42 50 39 19 63 62 
41 50 49 14 57 63 
18 20 55  5 17 
34  1 67 45 25 56 
25 24 34 44 79 80 23 
59 10 28 69 68 13 
48 71 86 87 75 98 
73 11 15 71 47 86 
73 54 12 42 50 14 
42 41 49 39 51 12 
33 26 39 50 12 
18 53 60 61  4 87 
96 20 18 52  7 87 
73 15  9 49 35 22 14 
20 43 81 22  5 57 14 
67 44 25  3 66  2 
55  5 42 14 63 
67  1 76 94 19 69 
30 38 17  0 10 28 46 
61 52 26 11 87 86 
26 36 60 52  4 
69 19 10 41 63  0 
 5 57 42 41  0 62 
16 13 65 66  2 
82 85 16 64 78 70  2 
68 76 67 56 64 13  2 
 1 44 58 76 56 66 
69 76 66 13 46 
68 76 58 19 62 10 46 
21 35  3 82 65  2 
24 15 48 47 79 75 
30 77 38  4 36 91 
54 15 12 11 49 48 
75 80 89 78  6  8 
47 71 79 80 74 89 98 
67 58 69 68 66 
29 30 72 91 88 92 93 
16  6 74 89 85 65 
80 45 71 24 75 
79 45 23 75 74  8 
96 20 55 22 21 82 97 
21 81 97 85 65 70 
27 40 95 94 84  1 
34  1 83 27 23 37 
89  7 78 97 82 65 
87 60 47 48 11 
53 52 60  7 99 86 47 98 
33 40 27 90 91 77 92 
74 78  7 99 75 85 98 
33 36 88 91 
88 77 90 72 36 
37 27 88 77 93 
37 31 92 29 77 
 1 58 19 95 83 
39 40 19 94 83 
20 81  7 53 97 
82 81 96 85  7 
89 99 75 47 87 
87  7 89 98 
