17 59  5 10 62 63 
83 93 67 44 34 84 58 
65 64 56  3 66 70 
35  9 56  2 25 70 
38 72 18 36 61 52 
55 43 57 17  0 63 
78 16 74  8 32 31 
97 88 96 95 98 53 85 
23 80 74  6 37 31 
35  3 54 15 25 24 
62  0 59 46 69 
60 86 48 12 26 73 
73 49 11 50 51 26 
28 32 68 46 16 64 66 
22 54 55 49 42 57 
54 73  9 48 71 24 
13 32 64 65 78  6 
18 38 43 59  0  5 
20 53 52 43 17 38  4 
62 41 39 94 93 58 69 
81 55 43 18 53 95 
81 22 35 82 70 
81 55 14 54 35 21 
 8 80 34 84 37 45 
15 71 79  9 25 45 
 9  3 56 44 24 45 
61 36 33 51 12 11 60 
83 40 84 37 91 87 
29 32 30 59 46 13 
28 30 32 31 92 77 
59 38 29 77 72 28 
 8  6 32 29 37 92 
29 31 28 13 16  6 
39 40 51 89 36 26 87 
23 84  1 44 45 
 9  3 54 22 21 70 
90 72  4 61 89 33 26 
23 84  8 27 91 31 92 
17 18 59 30 72  4 
94 40 33 41 50 19 51 
94 83 27 39 33 87 
42 50 39 62 19 63 
41 50 49 14 57 63 
55  5 20 18 17 
67 56  1 34 25 45 
24 25 34 44 79 23 80 
10 59 28 68 69 13 
98 97 75 86 71 48 
86 47 71 15 73 11 
54 73 14 42 12 50 
42 41 49 39 51 12 
39 50 33 26 12 
 4 18 61 53 60 99 
20 95 18 52  7 98 99 
22 14  9 35 15 73 49 
22 81 14 57 20 43  5 
67 44 66  2  3 25 
55 14 42  5 63 
 1 93 67 76 19 69 
17 38  0 30 10 46 28 
61 52 26 99 86 11 
 4 36 52 26 60 
10  0 19 41 63 69 
62 41 42 57  5  0 
13 16 66 65  2 
16 78 64 85 82  2 70 
68 76 13 64 67 56  2 
56 44  1 58 76 66 
69 76 46 13 66 
68 76 10 62 46 58 19 
65 82  2 21  3 35 
75 47 48 15 79 24 
30 38 36 90  4 77 
15 54 48 49 12 11 
78 88  6 75 80  8 
74 80 88 97 47 71 79 
67 58 69 68 66 
92 91 30 72 90 29 87 
65 16  6 74 88 85 
75 80 71 24 45 
75 74  8 23 79 45 
22 55 21 82 20 96 95 
65 85 81 21 70 96 
94 93 40  1 84 27 
34 23 83  1 37 27 
88 78 65 82  7 96 
98 47 48 99 60 11 
33 40 89 27 91 90 77 
78 74 75 97  7 85 
36 33 90 87 
36 72 89 77 87 
27 37 92 77 87 
37 91 31 29 77 
83 94  1 58 19 
83 93 40 39 19 
 7 53 96 20 81 
85 82  7 81 95 
98 47 75 88  7 
97 47 86  7 53 99 
60 52 53 98 86 
