 5 17 57 10 61 60 
65 42 33 82 81 56 91 
54  3 64 68 62 63 
54  2 68 34 24  9 
50 18 70 36 59 99 
41 53 55 17 61  0 
76 72 30  8 16 31 
51 96 93 94 95 86 83 
30 35 23 78 72  6 
15 24 34  3 52 
44 67 60 57  0 
58 84 25 46 12 71 
49 25 71 47 11 48 
66 64 44 27 31 16 62 
22 53 40 47 55 52 
69 77 24 46  9 71 52 
 6 76 31 13 62 63 
 5 41 36 57 18  0 
20 51 41 17 36  4 50 
92 37 39 56 67 60 91 
51 93 18 79 41 53 
79 80 68 34 22 
21 34 79 53 14 52 
82 33 35  8 78 43 
54 42  3 43 77 15  9 
49 12 32 11 58 59 98 
85 89 82 81 35 38 
29 28 57 44 13 31 
90 75 29 27 31 30 
28 27 57 75 70 36 
 8 35 90 28 31  6 
28 30  6 16 13 27 
49 37 25 38 87 98 
42  1 82 23 43 
68  3 21 22  9 52 
 8 30 82 23 90 89 26 
 4 70 57 17 18 29 
19 92 32 49 39 48 38 
87 85 92 81 32 26 37 
19 37 60 48 61 40 
48 39 61 55 47 14 
20 53  5 17 18 
65  1 33 54 24 43 
77 78 23 33 24 42 
66 67 57 27 13 10 
84 96 69 73 95 46 
84 45 69 11 15 71 
12 48 40 14 71 52 
49 37 39 47 12 40 
32 37 25 12 48 
18 51 97 58 59  4 
18 50 97 96 20  7 93 
 9 15 71 34 47 14 22 
22 14 41  5 79 20 55 
 2  3 65 42 64 24 
53 14  5 61 40 
65  1 74 19 67 91 
36 17 29 27 44 10  0 
59 50 97 84 11 25 
58 25 50 98  4 99 
19 67 39 61 10  0 
 5 55 60 39 40  0 
13 64 16  2 63 
83 76 16 62 80 68  2 
65 74 66 13 54  2 62 
42  1 74 64 56 54 
74 67 13 64 44 
66 74 56 19 44 60 10 
 2  3 34 21 80 63 
45 73 77 46 15 
75 88 29 36  4 99 
15 46 11 12 47 52 
86 73 78  8 76  6 
78 77 86 72 69 45 95 
65 64 66 67 56 
70 88 85 89 90 29 28 
16  6 72 86 83 63 
78 73 69 43 24 15 
77 73 23  8 72 43 
21 80 94 93 22 20 53 
79 21 68 63 83 94 
82  1 26 91 92 38 
81  1 33 23 35 26 
86 76 63 80 94  7 
45 96 97 58 11 46 
75 88 89 87 26 38 
72 73 95  7 76 83 
85 88 38 32 98 
75 70 85 87 98 99 
75 85 90 35 26 
89 35 30 75 28 
92 19 56  1 81 
19 37 91 81 38 
94 79  7 51 20 
79 80 93 83  7 
 7 86 45 73 96 
97 51 45 84  7 95 
51 50 96 84 58 
59 25 32 87 88 99 
98 59  4 70 88 
