16  5 60 56  9 59 
81 80 32 41 55 64 99 
 3 53 63 61 62 67 
23  8 53 33  2 67 
17 49 97 69 58 35 
54 60 52 40 16  0 
15 30 75 29  7 71 
29  6 34 22 71 77 
14 23  3 51 33 
66 59 56 43  0 
11 24 57 70 83 45 
10 70 24 46 47 48 
15 61 30 63 65 26 43 
51 21 46 52 54 39 
23  8 51 70 45 76 68 
62 75 61 12 30  6 
 5 40  0 56 35 17 
49 50  4 19 40 16 35 
38 59 98 90 36 66 55 99 
52 78 40 17 92 91 50 
67 33 21 78 79 
51 33 78 52 13 20 
81 32 42  7 34 77 
14  8 41 53 42  3 76 
10 11 57 58 96 48 31 
81 80 37 84 88 34 
30 12 27 28 56 43 
29 30 89 26 28 74 
74 27 26 56 35 69 
 6 30 27 89  7 34 
15 12 27 29  6 26 
24 96 86 48 37 36 
81  1 22 42 41 
 3  8 51 21 67 20 
88 89 29  7 22 81 25 
56 28 16 69  4 17 
90 37 47 38 48 18 31 
25 80 84 90 36 86 31 
59 60 47 36 39 18 
54 60 38 47 46 13 
 5 52 19 16 17 
53 23 42 32  1 64 
32 22 41 23 77 76 
56  9 26 66 65 12 
45 83 93 94 95 72 68 
70 10 83 14 44 68 
47 11 39 13 51 70 
38 36 46 11 48 39 
47 11 24 36 31 
17  4 50 95 57 58 
17 19 91 95 49 94 
14  8 33 21 13 46 70 
78 21 19 40  5 54 13 
41 23  3  2 63 64 
 5 60 39 13 52 
64  1 18 66 73 99 
26 28 43  9  0 16 35 
58 24 49 95 10 83 
49  4 97 57 96 24 
66  9 38 60 18  0 
59 38 54  5 39  0 
15 62 12 63  2 
15 75 61  2 82 79 67 
61 12 65  2 53 64 73 
63 53 55  1 41 73 
63 12 66 43 73 
59  9 18 55 43 65 73 
33  3  2 62 79 20 
72 76 44 45 14 
97 87  4 35 28 74 
46 11 10 51 14 45 
75  6 85  7 77 72 
71 85 77 93 44 76 68 
63 65 64 55 66 
27 89 28 88 69 87 84 
62 15 82  6 71 85 
77 42 14 23 72 68 
 7 22 71 42 76 72 
52 21 19 92 79 20 
62 82 67 92 78 20 
81 25  1 37 90 98 99 
25 80  1 32 22 34 
62 79 75 92 91 85 93 
57 95 10 45 44 
37 25 88 86 87 74 
75 82 93 71 72 
84 87 37 97 96 31 
69 97 86 84 74 
84 25 34 89 74 
29 27 88 34 74 
37 80 36 98 18 
92 19 82 50 94 93 
91 19 78 79 82 
91 82 94 85 44 72 
91 50 95 93 44 
49 50 94 57 83 44 
86 97 58 24 31 
69 87  4 86 96 58 
90 80 18 99 
18 55 98  1 80 
