 2 40 23 61 57 39 32 
 5 67 84 29 26 51 
59 18 40 21 23  0 
72 89 71 16 81 94 
 7  6 77 26 15 51 
38 58 53 67  1 26 
42  7  4 77 35 83 37 
 6 42 14  4 15 
36 45 59 18 31 91 90 
72 75 65 21 23 64 
11 20 34 78 53 58 
93 79 13 20 10 92 58 
30 75 70 96 21 43 
80 41 79 49 11 20 68 
17 42  7 22 76 15 
 4  7 14 76 43 74 51 
22 17 86 95  3 71 94 
22 16 86 14 42 87 
59  8 90 83  2 40 37 
24 25 66 47 88 81 
11 13 10 34 68 33 
23  9 59 96 75 12  2 
30 76 71 16 17 14 
21  9  2  0 64 32 
25 19 54 50 27 88 
24 19 67 84 27 66 85 
 5  1 53 78 77  4 51 
25 24 50 49 28 63 85 
63 27 49 44 68 
 1 84 73 74 52 51 
12 75 71 22 76 43 
 8 45 91 35 34 33 
 0 23 61 64 80 60 98 
68 44 31 45 34 20 
35 78 31 10 20 33 
31 91 77 78 34 83  6 
 8 45 59 62 69 97 
 6 83 42 39 40 18 
48 47 66  5 58 67 92 
 0 57 40 87 42 37 
 2 18  0 39 37 
98 99 50 80 49 13 
39 37  6  7 14 17 87 
70 73 30 76 12 74 15 
62 63 28 45 68 33 
 8 36 31 62 44 33 
86 55 56 87 57 61 60 
66 19 48 82 81 38 
82 47 55 56 38 93 92 
50 41 13 27 28 68 
41 99 24 54 49 27 
26  1  4 29 74 15 
62 63 85 69 73 29 84 
10 58  5 78 26 
65 89 24 50 99 88 
82 95 48 56 86 46 
79 60 93 48 55 46 
61  0 39 87 46 
38  5 53 92 11 10 
 8 36 18 21 96  2 97 
56 79 80 46 61 32 
 0 57 46 60 32 
36 45 69 52 63 44 
27 85 28 62 52 44 
98 99 65  9 23 32 
72 89  9 54 99 64 
47 19 25 67 38 
66 25  5  1 38 84 
13 20 49 28 33 44 
62 36 70 73 52 97 
12 96 69 73 43 97 
72 75 30  3 22 16 
71 75 65 89  9  3 
69 70 43 74 29 52 
73 29 43 15 51 
72 71  9 30 12 21 
30 22 43 14 15 
 6 35 78 26  4 
77 35 26 34 10 53 
56 60 93 80 13 11 
79 60 98 41 13 32 
 3 89 88 19 47 82 94 
48 47 55 95 81 94 
90 18 91 35  6 37 
85 25 67  1 29 52 
27 25 63 84 52 
55 95 16 17 46 87 
86 17 39 42 57 46 
54 89 24 19 81 
72 65 54  3 88 81 
 8 18 91 83 
 8 31 90 35 83 
93 48 38 58 11 
79 56 48 92 11 
16 95  3 81 82 
82 55 86 16 94 
12 70 59 21 97 
70 96 69 36 59 
41 99 80 64 32 
98 41 50 54 65 64 
