52 16  9 54 55  5 
38 31 51 59 75 94 76 
62  3 49 58 56 57 
62  2 20 49 98  8 
33 17 46 97 92 64 
 0 55 50 16 17 19 48 
 7 66 70 15 29 28 
22 32 66 72  6 28 
 3 98 99 95 96 20 14 
 0 52 40 54 61 
53 23 78 42 65 11 
65 10 43 44 45 23 
25 29 40 60 58 56 15 
43 95 21 48 37 50 
63 42 71 99 65 96  8 
70  6 29 12 56 57 
17 33 52  0  5 
19 47 33 16  4 46  5 
85 93 54 36 34 51 61 
 5 17 48 73 47 86 87 
 3 62  8 95 73 21 74 
48 13 73 20 95 
76 32 31  7 72 39 
11 10 45 97 91 30 53 
79 83 76 75 35 32 
27 52 12 29 26 40 
29 25 69 84 27 28 
69 64 33 52 25 26 
 6  7 32 84 29 26 
28  6 12 25 26 15 
45 34 23 91 35 81 
38  1 76 22 39 
76 22 83 84  7 24 28 
 4 64 27 17 16 52 
45 44 36 30 18 85 35 
85 34 30 75 81 79 24 
37 55 44 34 54 18 
36 55 44 43 50 13 
31  1 59 49 98 39 
71 99 31 38 22 98 72 
12 60 25 52  9 61 
42 78 63 90 67 88 89 
78 41 10 65 63 14 
96 65 11 95 13 44 37 
37 36 45 34 11 43 
44 34 11 23 30 
97  4 17 47 90 53 
19 86 17 46 90 89 
73 19  5 21 13 50 
59 38 98  3  2 58 
37 55 13  5 48 
59  1 94 93 68 18 61 
33 16 27 25  0  9 40 
97 23 10 78 90 46 
36 55  0  9 18 61 
36 37 54  0 50  5 
58 12  2 15 57 
77 70 56  2 62 15 74 
68 60 12 56  2 59 49 
51  1 38 68 49 58 
40 12 58 68 61 
54  9 18 51 68 60 40 
 3  2 20 57 74 
42 41 67 71 14 
33  4 92 82 69 27 
10 42 96 43 11 14 
70 80  7 72 67  6 
63 41 66 72 80 88 71 
59 51 58 60 61 
64 82 84 26 83 79 27 
66  6 80 15 77 57 
67 72 63 39 99 14 
66  7 22 67 71 39 
48 19 21 20 87 74 
57 62 77 87 73 20 
94  1 85 76 35 24 
75  1 31 22 32 24 
70 80 86 87 57 88 74 
10 53 42 41 90 
69 82 83 81 35 24 
70 66 77 88 67 
79 82 92 91 30 35 
64 92 69 79 81 
32 84 69 79 24 
83 32 69 26 28 
94 75 93 18 34 35 
47 89 19 87 77 88 
86 77 73 19 74 
77 86 80 67 41 89 
88 41 90 86 47 
53 78 41 46 47 89 
97 23 30 92 81 
97  4 91 64 82 81 
94 51 85 18 
75  1 51 93 85 
43 13 96  8 20 21 
43 65 95  8 14 
23 91 46  4 53 92 
38 49  3  8 99 39 
 8 98 71 39 14 
