16 50  9 52 53  5 
97 49 68 69 31 56 
 3 58 99 47 54 55 
20 58  8 88  2 47 
60 95 44 87 17 92 
48 53  0 16 46 17 19 
29 15 90 28  7 73 
32 22 65 28  6 73 62 
14 89 20 85  3 88 86 
84 52 38 50 57  0 
40 71 11 23 61 51 
61 10 23 43 41 42 
57 38 29 15 25 54 55 
36 41 85 21 48 46 
40 59 61  8 89 64 86 
29 12  6 90 91 98 54 
94 50  0 17 95  5 
44 45  4 95 16 19  5 
35 52 84 77 33 
 5 46 78 45 79 66 17 
 3 58 21 85  8 66 67 
46 66 20 85 13 
32  7 65 69 37 31 
51 10 87 83 30 43 11 
69 32 75 68 72 34 
27 26 29 38 50 12 
29 25 27 28 76 63 
26 63 60 94 50 25 
32  7 76  6 29 26 
15 12  6 26 28 25 
33 34 43 83 23 74 
69  1 22 37 88 56 47 
22  7 69 28 76 75 24 
34 77 30 43 18 35 42 
33 77 30 68 24 72 74 
53 52 36 18 33 42 
53 35 42 41 48 13 
22 65 31 64 89 88 
57 12 25 50  9 
82 71 81 40 59 80 62 
10 71 14 59 61 39 
11 42 61 36 86 85 13 
35 33 43 36 41 11 
33 30 23 42 11 
82 51 87  4 17 45 
44 17 19 78 82 81 
21 66 13 48  5 19 
88  3  2 31 56 55 
53 36  5 46 13 
97  1 96 84 57 56 55 
16 94 27  0 25 38  9 
10 23 87 71 82 44 
 9 84  0 53 35 18 
 0 52 35 36 48  5 
 2 99 15 12 98 55 
56 49 54  2 47 57 12 
49  1 31 47 55 
38 12 84 49  9 55 
20  3 67 99  2 
14 40 64 39 62 
95  4 94 27 92 93 63 
40 10 11 14 41 86 
73 80 39 59 64 65  7 
75 76 26 72 93 27 60 
37 89 14 59 65 62 
22  7 37 64 62 
67 79 46 21 20 19 
79 66 70 98 20 58 99 
34 77 97  1 69 24 
68  1 31 22 32 24 
78 80 90 91 79 73 67 98 
40 10 51 82 39 
63 93 75 24 34 74 
70 90 80  6  7 62 
72 93 92 83 30 34 
76 32 63 72 24 
28 32 26 75 63 
96 97 34 33 68 84 18 
80 81 45 70 79 19 
67 66 70 78 19 
70 78 81 73 39 62 
80 78 45 82 39 
51 71 44 45 81 39 
87 23 30 92 74 
96 77 49 57  9 52 18 
20 21  8 86 41 13 
 8 85 14 61 41 
44  4 51 23 83 92 
37 31 89  8  3 47 
 8 14 64 37 88 
15 91  6 73 70 
15 90 98 70 
87 83  4 60 93 74 
92 60 72 63 74 
16 50 27 60 95 
17 16 94  4 60 
97 77 49 84 
49  1 96 77 68 
15 91 70 67 99 54 
67 58 98  2 54 
