49  9 51 52 16  5 
93 48 66 55 31 67 
54 53 46 95 57  3 
 2 46 57 85  8 20 
84 88 43 17 59 91 
16 17 19 45 47  0 52 
28  7 29 15 87 71 
28  6 32 97 61 71 22 
14 86 85  3 83 20 82 
 0 49 51 38 56 81 
40 69 60 11 23 50 
60 10 41 23 42 36 
38 25 29 56 15 53 54 
47 36 45 41 82 21 
86 63 58 40 60  8 83 
 6 87 29 94 53 12 
91 17 90 49  0  5 
19 44 91  4 16 43  5 
33 35 75 92 51 81 
 5 45 17 64 98 76 44 
 3 57  8 65 64 82 21 
20 64 82 13 45 
32 67 96 37  7 31 97 
11 10 50 42 30 84 80 
67 66 70 73 32 34 
26 29 38 49 27 12 
28 29 27 62 25 74 
25 26 59 90 49 62 
 7  6 29 32 26 74 
 6 28 15 26 25 12 
33 34 42 23 72 80 
55 46  1 67 85 37 22 
28  7 24 73 67 74 22 
30 34 75 18 35 42 
75 66 30 33 72 70 24 
18 33 42 52 51 36 
13 47 52 35 41 42 11 
86 63 96 85 31 22 
56  9 49 25 12 
40 69 58 61 77 78 79 
58 14 60 10 69 39 
11 60 83 36 13 82 
33 35 30 23 11 36 
84  4 50 79 44 17 
79 78 43 17 19 76 
19  5 64 47 13 21 
55 54 31  2  3 85 
13 45 36 52  5 
93  1 55 92 54 56 81 
 0  9 38 25 27 90 16 
10 23 84 69 43 79 
 0 52 35 18  9 81 
 0 51 35 36 47  5 
15 94  2 54 95 12 
55 46 48 56  2 53 12 
48  1 54 46 31 
54 48 38  9 81 12 
95 65  2  3 20 
14 63 61 40 39 
90 27 89 62 88  4 91 
40 14 10 11 83 41 
58 63 97  7 71 39 77 
70 73 89 26 27 74 59 
86 14 37 58 96 61 97 
19 45 98 99 65 20 21 
94 68 95 57 99 64 20 
75 34 93  1 67 24 
66  1 31 24 32 22 
94 87 65 71 77 76 99 
40 10 39 50 79 
73 62 89 72 34 24 
68 87  6  7 61 77 
89 88 70 30 34 80 
70 62 24 32 74 
32 73 28 26 62 
66 34 93 33 18 92 
19 98 78 77 68 44 99 
71 68 61 39 78 76 
77 39 79 44 76 
50 69 43 39 78 44 
84 23 30 72 88 
92 18 51  9 56 48 
83  8 20 41 13 21 
60 14  8 41 82 
23 50 88  4 43 80 
 3 46 31 37 86  8 
14 63 37 85  8 
15  6 71 94 68 
84  4 72 89 80 59 
70 62 72 88 59 
91 59 27 49 16 
17  4 59 90 16 
93 75 18 48 81 
48  1 66 75 92 
15 53 87 68 65 95 
94 65 57  2 53 
37 63 97 22 
96 63 61  7 22 
19 64 76 99 
68 65 64 98 76 
