52  5 51  9 49 16 
48 55 31 92 66 67 
54 53 46  3 57 93 
57 20 84 46  2  8 
90 17 43 83 59 87 
19 45 47 52  0 17 16 
15 29 61 86 28  7 
95 94 32 28  6 61 22 
14 85 84  3 20 81 82 
51  0 49 80 56 38 
40 69 50 23 11 60 
60 10 41 36 23 42 
38 25 29 56 15 53 54 
47 36 41 45 21 81 
85 63 58 40  8 82 60 
 6 86 29 99 53 12 
 5  0 49 17 90 89 
 5 19 44 43  4 90 16 
33 35 74 51 91 80 
 5 45 17 64 96 75 44 
57  3 65 64 21 81  8 
64 45 20 81 13 
37 94  7 32 31 67 
79 30 11 10 50 83 42 
66 34 67 32 72 70 
49 27 26 29 38 12 
29 25 28 27 73 62 
59 62 26 89 49 25 
29  6 26 32  7 73 
 6 28 15 26 25 12 
33 34 79 23 42 71 
55  1 46 84 37 22 67 
 7 28 73 22 67 24 72 
30 34 74 18 35 42 
30 33 74 66 24 70 71 
18 33 51 52 36 42 
11 41 52 35 47 13 42 
85 63 94 84 31 22 
56  9 49 25 12 
58 61 78 69 40 76 77 
10 69 39 58 14 60 
11 36 82 81 13 60 
36 35 11 33 30 23 
17  4 83 50 44 78 
78 43 19 75 17 77 
 5 47 19 64 21 13 
55 31 54 84  3  2 
 5 45 52 36 13 
55  1 92 91 54 56 80 
 0  9 16 89 27 25 38 
10 23 69 78 43 83 
 0  9 52 18 35 80 
 5  0 47 51 35 36 
15 99  2 54 93 12 
55 48 56 46  2 53 12 
48  1 31 46 54 
54 48 80  9 38 12 
20  3 65  2 93 
39 61 40 95 63 14 
27 89 90  4 62 87 88 
41 11 82 10 40 14 
86  6 58 39 95 76  7 
27 26 73 59 72 70 88 
58 95 94 37 85 14 
20 65 19 45 96 97 21 
20 57 98 68 64 93 97 
74 34 24 92  1 67 
31  1 22 66 24 32 
98 65 86 76 75 97 
40 10 50 78 39 
72 62 24 34 88 71 
88 70 34 87 79 30 
62 73 32 24 70 
32 28 26 62 72 
33 34 18 66 92 91 
19 96 77 76 68 44 97 
86 61 68 39 75 77 
76 75 39 78 44 
50 69 43 44 39 77 
23 30 83 87 71 
51 18 91  9 56 48 
21 20  8 41 82 13 
41 81  8 14 60 
23 79 50 43  4 87 
46  3 31 37 85  8 
37 63 14 84  8 
61  6 15 68 98 99 76 
83 79  4 59 88 71 
62 59 87 70 71 
59 90 27 49 16 
 4 59 17 16 89 
92 74 18 48 80 
48  1 66 74 91 
98 65 57 99 53  2 
95 63 37  7 22 
58 61 63 94  7 
19 64 75 97 
68 65 64 96 75 
99 86 68 65 93 
15 86 98 53 93 
