 9 51 49  5 52 16 
31 66 90 48 55 65 
 3 46 54 53 57 91 
82 46  2  8 20 57 
43 81 17 88 58 85 
47 52 45 19 17  0 16 
28  7 60 84 15 29 
28  6 60 93 32 22 92 
14 80 83 79 20 82  3 
51 78 56 38 49  0 
40 59 68 50 23 11 
10 59 23 42 36 41 
56 38 15 53 29 54 25 
79 21 45 47 36 41 
83 62 59 80 98  8 40 
12 53 29  6 84 97 
49 87  0 88  5 17 
43 44 19  5  4 88 16 
51 78 33 35 89 72 
44 73 94 63 17  5 45 
79 21 63  8 64  3 57 
79 20 63 13 45 
66 31 37 32  7 92 
77 30 11 10 50 81 42 
32 66 70 69 34 65 
29 26 27 12 38 49 
28 71 61 27 29 25 
61 26 49 87 58 25 
32 71 26  7  6 29 
12 15 25 26  6 28 
69 77 23 33 34 42 
66  1 46 82 22 37 55 
28 71 22 66 24 70  7 
35 18 34 30 42 72 
69 24 33 30 65 72 
33 18 36 52 51 42 
47 52 35 13 42 11 41 
22 31 83 62 82 92 
56  9 49 12 25 
99 98 60 40 68 74 75 76 
59 14 98 10 68 39 
36 13 59 80 79 11 
35 33 30 11 36 23 
81  4 17 44 50 76 
19 17 73 43 75 76 
 5 19 47 63 21 13 
82 31 55  3  2 54 
36 52  5 45 13 
90  1 56 78 89 55 54 
27 87  9 38 25  0 16 
10 68 43 81 23 76 
78 18 35 52  9  0 
36 47  5 35 51  0 
 2 54 12 15 97 91 
56 48 55  2 53 46 12 
48  1 31 46 54 
48 78  9 38 54 12 
 3  2 64 20 91 
27 87 61 88  4 85 86 
14 80 40 10 41 11 
99 39 93  7  6 84 74 
70 71 27 58 26 86 
83 14 37 98 99 93 92 
94 19 20 21 64 95 45 
20 63 95 67 96 57 91 
34 24 66  1 90 72 
31  1 22 32 24 65 
84 74 73 95 64 96 
40 10 39 50 76 
24 70 85 77 30 86 34 
61 71 32 24 69 86 
61 70 32 28 26 
65 90 34 89 33 18 
44 19 94 75 67 74 95 
84 67 60 39 73 75 
73 44 74 39 76 
50 68 43 39 75 44 
85 81 69 30 23 
51 18 56 48  9 89 
20 21  8 80 13 41 
59 14  8 79 41 
43  4 50 85 77 23 
46 31 37 83  8  3 
14 62 37 82  8 
15  6 60 74 67 97 96 
81  4 77 58 69 86 
69 85 61 58 70 
27 49 88 58 16 
58 87  4 17 16 
48 78 90 18 72 
48  1 89 65 72 
 2 53 57 97 96 64 
37 22  7 93 62 
99 62 60  7 92 
19 73 63 95 
64 67 94 73 63 
64 67 84 97 91 
84 15 96 53 91 
14 62 99 39 40 
98 62 39 93 60 
