 2 23 39 57 32 40 61 
29 51 26  5 82 66 
59 18  0 23 21 40 
70 71 16 87 80 92 
15 51 26 76  6  7 
58 53 38 26  1 66 
88 37 42  7 89  4 76 35 
14 15  4  6 42 
59 18 89 31 88 45 36 
99 23 64 71 74 21 
20 34 11 58 53 77 
58 90 13 20 91 10 78 
94 69 30 74 21 43 
11 20 67 49 41 78 79 
17 22 42 75 15  7 
 4 51 73 43 75 14  7 
17 22 84 93 70  3 92 
42 85 84 16 22 14 
 2 59  8 40 37 88 
86 24 25 65 80 47 
10 34 11 13 33 67 
59 94  2  9 74 23 12 
30 70 16 17 14 75 
99  9  2  0 21 32 98 
86 19 54 25 27 50 
66 82 24 19 27 65 83 
 1 51  5 53  4 76 77 
25 24 50 49 28 83 63 
67 49 44 63 27 
 1 51 73 82 52 72 
12 74 70 22 43 75 
34 35 89  8 33 45 
 0 23 61 96 98 60 79 
34 31 20 45 44 67 
35 31 20 10 33 77 
34 31 89 77 76  6 
 8 59 95 45 62 68 
39 42 40 18 88  6 
58 90  5 66 48 65 47 
 0 57 85 42 37 40 
 2 18  0 39 37 
50 97 49 13 96 79 
39 85 17 37 14  6  7 
12 69 30 73 15 75 72 
63 62 45 33 67 28 
 8 31 44 62 33 36 
85 57 84 55 56 61 60 
48 81 38 65 19 80 
38 90 91 56 47 81 55 
67 13 41 28 50 27 
27 24 54 97 41 49 
 1 29 26 15  4 73 
68 62 63 83 82 29 72 
58  5 26 77 10 
86 24 64 97 50 87 
84 93 81 48 56 46 
46 55 48 91 78 60 
 0 39 85 46 61 
10 53 38 90  5 11 
 2 18 21 94  8 95 36 
61 32 78 56 46 79 
 0 57 32 46 60 
63 44 45 36 68 52 
44 62 52 28 27 83 
99 97  9 71 54 87 
38 66 25 19 47 
 5  1 82 38 65 25 
33 20 13 44 28 49 
95 69 36 62 52 72 
94 12 95 68 43 72 
30 22 71 74  3 16 
 9 74 64 70  3 87 
73 29 52 68 69 43 
29 51 15 43 72 
 9 71 30 12 21 70 
14 22 15 43 30 
26  4  6 77 35 
35 34 10 53 76 26 
91 56 13 11 60 79 
96 32 60 41 78 13 
86 19 87  3 47 81 92 
47 48 80 55 93 92 
83 25 29  1 52 66 
52 63 27 25 82 
17 85 16 93 55 46 
39 42 57 46 84 17 
24 19 54 87 80 
71 64  3 54 86 80 
37 18  8 89  6 
35 31  8 88  6 
38 58 48 91 11 
11 90 48 56 78 
93 81 80  3 16 
84 16 55 81 92 
12 69 59 21 95 
94 69 68 59 36 
41 97 98 32 79 
64 99 54 50 41 96 98 
96 32 99 23 97 
64 97  9 23 98 
