16  5 47  9 49 50 
84 46 44 61 60 29 
44  3 51 52 85 46 97 
20  8 76 44 96  2 97 
82 53 17 41 75 79 
19 17 43 16  0 50 45 
 7 27 55 94 15 78 
87 86 22 30 27 55  6 
20 73  3 74 14 77 76 
47 36  0 49 72 
48 63 11 23 54 38 
34 39 23 10 54 40 
25 36 52 95 94 15 51 
39 34 73 45 43 21 
74  8 54 77 38 92 57 
12 94  6 51 91 78 
17  5  0 47 81 82 
19 42  5 16 41  4 82 
49 72 67 31 33 83 
42 17 88 43 68  5 
73  8  3 58 59 96 21 
58 43 13 73 20 
 7 86 30 61 35 29 
48 10 75 71 11 28 40 
65 64 32 30 61 60 
47 36 12 95 26 
95 25 56 47 81 53 
30  7  6 94 66 
31 32 71 64 23 40 
44  1 76 35 61 22 
24 61 65 22  7 27 66 
67 18 32 33 28 40 
24 64 31 67 28 60 
50 34 31 18 49 40 
45 50 11 39 33 13 40 
76 77 57 86 22 29 
47 25  9 12 52 72 
70 69 99 63 55 93 92 38 
10 63 54 14 92 37 
54 11 74 73 34 13 
28 31 33 11 23 34 
98 42 48 17  4 75 
99 70 98 41 17 19 68 
88 19 58  5 45 13 21 
76  3 46  1  2 29 
43  5 50 34 13 
84  1 44 72 52  2 83 
25 36 16 81  0  9 26 
98 41 63 75 23 10 
 9  0 72 18 50 33 
 0  5 49 45 34 33 
12 52 15 85 91  2 
12 36 72 51 46  2 
81 82  4 26 79 80 56 
10 11 74 14 38 39 
 7 87 93 69 37  6 78 
26 95 80 65 53 66 
92 14 77 87 86 93 35 
89 59 20 88 43 21 
62 89 58 20 96 85 90 
67 84 24 61 32  1 
30 24 22 60  1 29 
89 59 68 69 78 90 
48 98 99 37 10 38 
24 65 32 80 79 71 28 
24 64 80 30 56 66 
56 65 30 27 95 94 
31 18 32 60 84 83 
62 89 88 70 69 42 19 
70 37 55 68 62 78 
69 37 99 42 68 
75 23 79 64 28 
52 36  9 49 18 46 83 
20  8 74 39 13 21 
73  8 14 54 39 
 4 41 48 23 71 79 
 3  8 77 44 35 29 
14  8 76 57 35 
15 91  6 62 69 55 90 
75 71  4 64 80 53 
65 64 79 53 56 
47 16 82 53 26 
 4 17 16 81 53 
46 84 72 18 67 
46  1 60 67 83 
96 59 51 91  2 97 90 
87  7 22 57 35 
 7 86 55 93 57 
19 43 58 89 68 
62 59 58 88 68 
78 91 62 59 85 
85 51 15 78 90 
93 37 38 14 57 
55 87 37 92 57 
12 95  6 27 15 66 
66 94 12 25 56 26 
20  3 59 85 97 
96 85  2  3 
48 41 63 99 42 
70 37 63 98 42 
