47  9 16 49  5 50 
84 46 60 44 29 61 
85 51 95 52  3 46 44 
 8 76  2 95 20 44 
41 17 75 82 79 53 
16  0 45 43 17 50 19 
55  7 27 93 78 15 
22 30 86 87 55  6 27 
77 14 76  3 20 74 73 
36 72 47 49  0 
11 23 54 48 63 38 
39 34 40 54 10 23 
15 51 52 93 36 25 94 
34 39 45 43 21 73 
77  8 74 54 57 38 91 
12 51  6 78 93 90 
 0 47  5 17 82 81 
41  4 82 16  5 19 42 
49 33 67 83 72 31 
42 17 68 88 43  5 
 3 95  8 59 58 21 73 
20 58 43 13 73 
 7 30 86 61 29 35 
75 48 10 71 11 40 28 
32 64 60 61 30 65 
36 47 26 12 94 
25 47 94 81 53 56 
 7 30  6 93 66 
40 23 71 31 32 64 
44  1 76 61 35 22 
61 24 65 22  7 27 66 
67 32 40 33 18 28 
24 64 60 67 31 28 
40 34 49 18 31 50 
39 13 33 40 11 45 50 
57 77 86 29 76 22 
72 52  9 12 47 25 
38 63 69 55 92 91 97 70 
54 14 10 63 37 91 
34 13 11 54 74 73 
33 34 11 23 31 28 
42 17  4 75 48 96 
19 68 17 41 96 97 70 
45 13 21 58 88 19  5 
46  1  2 29 76  3 
43 13  5 34 50 
52  2 84  1 83 72 44 
36  9 25 26  0 16 81 
75 41 23 96 10 63 
72  9 18 33  0 50 
 0  5 45 49 33 34 
85  2 52 12 15 90 
 2 51 12 46 72 36 
80 79 81 82  4 56 26 
11 10 39 74 14 38 
87  7  6 92 37 69 78 
53 80 65 26 94 66 
77 14 35 86 87 92 91 
59 89 20 21 43 88 
89 58 20 95 85 99 
24 32 84  1 67 61 
60 24 30 29  1 22 
89 68 69 78 98 
48 10 38 37 96 97 
32 24 79 71 28 80 65 
30 24 64 80 56 66 
56 65 30 27 94 93 
84 83 60 32 18 31 
89 62 42 19 88 70 69 
37 55 78 68 62 70 
68 42 97 69 37 
23 75 79 64 28 
46 83 52 36  9 49 18 
74 39 13 21 20  8 
 8 14 54 39 73 
41 48  4 23 79 71 
 8 77  3 29 44 35 
 8 14 76 57 35 
 6 55 15 69 62 98 90 
75  4 71 64 80 53 
79 64 53 65 56 
26 53 82 47 16 
53  4 17 16 81 
46 84 72 67 18 
46  1 83 60 67 
 2 51 95 59 99 90 
35 57 22  7 87 
86 57  7 55 92 
89 58 43 19 68 
62 68 59 58 88 99 98 
15 78 98 85 51 99 
37 38 92 57 14 
87 57 55 37 91 
27  6 12 94 66 15 
66 93 25 26 12 56 
 2 85  3 20 59 
48 63 41 42 97 
37 63 96 42 70 
62 89 99 78 90 
59 89 85 98 90 
