48  8 46 15 49  4 
45 43 28 59 83 60 
43 45  3 51 50 93 84 
75 43  2 93 19  7 
42 44 18 16 15 49  0 
77 14 26 91 54  6 
 5 54 26 21 85 29 
19  3 72 73 13 76 75 
35 71 46 48  0 
47 62 22 37 53 10 
38 53 33 39 22  9 
51 50 35 24 92 14 91 
38 72 33 20 42 44 
37 53 73 89 56 76  7 
11 50 88 91 77  5 
 4 16 81 46  0 80 
41 18  4 15 40 99 81 
71 82 66 30 32 48 
41 16 42 86 67  4 
20 72 93  3 58 57  7 
72 19 12 42 57 
28 34 85  6 60 29 
39 10 47 74 70 27  9 
59 31 63 60 29 64 
46 35 11 92 25 
92 24 46 80 52 55 
 5 91  6 29 65 
39 30 31 22 70 63 
43  1 75 34 21 60 
60 23 21 26  6 65 64 
66 31 39 32 17 27 
30 66 59 23 63 27 
39 30 33 17 49 48 
39 32 38 10 49 44 12 
28 75 21 76 56 85 
71  8 51 46 11 24 
95 69 90 89 62 68 37 
 9 53 62 36 89 13 
72 12 10 53 33 73 
32 30 33 10 22 27 
47 94 74 41 16 99 
18 67 16 69 40 95 94 
20 12 44 57 86 18  4 
45  1 28 75  3  2 
42  4 49 33 12 
43  1 71 82  2 83 51 
35  8 24  0 15 80 25 
40 94 74 22 62  9 
71  8 17 32 49  0 
 4 44 33 32 48  0 
 2 51 11 14 88 84 
 2 45 50 71 35 11 
80 25 55 79 78 98 81 
 9 37 10 38 73 13 
68 77 90  5  6 85 
92 25 65 52 79 64 
90 89 76 34 85 13 
58 19 20 87 86 42 
87 97 93 19 57 84 
66 31 23 83  1 60 
23 59 21 28  1 29 
69 67 87 96 68 77 
 9 47 37 94 95 36 
23 31 27 70 78 79 64 
29 23 65 63 79 55 
29 26 92 55 91 64 
30 31 59 83 82 17 
69 61 41 87 86 18 
77 54 61 69 90 36 
41 67 61 68 95 36 
22 74 27 63 78 
45 82 35  8 17 51 48 
38 12 20 19 73  7 
38 53 72 13  7 
40 47 22 70 99 98 78 
28 34 43  3 76  7 
75 34 56 13  7 
68 54 61 96 88 14  5 
70 74 98 63 79 52 
55 52 78 63 64 
52 81 15 46 25 
16 99 15 98 52 80 
71 45 83 66 17 
66 82 59  1 45 
58 97 93 88 50  2 
90 56 21  6 54 34 
87 67 57 42 18 
58 97 67 61 86 57 96 
96 97 14 50 84 77 
90 56 36 37 13 
68 54 56 89 85 36 
14 11 26  5 92 65 
24 11 25 65 91 55 
19  3 58  2 84 
40 41 95 47 62 
69 41 94 62 36 
88 97 87 61 77 
87 58 88 96 84 
99 74 78 52 81 
40 74 98 16 81 
