 4 14 45  8 47 48 
27 59 42 58 44 82 
99 83  3 42 44 50 49 
98 99 74 42  2  7 18 
41 17 15 14  0 43 48 
87 76 90 25 53  6 
 5 25 53 28 20 84 
75 13  3 74 18 71 72 
34 45  0 47 70 
46 21 10 61 36 52 
 9 52 32 38 37 21 
90 87 34 50 91 49 23 
32 43 41 37 71 19 
36 88 52 75  7 55 72 
 4 15  0 45 79 80 
 4 14 17 40 39 80 97 
29 31 47 65 81 70 
85 41  4 15 40 66 
 7 71 98 57  3 19 56 
41 56 12 71 18 
59 27 28 33  6 84 
 9 10 38 46 26 69 73 
28 59 63 62 30 58 
11 91 34 24 45 
51 54 91 79 45 23 
 5 90 64 28  6 
29 30 62 38 69 21 
59  1 20 42 74 33 
59 20 22 63 64 25  6 
26 30 38 31 16 65 
22 62 26 29 58 65 
29 38 32 16 47 48 
38 31 10 37 12 43 48 
27 20 74 75 84 55 
11 50  8 45 23 70 
88 36 61 93 68 67 89 
88 13 35 61  9 52 
12 71 52 10 32 72 
26 29 31 32 10 21 
97 73 15 46 92 40 
39 15 92 17 93 68 66 
85 56  4 43 17 12 19 
27  1 74  3 44  2 
41 12  4 32 48 
42  1  2 50 82 81 70 
 0 14 79 24 34  8 23 
39 73 92 61  9 21 
16 31  0  8 48 70 
 0  4 43 47 31 32 
87 83 11 50  2 
 2 44 34 11 49 70 
24 54 78 79 80 96 77 
 9 10 36 13 37 72 
 5 76  6 84 67 89 
64 91 63 24 78 51 
84 33 75 88 13 89 
86 57 85 41 19 18 
98 83 95 86 56 18 
59  1 22 30 65 82 
27  1 20 28 22 58 
86 66 94 76 67 68 
35 36 92 46  9 93 
22 30 63 26 69 77 78 
22 28 62 64 54 78 
54 91 90 25 63 28 
16 81 58 30 29 82 
86 60 85 68 40 17 
68 60 76 53 35 89 
93 35 40 67 60 66 
26 62 77 73 21 
 8 34 50 16 81 44 47 
12 37 19  7 18 72 
37 71 52 13  7 
97 39 96 46 77 69 21 
42 27  3 33 75  7 
33 74  7 13 55 
87  5 94 60 53 67 
69 62 96 73 78 51 
62 63 77 54 51 
51 24 45 14 80 
79 51 15 14 96 97 
65 16 82 44 70 
65 81 58  1 44 
98 57 99 95 87  2 49 
 6 53 33 20 55 89 
41 56 86 66 17 
95 94 57 56 60 66 85 
95 83 94 76  5 90 11 49 
36 13 35 55 89 
88 35 67 53 84 55 
 5 87 64 91 25 11 
64 90 24 54 11 23 
39 40 46 61 93 
61 35 92 68 40 
95 87 86 76 60 
83 57 87 94 86 
97 73 80 77 51 
39 73 96 15 80 
83 57 99  3 18 
98 83  3  2 
