42 43  3 12 91 92 
73 40 38 24 53 
45 44 74 90 38 40 
 0 43 12 14 94 39 
48 99 78 81 22  5 
75 48  4 22 25 17 
68 11 66 65 96 15 
33 55 47  8 18 41 
18  7 35 47 34 29 
78 81 44 45 31 20 82 
39 29 95 34 65 16 
47 33 79 68  6 66 50 
71 70 14  3  0 91 
59 26 28 42 72 64 
76 60 94  3 12 37 71 
52 89 51 16 96  6 65 
65 10 95 51 15 
 5 75 30 25 53 24 
23 63 35  8  7 41 67 
59 73 27 53 56 57 25 
91 21 31  9 82 
46 70 91 20 49 82 
 4 81 58  5 25 
35 26 27 18 63 56 
38  1 53 30 68 17 97 
53 19 57  5 22 58 17 
23 35 27 59 28 13 
23 26 59 19 56 
35 26 29 43 42 13 
 8 35 34 10 28 43 39 
24 68 50 75 17 
91 20  9 45 93 64 
33 55 79 80 61 62 84 
32 55 79 47 11  7 
65 10 47  8 29 66 
23 26 18  8 29 28 
71 37 41 67 88 83 
36 71 14 60 62 83 84 
40  1 24  2 90 97 
 3 43 94 29 10 95 
73  1 38  2 45 72 64 
18  7 55 67 36 83 
 0 43 28 13 92 93 64 
 0 42 28 29  3 39 
78 74  2 45  9 
 2 44 40  9 31 64 
21 70 49 69 87 88 
33 11  7  8 34 66 
98 61 99  4 80 75  5 
58 82 21 46 57 69 
80 79 75 30 68 11 
16 95 76 77 52 15 
77 86 51 74 89 15 
73  1 19 24 25 17 
85 98 61 77 60 62 
32 33  7 41 83 84 
19 27 23 63 57 69 
58 49 56 19 69 25 
49 82 81 22 57 25 
27 26 19 73 13 72 
77 54 76 62 14 37 
98 48 54 80 32 62 
54 61 60 32 37 84 
18 23 56 87 67 69 
31 45 93 40 72 13 42 
34 10 16 66  6 15 
34 47 65 11  6 
87 63 18 41 36 88 
 6 11 30 24 50 96 97 
56 63 87 57 49 46 
12 71 91 46 21 88 
12 70 14 36 88 37 
13 59 40 73 64 
40  1 19 59 53 72 
78 86 44 90 89 52  2 
80 48  5 50 30 17 
77 60 51 95 94 14 
85 86 54 60 76 52 51 
85 99 86  4 81 74 44  9 
33 32 11 80 50 
48 61 32 79 75 50 
 4 22 58 82  9 78 
58 49 21 81 20  9 
41 55 36 37 84 
32 55 83 62 37 
77 86 99 98 78 54 
85 77 78 52 74 
67 63 69 46 88 
71 36 67 87 46 70 
90 74 52 96 15 
74 89  2 38 96 97 
12 70  0 21 20 31 93 92 
91  0 93 42 
31 91 92 42 64 
95 39  3 76 14 
39 10 16 51 76 94 
90 89  6 68 15 97 
90 38 96 24 68 
48 61 99 54 85 
48 98  4 78 85 
