 3 42 41 88 11 87 
71 39 37 23 52 
37 39 86 72 43 44 
13 90 11 38 42  0 
75 95 78 21 47  5 
24 16 73 47 21  4 
64 65 96 67 92 14 
17 40 54 32 46  8 
17 34 28 33  7 46 
79 78 19 75 43 30 44 
38 28 33 64 15 91 
13 35 69 87 84  3  0 
27 41 63 70 58 25 
35 11 36  3 59 90 98 
50 15 51 85 92  6 64 
10 64 91 50 14 
52 23 24  5 29 73 
 8 34 22 62 66 40  7 
58 71 26 52 24 56 55 
79  9 30 87 20 
79 19 45 69 48 87 
78 57 24  5  4 
17 34 62 55 26 25 
37  1 52 93 67 16 29 
16 52  5 57 56 18 21 
58 12 26 27 34 22 
22 55 25 58 18 
42 41 28 34 12 25 
 8 34 27 42 38 10 33 
16 23 67 49 73 
 9 19 87 44 63 89 
81 54 61 60 76 77 32 
46 97  7 54 76 31 
46 65  8 28 10 64 
17  8 28 27 22 25 
36 13 80 66 84 11 
80 35 61 81 59 13 
39  1  2 86 23 93 
91 90 42 28 10  3 
71  1 37  2 70 63 44 
66 80 17  7 54 
27 42 12 63 89 88  0 
27 41 28 38  3  0 
72  2  9 75 44 
 9 43 30  2 63 39 
83 84 48 20 69 68 
65 97 33 32  7  8 
60 77 94 73  5 95  4 
45 20 57 56 79 68 
96 97 67 76 77 29 73 
99 74 91 15 51 14 
50 74 82 72 85 14 
23  1 71 16 24 18 
94 60 82 74 59 61 
40  7 80 32 81 31 
62 22 26 18 56 68 
57 24 18 55 48 68 
56 24 48 78 79 21 
70 71 12 25 26 18 
36 13 99 74 53 98 61 
61 53 31 77 94 47 
81 36 59 53 60 31 
22 17 66 55 83 68 
70 39 12 41 30 44 89 
10 15 33 65  6 14 
96 97 46 33 64  6 
62 17 40 80 83 84 35 
49 96  6 92 93 23 29 
56 55 48 62 83 45 
11 87 84 45 20 
39 71 63 12 58 
39  1 70 52 58 18 
86 85  2 43 51 82 75 
16  5 29 49 77 47 
82 53 99 50 51 59 
 9 78 43 95 82 72  4 
49 77 97 32 31 
49 76 31 60 73 47 
75  9 79 57 21  4 
19  9 78 20 48 57 
36 81 40 66 54 35 
80 54 61 36 31 
53 74 94 95 51 72 75 
62 66 84 45 68 
83 66 35 45 69 11 
92 86 72 51 14 
92 85 37  2 72 93 
11 69 19 30 20 89 88  0 
89 87 41  0 
30 87 88 63 41 
 3 38 91 13 98 
10 38 15 50 99 90 98 
86 85  6 67 14 93 
67 23 92 37 86 
60 53 82 95 47 
94 82 75  4 47 
65 97 49  6 67 
96 65 46 49 32 76 
59 13 99 90 91 
50 74 91 59 98 
