10  3 39 38 82 83 
34 22 48 67 36 
68 81 34 36 40 95 
10  0 39 12 35 85 
74 20 88 43 71  5 
69 15 23 20 43  4 
60 61 13 92 93 89 63 
16  8 42 29 50 37 
16  7 99 98 31 42 30 
30 60 14 86 35 99 
80 65  0  3 12 82 32 
25 38 54 66 24 59 
85 91 10  3 55 33 32 
60  6 92 81 47 46 14 
86 46 13 60  9 
48 22 23 69  5 26 
 8  7 58 21 62 31 37 
52 51 67 48 54 23 24 
82 19 75 96 97 27 
41 65 44 82 18 75 
74 53 23  5  4 
58 16 51 31 24 
34  1 48 15 93 26 63 
48 15 53 20 52 17  5 
25 11 54 31 21 51 17 
11 38 39 98 31 24 
69 15 45 22 63 
82 18 59 40 97 84 
29 50 72 73 77 57 56 
 7 50 42 28 72 90 
60  9 61 42  8 99 
16 21  8 98 25 24 
10 12 33 80 62 76 
12 55 57 77 76 32 
92 81 22  1 93 36  2 
86  9 39  3 99 98 85 
34  1 67 66  2 40 59 
76 62 16  7 50 
11 25 39  0 83 59 84 
25 38 98  0  3 35 
 2 36 95 97 59 27 
64 44 19 80 65 79 
 7  8 61 30 29 90 
87 88 69 73  5  4 56 
52 53 75 19 64 41 
90 72 73 69 26 89 63 
13 47 86 14 91 70 
68 81 13 46 78 70 
67 17  1 22 15 23 
56 87 78 57 55 70 
29  7 28 37 76 77 
17 52 64 58 21 24 
17 51 53 44 23 64 
52 44 75 74 20 23 
67 17 11 66 24 
12 91 33 57 49 70 
87 49 57 43 73 28 
55 33 49 77 28 56 
16 21 62 51 64 79 
11 38 66 36 40 27 84 
61  6 13 30  9 14 
60  6 30 42 90 89 
80 32 76 58 16 37 79 
26 45 89 93 22  6 
52 51 44 58 41 79 
41 19 80 10 82 
54 11 67 36 59 
48 17  1 54 66 36 
47 81 78 71  2 94 95 
73 43 45  5 15 26 
91 46 47 55 49 78 
68 78 88  4 74 94 96 
29 28 90 45 73 
28 72 69 43 45 56 
53 75 20 96 71  4 
44 53 74 19 18 96 
33 32 62 77 37 50 
33 76 57 50 28 
47 68 88 87 71 49 70 
58 64 41 62 80 
10 65 32 62 41 79 
92 34 13 68 47  2 
10 65  0 19 18 83 27 84 
 0 38 82 84 
83 82 27 59 38 
91 86 35  3 12 
14 46  9 35 91 85 
88 43 56 49 78 
87 43  4 71 78 
90 45 61  6 63 
29 72 45 61 42 89 
86 46 85 12 55 70 
34 81 13  6 93 
92  6 34 22 63 
71 68 95 96 97 
 2 68 94 40 97 
71 74 94 75 18 97 
95 94 96 40 18 27 
39 25  8 99 31 35 
 8 98 30  9 35 
