 3  9 38 79 78 97 
21 46 33 63 35 
35 39 33 77 64 91 
81 34 11  9  0 38 
70 67 19  5 41 84 
19 22 14 65  4 41 
89 88 58 59 60 85 12 
30 15 40 29 95 94 
95 34 29 58 13 82 
 3 11 31  0 76 97 96 
52 62 57 37 24 23 
53 32 31  9  3 87 81 
45 77 88  6 58 13 44 
12 58  8 44 82 
25 65 46 22  5 21 
 7 30 20 56 36 40 
63 46 52 22 50 49 23 
93 92 26 71 78 18 
78 17 97 96 71 42 98 99 
22 51 70  4  5 
23 49 56 30 15 
46  1 14 25 33 89 60 
19 51 46 14  5 50 16 
16 49 52 10 24 30 20 
37 10 23 30 38 94 
14 65 21 43 60 
57 80 39 17 93 78 
54 55 69 68 73 28 48 
36 40 86 68 27 48 
95  7 58 59 40  8 
23 24  7 15 20 94 
72 32 11  9 76 
31 11 72 73 55 53 
88 77 89 21  1 35  2 
81  3 38 82  8 95 94 
63  1 62 33 57 39  2 
56 75 48 72 15 40 28 
57 80 10 24 79 38 
 3  0 79 34 37 24 94 
35 57  2 91 26 93 
29  7 59 15 36 86 28 
 5 65  4 54 83 84 69 
71 51 50 61 18 98 
25 65 69 68 60 85 86 
87 66 45 12 13 82 
77 64 74 66 12 44 
14 22 21  1 63 16 
74 83 53 66 54 55 
28 36 73 72 27 
50 61 16 23 56 20 
61 49 22 51 42 16 
22 19 70 71 50 42 
63 62 16 23 10 
32 11 66 47 55 87 
83 41 47 55 69 27 
47 54 27 73 32 53 
61 49 75 20 15 36 
37 80 35 62 39 10 26 
59  6 29 12 13  8 
58  6 29 40 85 86 
43 25 89  6 21 85 
50 49 42 56 75 98 
63 52 35 57 10 
52 62 46  1 35 16 
45 77 74  2 91 67 90 
14 25  5 41 43 69 
53 47 74 45 87 44 
74 64 84 90 92 70  4 
69 43 27 86 28 
43 65 68 41 54 27 
 4 67 19 51 71 92 
70 51 42 18 17 92 
73 48 32 75 76 36 31 
72 32 55 27 48 
45 64 83 47 84 66 67 
56 61 76 72 36 98 99 
75 72  9 96 31 99 
45 64 88 33  2 12 
26 80 17 79  0 97 18 
37 80 38  0 78 
57 37 79 26 78 
87 11 82  3 34 
 8 13 44 87 34 81 
54 41 47 74 84 
41  4 83 67 74 
60 43 59  6 86 
43 68 85 59 40 28 
66 53 11 44 82 81 
89  6 33 77 12 
88  6 33 21 60 
91 64 67 92 93 
 2 64 39 90 93 
67 90 93 17 71 70 
90 92 91 17 26 39 
38 24 30 34 95  7 
 8 34 29  7 94 
76  9 97 18 99 
 9  0 78 96 18 
18 42 61 75 99 
76 75 98 96 18 
