 9 93 36 76  3 75 
31 20 44 60 33 
61 74 87 31 37 33 
 9 11  0 36 32 78 
67 18  5 39 64 81 
39 62  4 18 14 21 
86 57 82 56 55 12 85 
15 38 28 90 27 91 
55 13 27 91 32 79 
11 29 73 93  0  3 
23 35 22 50 59 54 
30 29 96 84 78  3  9 
43 74 55 13  6 42 85 
55 12 42  8 79 
24 20 62  5 44 21 
28 19 34 38  7 53 
60 50 44 48 47 21 22 
89 25 68 92 88 75 
 4 67  5 49 21 
15 28 22 47 53 
24 57 86 14 31  1 44 
49 18 48 44 14  5 16 
28 19 47 23 10 50 16 
90 28 10 35 22 36 
20 57 14 62 41 
89 37 17 54 75 77 
83 65 38 34 99 46 
55 56  8 38  7 91 
15 19 22  7 90 23 
 9 11 73 30 69 
29 69 70 52 96 11 
85 86  2 74 20  1 33 
90 91  8 36  3 78 79 
37  2 54 59 31  1 60 
72 69 46 15 38 26 53 
10 23 36 76 54 77 
23 90 32 76 35  0  3 
 2 87 89 25 54 33 
83 56 26 34 27  7 15 
 5 62 80 51  4 81 66 
49 68 48 95 94 58 
66 65 24 57 82 83 62 
12 13 43 63 84 79 
12 74 42 61 63 71 
60  1 20 14 21 16 
51 52 97 63 71 80 
34 26 99 70 69 
22 19 48 58 53 16 
49 40 58 47 21 16 
40 68 67 18 48 21 
10 22 59 60 16 
80 39 66 45 52 98 
45 51 97 30 70 96 98 
58 72 34 47 19 15 
37 25 10 35 59 33 77 
 6 56 12 13  8 27 
82  6 55 83 38 27 
24 20 86  6 82 41 
94 72 40 48 47 53 
50 10 60 54 33 
44  1 59 50 16 33 
43 74  2 87 71 64 
39  5 14 24 66 41 
97 84 42 45 43 71 
61 87 88 71 81  4 67 
83 26 66 41 99 98 
39 62 51 41 65 98 
88 68 64  4 18 49 
67 88 17 92 40 49 95 
72 73 70 46 34 30 29 
30 69 52 99 46 98 
61 43 63 45 64 81 80 
73 69 94 34 58 53 
72 69 92 93 94  9 95 29 
43 12 61  2 85 31 
17 25  0 93 76 92 77 
36 35  0 75 77 
54 35 25 76 75 
 3 32 84 11 79 
 8 32 78 13 84 42 
39 51 71 81 45 
 4 64 71 80 39 
 6 57 56 83 41 
82 56 26 65 38 41 
63 97 42 96 11 78 79 
12  6 86 74 31 
20 57  6 85 31 
61  2 37 89 88 64 
89 87 64 17 68 67 
88 87 37 25 17 
 7 28 23 91 32 36 
90  7 27  8 32 
73 93 95 68 17 75 
 9 73 92  0 75 
72 73 95 40 58 
92 73 94 68 40 
97 52 30 11 84 
52 45 63 84 96 
66 65 99 51 52 70 
26 65 46 70 98 
