84 58 34 71 28 30 
33 97 29 75  7  9 
46 64 61  3 36 78 
12 59 18 46  2 36 
82 10 53 79 54 52 83 
13 35 24 87 86 25 
87 24 29 11 76 52 
26 70  9 89 96 97  1 
51 56 32 47 20 19 
 1 75  7 26 27 92 81 
40 39  4 82 11 71 52 
39 10 76  6 52 
21 17 59  3 18 41 
16 50 31 35  5 25 
44 45 57 47 41 18 19 
65 64 85 22 88 72 
50 44 13 19 25 
21 12 41 99 98 28 54 83 
12  3 46 45 41 14 
16 44 14 47 25 20  8 
86 33 32 25 19  8 
12 17 59 38 54 
85 15 34 72 51 74 
35 80 62 31 43 95 
87  6 53 35  5 52 
86  5 20 16 13 19 
27 66 70  7  9 
92  9 26 66 49 67 
98 17 71  0 82 30 83 
86 87 33 76 75  1  6 
34  0 28 98 57 56 51 
13 35 50 69 66 43 23 
74 51 73 33 20  8 
97 73 86 20 29 32  1 
84 85 22  0 30 51 
23 80 31 13 53 24  5 
63 59 48  3  2 77 78 
46 65 45 55 90 91 
21 59 63 62 80 79 54 
40 60 10 11 81 76 
68 60 58 39 10 71 
12 18 17 99 57 14 
68 60 49 48 77 93 
31 23 66 95 67 
45 55 50 14 16 19 
46 18 37 55 44 14 
65 64  2 37  3 18 45 
57 14 56 19  8 
63 94 36 49 77 42 
92 27 48 94 93 42 67 
44 55 69 16 13 31 
34 22 30 56 74 32  8 
53  4 10 11  6 24 
79 80 35 24  4 52 
21 38 79  4 17 83 
45 37 90 44 50 69 
57 47 30 51  8 
41 99 98 14 47 30 56 
68 40 61 84  0 71 
12 21 38 63  3 36 
68 42 40 39 93 81 
68 58 64  2 85 84 78 
23 80 38 63 94 95 
38 59 48 94 36 62 
65 15 85 61  2 46 
46 64 15 37 88 91 
70 26 27 67 69 43 31 
49 94 95 27 43 66 
42 60 40 58 61 77 78 
90 70 66 55 50 31 
88 89 66 26  7 91 90 69 
40 10 82 58  0 28 
88 89 96 73 22 15 74 
96 72 97 74 33 32 
72 22 73 51 32 
 1 29  9 81 76 
11 39 81 75  6 29 
36 48 78 68 42 
36  2 77 61 68 
38 80 53  4 54 
35 23 62 38 79 53 
39 60 93 92  9 75 76 
 4 10 71 28 83 
82  4 54 17 28 
58  0 61 85 34 
64 15 61 84 22 34 
 5 87 33 20 29 25 
 5 24 86 29  6 
70 91 89 65 15 72 
70  7 96 88 72 
37 55 91 70 69 
88 70 90 65 37 
93 49 27  9 81 
92 49 42 60 81 
48 63 49 62 95 67 
62 94 23 43 67 
89  7 72 73 97 
96 73  7 33  1 
17 99 28 57 30 
17 41 98 57 
