33 81 29 95 27 68 56 
32 28 72  9 94  7 
45  3 61 35 75 58 
 2 45 35 18 12 57 
50 51 10 79 80 76 52 
23 84 83 24 13 34 
23 50 73 28 11 84 
67 25  9  1 94 93 86 
49 31 54 46 19 20 
78 89 26 25 72  1  7 
50  4 79 68 38 11 39 
38 10 73 50  6 
40 17 21 18  3 57 
16 30 24  5 34 
46 55 40 43 44 18 
69 22 62 61 82 85 
24 19 13 30 43 66 53 
40 99 98 80 12 21 52 
44 45 12  3 40 14 
16 24  8 46 20 43 
83 24 19  8 31 32 
12 17 57 37 52 
33 49 69 15 71 82 
50  6 51 34  5 84 
16 19  5 83 13 20 
 9 26  7 63 67 
89 48  9 64 63 25 
80 98 79 95  0 68 
32  1 83 84 72 73  6 
54 49 33  0 95 55 
42 97 13 16 34 63 66 
49  8 71 32 70 20 
28  1 83 70 31 20 94 
 0 81 29 49 22 82 
23  5 13 51 30 97 77 96 
74 75  2  3 47 57 60 
45 62 44 88 87 53 
57 21 77 59 76 60 52 
41 90 11 10 73 78 39 
41 38 65 10 68 56 
17 99 12 55 14 18 
38 90 65 74 48 39 47 
30 63 97 64 96 92 
16 19 46 14 44 53 
45 36 43 14 18 53 
 2  3 61 62 36 44 18 
 8 19 54 55 14 43 
48 41 74 35 91 60 
89 26 41 47 64 90 91 
54 29 33 22  8 31 71 
51  4 10 23  6 11 
50  4 23 34 77 76 
21 37 76 80 17  4 
43 16 66 87 36 44 
49 29  8 46 55 
46 14 40 99 54 95 29 
58 81 65  0 68 39 
21 37 35  3 12 60 
75 65 56 81 82 61  2 
77 37 96 60 91 92 
57 37 59 35 47 91 
62 45 15 82 58  2 
45 61 36 88 85 15 
42 30 64 26 25 66 67 
63 26 48 42 91 92 
75 74 58 41 56 39 
63 30 16 67 87 53 
63 25 66 87  7 86 88 85 
79 10  0 27 56 39 
15 22 71 70 93 85 86 
71 69 32 31 93 94 
49 31 22 69 70 
 1 28  9 73 78 
28  6 72 11 38 78 
65 75 41 47 35 
65 74 58  2 35 
51  4 77 37 52 
34 51 59 37 76 96 
38 90 73 89 72  9 
80 27 10  4 68 
98 17 27 79  4 52 
 0 33 58 56 82 
61 15 22 58 81 33 
28 84 32  5 24 20 
28 83  5 23  6 
69 15 62 86 67 88 
93 69 85  7 67 
88 36 67 66 53 
87 36 62 85 67 
 9 26 48 90 78 
38 41 48 89 78 
48 47 64 60 59 92 
42 64 91 96 59 
70 69 94  7 86 
32  1 70 93  7 
 0 29 27 98 99 55 
59 77 34 97 42 92 
30 42 34 96 
17 99 80 27 95 
17 40 98 95 55 
