93 27 79 33 56 67 29 
71  9  7 92 28 32 
 3 35 74 45 61 58 
18 45 57 35  2 12 
10 50 51 52 78 75 77 
24 13 81 82 34 23 
28 72 23 50 82 11 
92 91 84 66  1  9 25 
31 20 19 54 49 46 
87 26  1 71  7 76 25 
50  4 77 67 11 38 39 
50 10 38 72  6 
18 40  3 57 21 17 
 5 24 16 30 34 
18 40 44 46 55 43 
83 62 61 80 22 68 
24 19 13 53 65 30 43 
12 40 21 97 96 78 52 
44 45  3 14 40 12 
20  8 46 24 16 43 
81 32 31  8 19 24 
12 57 37 52 17 
49 33 70 80 15 68 
34 51  5 50  6 82 
20 19  5 13 81 16 
26 99 66  7  9 
87  9 48 63 99 25 
93 96  0 67 78 77 
81 32 82  6 72 71  1 
49 33 54  0 93 55 
16 65 13 34 95 98 42 
20 32  8 49 70 69 
20 81 31 28 69 92  1 
49 22 79  0 29 80 
30 13 95 23 51 94  5 
74 73 47  3 57  2 60 
45 62 44 53 85 86 
21 57 75 59 52 60 
41 88 76 72 11 10 39 
67 10 38 56 64 41 
18 14 55 97 12 17 
48 88 47 38 39 64 73 
30 95 90 63 99 98 
16 19 53 46 14 44 
45 36 53 18 14 43 
62 36 61 44 18  3  2 
 8 19 54 55 14 43 
35 73 48 89 41 60 
87 88 41 47 89 26 63 
22 33 29 54  8 31 70 
10  4 23  6 51 11 
23 34 94 50  4 75 
78  4 75 37 21 17 
85 65 44 36 16 43 
29 49  8 46 55 
46 54 93 97 14 29 40 
58 64  0 79 67 39 
 3 35 12 21 37 60 
56 64 79 74 80 61  2 
75 94 90 89 37 60 
47 35 57 89 37 59 
62 15 80 58  2 45 
45 36 61 15 83 86 
48 89 26 90 42 99 
56 58 74 39 41 73 
53 85 66 16 30 98 
85 65 84  7 86 98 99 25 
 0 27 56 77 10 39 
70 22 15 83 84 91 69 
31 32 70 68 91 92 
22 49 31 68 69 
 9  1 76 72 28 
28  6 38 76 11 71 
35 47 74 64 41 
58 64  2 35 73 
94 59 51  4 52 37 
87 88  9 38 72 71 
67 27 10 78  4 
52  4 27 96 77 17 
 0 33 56 58 80 
22 15 79 58 33 61 
20 32 28 24  5 82 
28 81  6  5 23 
62 86 15 84 68 
83 86 66 68 91  7 
53 65 36 66 86 
85 36 62 83 84 66 
76 88 48  9 26 
87 76 48 41 38 
48 47 59 90 60 63 
59 89 42 95 94 63 
84 68 69 92  7 
69 32 91  7  1 
96 97 27  0 29 55 
34 95 51 75 59 90 
34 30 94 42 90 
93 97 27 78 17 
93 96 55 40 17 
30 65 66 99 42 
98 66 63 42 26 25 
