27 91 31 54 65 77 25 
30 26 69  9 90  7 
43 59  3 56 72 33 
11 55 17 43  2 33 
49 73 50 76 48 99 75 
32 12 21 80 79 22 
80 26 21 70 10 48 
82 89 90 23 64  9  1 
18 44 52 47 29 19 
69  1 23 24 85  7 74 
99 98 36 70  6 48 
16 55  3 38 17 
28 32 15  5 22 
41 44 42 53 38 17 
59 78 60 20 66 81 
28 12 63 51 41 18 22 
11 55 38 94 76 35 95 50 
38 11 43 42  3 13 
 8 44 41 15 22 19 
79 30 29  8 22 18 
47 31 78 14 66 68 
80  5 32 49  6 48 
79  5 12 15 18 19 
97 24 64  7  9 
46 85 61  9 23 97 
76 94 91  0 65 75 
30  1 79 80 69 70  6 
53 91 52  0 31 47 
40 96 32 12 15 63 93 
67 30 68  8 47 19 
26  1 79 90 67 29 19 
 0 27 47 20 78 77 
 5 12 92 49 93 21 28 
 3 55  2 72 58 45 71 
42 51 84 60 83 43 
57 73 16 55 58 50 
74 86 98 10 37 39 70 
65 98 54 62 36 39 
11 16 17 95 53 13 
62 37 36 86 46 71 45 
93 88 61 97 28 96 
42 51 18 44 15 13 
34 51 41 43 17 13 
42 34 60 59 17  3  2 
52 53 18  8 41 13 
58 87 33 39 71 46 
86 85 87 45 39 61 24 
52  8 27 31 20 68 29 
21  6 10  4 49 99 
 4 73 92 32 21 48 
76 16 35 73  4 
63 15 42 34 41 83 
53 44  8 47 27 
52 44 27 91 95 38 13 
65  0 37 77 56 62 
11 16  3 35 33 58 
 2 72 59 78 77 54 62 
87 88 92 73 35 58 
87 57 35 55 45 33 
78 14 60  2 56 43 
84 34 43 59 81 14 
40 97 87 88 46 24 
37 54 72 56 39 71 
15 51 28 96 64 83 
23  7 97 96 63 83 84 82 
54  0 37 98 25 75 
20 14 67 89 82 81 68 
89 66 90 30 68 29 
20 47 66 67 29 
74  9  1 26 70 
69 26  6 10 74 36 
62 72 39 33 45 
 2 56 33 62 71 
 4 49 92 57 35 50 
36 86 85  9 69 70 
25 76 99  4 65 98 
94 16 25 50  4 75 
78 31  0 54 56 
59 14 56 20 31 77 
 5 80 26 30 22 19 
 5 21 79 26  6 
60 14 84 82 66 
89 66 84 64 81  7 
34 51 84 63 64 
34 60 83 64 81 82 
46 86 74  9 24 
74 36 46 85 39 
57 88 58 45 61 46 
87 57 92 93 40 61 
67 66 90 82  7 
67 89 30  1  7 
53 27  0 95 94 25 
49 73 57 32 93 88 
92 32 88 40 28 
76 16 95 91 25 
94 16 38 53 91 
40 28 63 97 64 
23 24 61 40 96 64 
65 37 99 10 36 75 
98 10 48  4 75 
