75 53 24 89 30 63 26 
25 29 67  9  7 88 
 3 42 58 32 70 55 
32 54  2 42 16 
48 47 73 74 97 71 49 
21 11 78 20 77 31 
47 20 10 78 25 68 
 9  1 88 87 80 62 22 
18 17 43 51 28 46 
67  1  7 72 83 23 22 
 6 47 96 35 68 97 
21 14  5 27 31 
41 40 43 52 37 16 
58 76 59 79 19 64 
21 17 11 50 61 40 27 
92 93 74 49 37 54 34 
41 12 37 42  3 54 
14 21 40 18 43  8 
21 17 77 29  8 28 
76 13 30 64 66 46 
47  6 78  5 48 31 
14 17 11  5 18 77 
95 62  7 23  9 
83 45 60 22  9 95 
 0 89 73 74 63 92 
 6 68 67 78  1 29 77 
52 89 51  0 30 46 
61 94 11 14 31 91 39 
18 29 65  8 66 46 
25  1 18 77 88 65 28 
75 76  0 19 26 46 
11  5 20 27 91 48 90 
57 54  3  2 70 44 69 
59 82 81 41 50 42 
71 56 49 57 54 15 
72 84 38 36 96 10 68 
38 35 96 99 53 63 
15 93 54 52 12 16 
45 84 44 69 35 36 99 
86 91 94 95 27 60 
14 17 50 41 12 43 
40 12 50 33 42 16 
33 59 41 58  3  2 16 
40 12 52 51 17  8 
32 57 85 45 38 69 
44 38 85 60 23 83 84 
28 66 26 51  8 30 19 
 6 20 10 48  4 97 
47 20  4 71 90 31 
 4 74 71 15 34 
61 14 40 41 81 33 
43 52  8 26 46 
93 89 43 12 51 26 37 
99 36 75 55  0 63 98 
57 32  3 37 15 34 16 
 2 70 58 76 75 53 98 
71 90 34 57 85 86 
32 54 34 56 44 85 
 2 42 76 13 55 59 
79 82 33 42 58 13 
86 85 45 39 95 23 
50 14 62 94 81 27 
61 94 80 82 81 95  7 22 
53 36 96  0 24 73 
79 13 19 80 87 65 66 
88 87 64 29 66 28 
64 19 65 28 46 
72  9  1 25 68 
67 72 35 10  6 25 
70 32 44 38 99 98 
69 32  2 55 98 
 4 48 90 56 49 34 
83 84  9 67 35 68 
24 74  4 96 97 63 
24 73  4 92 15 49 
76 55 53  0 30 
58 13 55 75 30 19 
78  5 21 18 29 25 
 5 20  6 25 77 
59 82 13 80 64 
79 82 87  7 62 64 
61 50 62 82 33 
80 62 59 79 81 33 
45 84 72  9 23 
38 45 83 72 35 
57 56 44 86 45 60 
85 56 90 91 39 60 
88  7 80 64 65 
 7  1 87 29 65 
93 52  0 24 92 26 
71 56 48 31 91 86 
31 27 90 86 39 
24 74 93 89 15 
52 89 92 15 37 
61 62 95 27 39 
62 94 60 23 39 22 
35 10 36 97 73 63 
47 10 96  4 73 
53 55 99 70 69 
38 69 36 53 98 
