24 48  4 27 62 78 
21 37 19 55 16 
66 14 67 83 87 76 
13 48  6 24 72  5 
50 54 36 24 62  0 
72  3  6 33 84 35 39 
39 12 13  3  5 
55 34 29 84 16 42 
60 93 19 70 21 67 
18 10 54 50 32 73 
86 85  9 18 74 54 98 
40 28 70 19 89 65 
20 15 39  6 13 71 
 3 48  6 12 69 40 71 
20 66 15  2 80 88 87 
20 14 12 39 81 80 
 7 84 55  1 37 95 35 
82 22 61 44 23 76 
10  9 98 63 32 31 
11 70 89  1 21  8 55 
66 14 15 12 28 71 
57 37 30 92 93  1 19  8 
47 25 51 82 17 23 
78 62 61 79 25 22 17 
73 72 50  3 48  4  0 
47 46 59 79 26 22 23 
41 63 59 46 25 
49 78 69 48 68  0 
66 70 20 40 11 71 
31 32 33  7 84 42 
57 21 92 90 75 56 
41 63 18 32 29 42 
18  9 31 73 33 29 
73 72 32  5 84 29 
64 58 89 55  7 42 
 5 84 16 95 94 39 
 4 54 85 62 45 44 61 
57 21  1 53 95 16 
47 46 91 90 75 99 
15 81 12  6 94 35  5 
11 28 13 69 71 65 68 
59 58 26 63 31 42 
 7 34 29 58 41 31 
53 57 96 52 97 81 80 56 
45 36 77 61 17 76 
36 85 86 96 52 44 77 
47 25 26 63 38 98 99 
46 25 51 91 38 22 
13  3 69 27 24  0 
59 58 79 78 64 27 68 
 4 54  9 73 24 
60 91 47 83 22 82 
80 43 45 96 88 77 
57 37 43 81 95 94 
85 10  9 36  4 50 
19 89  1 34  7 16 
43 57 97 30 75 74 
21 37 30 53 43 56 
59 41 49 64 34 42 
41 58 49 26 79 25 
51 91 93 83  8 67 
36 62 44 17 23 
36  4 78 23  0 61 
41 26 98 18 46 31 
49 58 34 89 65 68 
11 40 89 64 68 
28 70 20 14  2 67 
 2 66 70 83 60  8 
64 49 27 69 65 40 
13 48 40 27 68 
66 28 11 19  8 67 
13 40 28 20 12 
33 73 24  3  5 
24 50 72  9 32 33 
86 97 10 56 75 98 99 
90 30 38 56 74 99 
77 44 87 17 82 83  2 
44 45 52 88 87 76 
79 49 23 27 62  0 
49 59 78 23 25 
43 81 52 15 14 88 
43 53 15 80 94 39 
83 51 22 17 76 
60 51 67  2 82 76 
33  5  7 29 16 35 
54 10 36 45 86 
10 85 96 97 45 74 
77 88  2 14 76 
80 14 52 77 87 
19 11 64 34 65 55 
92 91 30 38 75 
51 60 93 92 47 90 38 
93 21 30 91 90 
60 91 92 21  8 
53 81 95 35 39 
53 37 16 94 35 
45 52 86 97 43 
96 86 43 74 56 
18 10 74 63 46 99 
74 75 98 38 46 
