58 48 70 23 84 29 25 
 7  9 62 24 83 28 
40  3 50 65 97 53 
16 49 40 96  2 97 
45 46 92 68 69 66 
11 30 20 72 73 19 
19 45 10 73 63 24 
82 75  1  9 21 83 57 
17 41 18 27 44 25 
62 67 22 21  1  7 78 
45  6 92 91 63 33 
20 14 26 30  5 
47 35 41 38 39 16 
53 54 71 94 59 74 
20 17 38 11 56 26 99 
49 35 88 87 69 32 
49  3 35 12 39 40 
20 14 38 41 18  8 
17 20  8 27 72 28 
45  6 46 73 30  5 
17 14 18 11  5 72 
22 90  7 57  9 
90 21  9 78 55 43 
87 84 58 68  0 69 
72 73 62 63  1  6 28 
47 41 84 29 44  8  0 
86 30 11 89 56 14 37 
61 44 60  8 18 28 
72 24  1 83 60 27 18 
25 44 70 71 95  0 
19 46 26 11 86 85  5 
98 39 40 54 76 77 
69 15 49 52 51 66 
34 91 10 36 79 67 63 
58 48 91 93 36 33 
47 88 12 15 49 16 
43 79 42 34 93 33 64 
26 89 86 90 55 81 
17 14 41 12 39 98 99 
12 38 98 16 40 31 
16  3 39  2 31 54 53 
25 47 38 17 12  8 
43 36 80 64 96 52 
36 42 80 55 22 78 79 
29 25 27 61  8 95 
19  6 46 10  4 92 
45 19 30  4 85 66 
25 41 84 88 35 12 
34 58 93  0 70 50 
15 35 16  3 96 32 52 
93 65 70 71 48 53  2 
85 81 80 52 32 66 
51 80 42 96 32 49 
54 40  2 13 71 50 
31 40 13 74 53 77 
37 90 81 80 43 22 
89 57 26 14 99 76 
89 56 90  7 21 75 76 77 
23 68 91 34 48  0 
61 60 82 75 94 13 74 
59 61 27 82 83 28 
59 60 27 44 95 94 
63 67 24  1  9 
62 67 10  6 24 33 
36 93 65 42 96 97 
 2 97 93 50 64 
85 46 51  4 32 69 
62 63 33 79  9 78 
23 58 91 92  4 69 
15 87  4 68 23 32 66 
29 71  0 48 50 
70 29 95 13 53 50 94 
73 24  5 18 20 28 
72 24  5  6 19 
77 54 13 75 59 
82  7 59 57 77 74 
99 98 31 56 57 77 
75 74 76 31 57 54 
 9 67 22 79 43 
43 36 33 67 78 
81 55 43 42 51 52 
37 55 86 85 80 51 
 7 75 59 60 83 
82  7  1 60 28 
23 87 47 25 88  0 
81 86 30 46 51 66 
30 26 37 81 85 
23 84 88 15 69 
47 84 87 35 15 
56 57 90 26 37 
89 57 22 55 37 21 
58 68 34 10 92 33 
10 91 45  4 68 
34 48 36 50 65 64 
61 59 95 13 71 
29 44 61 71 94 
49  3 64 42 97 52 
64 65 96  2  3 
39 38 99 31 76 
38 14 98 56 76 
