56 22 28 68 80 24 46 
79 97 27 23  8 60 
38 51 48 63 93  3 
 2 93 47 15 38 92 
66 88 67 64 43 44 
70 19 10  6 29 18 
23 61  9 43 70  5 18 
42 26 24 17 16 39 
74 21 65 60  1 20 97 
87 88 43 32 61  6 
19  5 13 25 29 
36 39 45 15 37 34 
71 57 90 52 51 69 
10 25 19 16 36 95 54 
84 83 67 31 34 47 
37 11 38 34 47  3 
13 19 17  7 39 36 
19 70 16  7 26 27 
 6 43  5 44 29 
70  5 10 13 16 17 
55 86 21  8 97 96 
41 74 53  8 20 86 
83 80 67 56 66  0 
 6 70 27  1 61 60 
28 42  7 39  0 80 45 
10 13 29 85 35 54 82 
42  7 17 27 58 59 
58 79 23 70 26 17  1 
24 42  0 68 69 91 
82 81 44  5 10 25 18 
98 94 73 37 38 52 
64 67 49 50 14 47 
75 33  9 61 87 65 
87 56 89 75 46 32 
14 84 15 11 45 47 
25 82 85 77 53 86 
13 16 95 39 94 11 37 
30 94 15 11 38 36 
37 30 15 52 51  2  3 
 7 16 24 36 11 45 
41 75 50 76 62 92 
75 40 74 76 53 21 
 7 26 28 24 59 91 
 4 88  9 44  6 18 
29 81 43  4 64 18 
39 11 24 80 84 34 
56 33 89  0 68 48 
31 50 14 34 15 92  3 
46 68 89  2 51 63 69 
76 50 64 81 31 77 
76 40 49 31 47 92 
38  2 48 52 69 12 
38 30 73 12 51 71 
41 76 77 21 35 86 
85 25 13 95 99 55 
73 72 99 85 86 54 20 96 
87 33 66 22  0 46 
58 78 71 12 90 59 72 
78 57 79 27 26 59 
42 26 58 57 90 91 
65 61  8  1 23 
 9 32 65 60 23  6 
75 89 63 93 92 40 
48 89 62 93  2 
 4 67 31 49 81 44 
32 61 75 74  8 60 
56 22  4 88 87 67 
83 22 66  4 64 31 14 
 0 28 46 48 69 
28 68 48 51 12 90 91 
19  5 17  6 23 27 
52 73 12 57 72 
71 57 78 73 55 96 
98 99 30 55 72 52 71 
75 41 65 21  8 
89 33 32 62 65 74 41 40 
50 40 41 53 49 77 
76 53 82 81 49 35 
79 97 58 57 72 96 
78 97 58 27  1 
22 83 84  0 24 45 
29 82 49 64 77 44 
29 81 77 25 35 
22 80 67 84 14 
83 80 45 14 34 
35 86 25 54 55 
35 53 85 55 21 20 
56 33 66 88  9 32 
 4 66 87 43  9 
75 33 46 48 62 63 
12 57 69 59 91 
69 28 90 42 59 
47 50 40 62 93  3 
92 62 63  2  3 
95 36 30 98 37 
36 13 94 98 99 54 
72 55 78 97 20 
78 79  1 96  8 20 
30 94 95 99 73 
95 98 73 54 55 
