23 78 27 66 44 54 21 
49 36 61 91 46  2 
 1 36 91 14 45 90 
64 65 86 41 62 42 
68 18  9  5 17 28 
41 17  4 68 22  8 59 
40 25 23 16 15 37 
63 72 19 95 20 98 58 
 5 41 86 85 31 59 
18  4 12 24 28 
43 82 37 34 14 35 
69 55 88 67 49 50 
 9 24 18 15 34 93 52 
81 82 65 30 14 45 
13 82 10 45 35 36  2 
12 18 16  6 34 37 
18 68 15  6 25 26 
42 41 28  4  5 
68  4  9 12 15 16 
84 53 94 95 20  7 
51 39 72 84 19  7 
54 64 81 65  0 78 
26 68 99  5 59 58 
 0 78  6 40 27 43 37 
 9 12 83 33 52 80 28 
40  6 16 26 56 57 
56 77 25 16 68 99 22 
 0 66 23 40 67 89 
42 17  4 24 80 79  9 
96 92 71 50 36 35 
47 48 13 65 62 45 
73 63 85 32  8 59 
85 31 73 54 44 87 
24 83 80 84 51 75 
12 15 93 92 37 10 35 
14 10 29 92 36 34 
49 50 29 35 14  1  2 
 6 15 34 23 43 10 
39 73 60 74 48 90 
38 73 72 74 51 20 
 6 25 23 27 57 89 
 3 86 42 17  5  8 
62  3 41 17 28 79 
23 78 82 37 10 
 0 66 46 32 54 87 
14 13 30 48 90  2 
44 66 67 49 87  1 61 
30 48 62 79 74 75 
30 47 45 74 38 90 
46 67 11 50  1 36 
49 36 29 69 71 11 
74 39 20 33 84 75 
93 97 53 83 24 12 
71 70 97 52 83 84 19 94 
64 85 32 44  0 21 
56 76 69 11 88 57 70 
76 55 77 26 25 57 
40 25 56 55 88 89 
99 22 98 63  7 59 
 8  5 22 58 63 31 
90 91 38 73 87 61 
87 46 60 91  1 
30 47  3 65 42 79 
73 31 72  7 58 59 
 3 65 86 85 54 21 
13 81 30 64  3 62 21 
 0 27 44 46 67 
27 66 46 49 11 88 89 
18  4 16  5 26 22 
11 55 50 71 70 
69 55 76 71 53 94 
96 97 69 70 53 29 50 
73 39 63  7 20 
38 39 63 31 32 60 72 87 
47 48 38 39 51 75 
74 51 79 80 47 33 
77 95 56 55 70 94 
76 95 56 26 98 99 
23  0 81 82 43 21 
62 47 42 28 80 75 
28 24 79 33 75 
82 78 13 65 21 
81 78 13 43 10 14 
33 24 52 53 84 
33 51 83 53 19 20 
64 86 32 31 54  8 
 3 64 85 41  8 
32 73 60 44 46 61 
11 55 67 57 89 
67 27 88 40 57 
45 48 38 60 91  2 
61 60  1 90  2 
96 93 34 29 35 
96 92 97 34 12 52 
70 53 19 95 76 
76 77 98  7 19 94 
71 97 93 92 29 
96 71 93 53 52 
77 95  7 58 99 
26 77 98 58 22 
