22 75 43 64 53 26 21 
45 48 96 35  2 87 
44 86 14 35  1 87 
40 82 62 63 41 60 
 9 18 27 66  5 17 
66  4 99  8 58 40 98 17 
15 36 22 39 24 16 
20 70 61 57 19 91 94 
81 82 40  5 58 30 
12 23 18  4 27 
42 79 14 34 36 33 
65 84 48 49 67 54 
18 15 51 23  9 89 33 
78 79 63 14 44 29 
13 79 10 34 44  2 35 
12 18  6 36 16 33 
25 24 66 18 15  6 
 5  4 40 27 41 
12 15  9  4 66 16 
 7 20 80 52 90 91 
80 19 70 38  7 50 
78 75  0 53 63 62 
 0 75 26  6 36 42 39 
77 27 12 51 32  9 
25 55 39  6 16 56 
66 99 55 24 95 16 74 
 0 64 22 65 39 85 
23  9  4 17 41 76 77 
35 34 49 88 69 92 
44 13 47 63 46 60 
81 31 71 61  8 58 
81 53 83 71 43 30 
77 23 51 80 50 
10 34 88 36 15 89 12 
10 14 35 33 88 28 
14  2 34  1 48 49 28 
15  6 22 42 10 33 
38 71 59 86 47 72 
71 37 70 20 50 72 
 6 24 26 22 85 56 
 8 82  5  3 17 41 
 3 40 17 27 76 60 
79 75 22 36 10 
83 31 53  0 64 45 
86  2 14 13 47 29 
65 48 64 43 83 97 96  1 
29 47 60 76 72 
86 37 44 29 46 72 
45 65 11 49 35  1 
11 48 67 35 69 28 
38 20 80 32 77 72 
12 23 32 80 52 89 93 
51 80 90 68 93 69 19 
81 31 43  0 21 62 
55 73 11 84 67 68 56 
25 24 54 73 74 56 
55 24 39 85 84 54 
61 58  7 98 94 
61 57  5  8 30 98 
71 83 37 86 87 97 
41  3 46 29 76 63 
 7 70 71 57 58 30 
 3 63 21 82 53 81 
13 78 21 62  3 29 60 
43  0 26 65 45 
26 64 45 48 11 84 85 
 5 99  4 25 18 16 
49 11 69 68 54 
69 67 54 73 52 90 
67 49 68 93 92 52 28 
20  7 61 71 38 
83 59 31 61 70 37 38 30 
77 50 38 46 76 37 47 
54 55 68 90 91 74 
55 25 95 73 91 94 
22  0 79 42 78 21 
41 27 77 46 60 72 
27 76 50 32 23 72 
79 75 13 63 21 
42 75 78 13 14 10 
32 51 52 50 20 19 
53 31  8 82 30 62 
81  8 40  3 62 
71 59 31 43 45 97 
11 65 54 85 56 
39 26 65 84 56 
59 37 47 44  2 87 
59 97 86 96  1  2 
89 92 33 34 28 
51 12 93 92 88 33 
91 19 52 68 73 
 7 94 19 90 73 74 
93 89 88 69 28 
89 92 51 52 69 
57  7 98 91 95 74 
25 99 98 94 74 
97 45 87  1 
45 83 59 87 96 
 5 99 58 57 94 95 
 5 98 66 25 95 
