22 73 51 41 21 26 62 
46 99 43  2 85 94 
14 98 42 99  1 84 85 
60 61 80 39 58 
17 27  5 64 18  9 
17  4 56 96 97  8 64 
22 38 16 15 35 24 
59 55 68 92 89 19 20 
30 79 56  5 17 80 
 4 27 18 12 23 
35 40 77 14 33 34 
47 65 52 82 63 46 
33 15 87 18  9 49 23 
76 61 14 77 42 29 
77 13 10 42 34 98  2 
16  6 35 33 12 18 
 6 15 24 25 64 18 
 5  4  8 80 39 27 
64  4 16 15 12  9 
88 50 89  7 20 78 
48 78 68  7 37 19 
76 61  0 51 73 60 
40 73  6 38 35  0 26 
49 32 75  9 12 27 
 6 38 16 25 53 54 
93 97 64 24 53 16 72 
22 38  0 62 63 83 
 9  4 17 39 23 75 74 
67 90 47 86 34 98 99 
61 13 42 58 44 45 
31 79 56 59 69  8 
41 81 51 79 30 69 
75 48 78 49 23 
87 86 35 15 10 12 34 
14 98 10 33 86 28 
 6 15 40 22 10 33 
69 57 84 37 45 70 
20 48 68 69 36 70 
22  6 24 26 54 83 
80 17  3 27 58 74 
22 73 35 77 10 
51  0 31 81 43 62 
14 13 29  2 84 45 
41 81 95 62 63 94  1 46 
58 29 45 74 70 
42 84 29 44 36 70 
11 63 43  1 47 99 
67 65 99 46 11 28 
20 78 37 32 75 70 
12 87 91 78 32 50 23 
88 19 91 67 66 78 49 
 0 41 31 79 21 60 
66 71 65 53 11 82 54 
24 25 72 71 52 54 
24 38 53 52 82 83 
56 59  7 92 96 
59 55 30 96  5  8 
85 95 69 36 84 81 
 3 61 29 39 44 74 
56 55 30 69 68  7 
21 61  3 51 79 80 
76 13 21 29 60  3 58 
26 63 43 41  0 
62 26 43 82 11 83 46 
 5 97  4 25 16 18 
66 67 47 52 11 
65 67 88 71 50 52 
47 65 91 90 50 28 66 
59 69 37  7 20 
59 68 31 81 30 37 36 57 
37 36 45 44 48 75 74 
89 88 66 53 72 52 
25 93 53 71 89 92 
40 22  0 77 76 21 
58 39 44 27 75 70 
23 32 48 27 74 70 
61 13 77 73 21 
14 13 76 40 73 10 
20 48 32 19 50 49 
51 31 30 60  8 80 
17 39  3  8 60 79 
31 41 69 43 95 57 
52 11 63 54 83 
26 38 54 82 63 
57 36  2 42 85 45 
57 84  2  1 95 94 
90 87 33 34 28 
90 86 33 12 91 49 
89 19 71 66 50 
88 19 71 72 92  7 
87 86 91 67 28 
87 90 67 50 49 
93 96 55 72 89  7 
96 97 92 25 72 
43 95  1 85 
43 81 85 57 94 
93 97 92 55  5 56 
96 93  5 64 25 
34 14 28 99  2 
46  1 47 28 98  2 
