99 72 50 40 21 25 61 
45 97 42  2 83 92 
14 96 41 97  1 82 83 
59 60 78 38 57 
17 26  5 63 18  9 
17  4 55 94 95  8 63 
16 15 34 98 37 23 
58 54 67 90 87 20 19 
29 77 55  5 17 78 
 4 26 18 12 22 
34 39 76 14 32 33 
46 64 51 80 62 45 
32 15 85 18  9 48 22 
75 60 14 76 41 28 
76 13 10 41 33 96  2 
16  6 34 32 12 18 
 6 15 23 24 63 18 
 5  4  8 78 38 26 
63  4 16 15 12  9 
86 49 87  7 20 31 
36 47 19  7 67 31 
75 60  0 50 72 59 
48 31 74  9 12 26 
 6 37 16 24 52 53 
91 95 63 23 52 16 71 
98 37  0 99 61 62 81 
 9  4 17 38 22 74 73 
66 88 46 84 33 96 97 
60 13 41 57 43 44 
30 77 55 58 68  8 
40 79 50 77 29 68 
19 49 20 47 74 48 22 
85 84 34 15 10 12 33 
14 96 10 32 84 27 
 6 15 39 99 98 10 32 
36 68 56 82 44 69 
68 35 20 47 67 69 
98  6 23 25 53 81 
78 17  3 26 57 73 
99 72 34 76 10 
50  0 30 79 42 61 
14 13 28  2 82 44 
40 79 93 61 62 92  1 45 
57 28 44 73 69 
41 82 28 43 35 69 
11 62 42  1 46 97 
66 64 97 45 11 27 
20 36 31 74 69 
12 85 89 49 31 22 
86 19 89 66 31 65 48 
 0 40 30 77 21 59 
65 70 64 52 11 80 53 
23 24 71 70 51 53 
23 37 52 51 80 81 
55 58  7 90 94 
58 54 29 94  5  8 
83 93 68 35 82 79 
 3 60 28 38 43 73 
55 54 29 68 67  7 
21 60  3 50 77 78 
75 13 21 28 59  3 57 
25 62 42 40  0 
61 25 42 80 11 81 45 
 5 95  4 24 16 18 
65 66 46 51 11 
49 66 64 86 70 51 
46 64 89 88 49 27 65 
58 68 36  7 20 
58 67 30 79 29 36 35 56 
36 35 44 43 47 74 73 
86 65 87 52 71 51 
24 91 52 70 87 90 
39 99  0 76 75 21 
57 38 43 26 74 69 
31 47 22 26 73 69 
60 13 76 72 21 
14 13 75 39 72 10 
50 30 29 59  8 78 
17 38  3  8 59 77 
30 40 68 42 93 56 
51 11 62 53 81 
25 37 53 80 62 
56 35  2 41 83 44 
56 82  2  1 93 92 
88 85 32 33 27 
88 84 32 12 89 48 
65 49 19 70 87 
 7 90 19 86 70 71 
85 84 89 66 27 
85 88 66 49 48 
91 94  7 87 71 54 
94 95 90 24 71 
42 93  1 83 
42 79 83 56 92 
91 95 90  5 55 54 
94 91  5 63 24 
33 14 27 97  2 
45  1 46 27 96  2 
 6 37 34 99 25 
39 72 34  0 98 25 
