20 70 48 38 59 24 95 
89 81 43 93  2 40 
92 13 39 93 80 81  1 
58 55 36 76 57 
 9 17 25 61  5 16 
 4 61 16 91  8 53 90 
96 97 94 35 22 15 14 
88 52 65 19 56 85 18 
53  5 16 76 75 28 
 4 17 21 25 12 
37 97 13 32 31 74 
60 78 49 62 44 43 
 9 21 17 46 14 31 83 
92  2 39 99 32 10 74 
12 17 31 97  6 15 
61 17 23 22  6 14 
76 36 25  4  5  8 
 9  4 61 15 12 14 
84 85  7 30 47 19 
34 45 30 18  7 65 
58 73 70  0 48 57 
72 25 30  9 12 46 
23 15 50 51  6 35 
50 69 88 91 61 15 22 
 0 59 60 79 35 95 
71 36 72 21  9 16  4 
93 92 32 82 86 44 64 
42 39 98 58 55 41 
29 75 66 56 53  8 
28 75 48 38 66 77 
72 21 47 18 45 46 19 
10 97 32 82 14 12 83 
13 92 10 26 82 31 
80 42 67 34 66 54 
67 45 19 33 66 65 
79 51 24 95 94  6 22 
 3 55 71 76 25 16 
96 94 97 10 95 70 74 
48 29  0 59 77 40 
13  2 27 42 98 99 80 
38 59 60 77 89  1 43 
27 55 42 71 67 
27 39 80 41 67 33 
40 60  1 11 44 93 
26 93 62 11 43 64 
34 67 72 30 19 
12 21 30 47 87 83 
30 18 84 63 46 87 64 
29 75 20  0 38 57 
50 68 78 51 11 62 63 
68 69 23 22 51 49 
78 79 35 22 50 49 
 7 88 56 53 90 
52 56 28  8  5 90 
33 66 80 77 89 81 
58  3 36 71 27 41 
 7 52 65 66 28 53 
76  3 75 58 20 48 
 3 55 73 98 20 27 57 
38  0 24 60 40 
79 78 24 59 11 40 43 
 5 91  4 17 15 23 
11 49 63 64 44 
47 84 64 62 68 49 
86 26 44 62 63 87 47 
34 19  7 56 66 
65 34 33 54 56 28 29 77 
34 45 72 71 41 42 33 
85 84 69 50 49 63 
85 68 50 23 88 
20 73  0 95 37 74 
36 55 72 67 25 41 
67 45 71 25 21 30 
58 98 20 70 99 74 
13 10 99 37 73 70 
29 28 48 76 57  8 
36  3 16 57 75  8 
66 29 54 89 38 40 
79 51 60 49 11 
78 51 60 24 35 
42 39  2 81 33 54 
80  2 54 89  1 
32 26 31 86 83 
46 87 12 86 82 31 
85 18 68 47 63 
18 84 68 69  7 88 
26 82 83 87 64 
47 46 83 86 64 
85 69 90 91  7 23 52 
77 54 40 81  1 
53  5 91 52 88 
 5 90 88 23 61 
13  2 93 32 26 
92  2 26 44 43  1 
37 96 35 95  6 
24  0 70 35 94 37 
37 94 97  6 
96 37 10  6 31 14 
73 58 27 39 99 
39 98 13 73 74 
