77 27 24  4 48 61 
21 37 19 55 16 
65 14 85 66 75 81 60 
 6 13  5 71 24 48 
24  0 50 54 36 61 
35 82 39 71  3  6 33 
13 12  3 39  5 
29 42 82 16 55 34 
19 69 91 21 66 60 
10 18 54 50 72 32 
18 96  9 84 83 54 73 
28 40 69 19 87 64 
15 39 13 70  6 20 
70 12  6  3 40 68 48 
79 15 65  2 20 85 86 
39 80 12 79 14 20 
35 82 55  1 37 93  7 
22 81 75 23 98 99 44 
62 96 31 10  9 32 
 1 21 55 87  8 69 11 
15 14 65 12 70 28 
 1 37 19 91  8 57 30 90 
25 23 47 51 81 17 
78 77 25 22 61 98 17 
 3 71 72 50  4  0 48 
78 23 22 59 26 47 46 
62 41 59 25 46 
 0 77 49 67 68 48 
40 70 65 69 20 11 
42 31 32  7 82 33 
57 21 90 88 74 56 
62 18 41 42 29 32 
29 31  9 72 18 33 
 5 82 71 29 72 32 
 7 42 63 87 55 58 
39 92  5 82 16 93 
83 45 54  4 61 99 44 
21  1 57 16 53 93 
88 74 46 47 89 97 
15 80 12  6 92 35  5 
70 13 68 28 67 11 64 
62 26 59 58 31 42 
41 58 31 29  7 34 
79 52 80 53 57 56 95 94 
76 75 17 99 45 36 
36 83 94 52 76 84 44 
26 62 25 47 96 38 97 
25 22 46 51 89 38 
24  3  0 13 68 27 
59 78 77 27 58 63 67 
 9 54 72 24  4 
22 81 47 89 60 
43 79 94 45 86 76 
92 80 43 57 37 93 
50  9 83 36  4 10 
19 87  1 16  7 34 
43 57 95 30 74 73 
21 37 30 53 43 56 
59 41 49 63 42 34 
41 58 26 25 78 49 
 8 91 66 89 51 81  2 
 0 77  4 23 36 99 98 
41 26 96 18 31 46 
49 58 34 87 67 64 
67 40 11 63 87 
 2 14 20 66 69 28 
 8 69 65  2 60 
40 68 27 49 63 64 
40 13 67 27 48 
19  8 66 65 28 11 
13 12 20 40 28 
33 72  3  5 24 
24 71  9 50 32 33 
84 10 96 97 74 95 56 
88 30 38 56 97 73 
 2 81 85 17 76 44 
86 85 75 52 45 44 
78 23  0 27 49 61 
25 23 59 77 49 
15 14 80 43 52 86 
15 79 39 92 43 53 
51 22 75  2 60 17 
 5 35 16  7 29 33 
36 45 54 10 84 
10 83 45 94 95 73 
 2 14 86 75 76 
79 14 85 52 76 
55 19 63 34 11 64 
90 89 30 74 38 
91 90 88 47 51 38 60 
91 21 30 89 88 
 8 21 90 89 60 
39 35 80 53 93 
92 35 16 37 53 
84 45 95 52 43 
56 43 94 84 73 
46 62 18 10 97 73 
96 46 38 74 73 
61 23 99 17 
61 36 98 17 44 
