20 68 48 93 24 58 38 
43 91  2 79 40 87 
90 13 91  1 39 78 79 
57 54 56 74 36 
16 25  5  9 17 60 
 8 52 16 89 60  4 88 
22 35 92 95 14 15 94 
98 55 99 18 83 63 86 19 
 5 52 16 74 73 28 
 4 17 12 21 25 
37 72 13 95 31 32 
76 49 61 44 59 43 
14 17 31 81  9 21 46 
72 10  2 90 32 97 39 
95 31  6 12 17 15 
22 23  6 14 17 60 
 8  5 74 36 25  4 
14 12 15  9  4 60 
83 82  7 47 30 19 
45 34 63  7 18 30 
 0 68 48 71 57 56 
70 25 30  9 12 46 
35 51  6 50 23 15 
50 22 15 89 86 67 60 
93 35 77  0 59 58 
21  9 70 69 36 16  4 
91 44 90 84 80 32 62 
57 54 96 41 42 39 
55 52 73 29 64  8 
73 48 75 64 38 28 
70 45 21 46 47 18 19 
80 81 95 10 14 12 32 
31 10 80 13 90 26 
64 34 53 65 42 78 
65 45 19 63 64 33 
22 51  6 92 93 77 24 
 3 74 16 54 69 25 
72 68 10 95 93 92 94 
48  0 58 29 75 40 
 2 13 97 78 96 27 42 
 1 87 58 59 75 38 43 
65 42 69 54 27 
41 65 27 33 78 39 
91 44  1 11 59 40 
11 61 43 91 26 62 
65 34 19 70 30 
30 21 85 81 12 47 
18 30 46 85 82 62 61 
 0 20 56 73 29 38 
76 11 50 66 51 61 
22 51 23 49 66 67 
35 22 50 49 76 77 
 5  8 88 55 98 99 28 
75 87 64 79 78 33 
57  3 69 41 27 36 
98  7 52 28 64 63 
 3 74 48 20 57 73 
 3 54 96 71 20 27 56 
24  0 59 40 38 
77 76 11 24 58 40 43 
15 23 89 17  4  5 
47 62 49 66 11 44 82 
61 44 26 84 85 47 
55 64 34  7 19 
75 29 53 28 55 33 34 63 
45 34 41 42 69 33 70 
49 50 61 67 82 83 
50 23 86 66 83 
72 37  0 20 93 71 
65 41 54 70 25 36 
65 45 69 25 21 30 
72 68 96 57 97 20 
37 68 10 13 97 71 
 8 74 56 48 29 28 
 8 16  3 56 36 73 
53 87 64 29 40 38 
49 11 51 77 59 
35 51 76 24 59 
33 42 53 39  2 79 
78 53  2  1 87 
31 81 32 84 26 
31 80 12 84 85 46 
61 66 47 18 83 
18 82  7 86 66 67 
80 81 85 26 62 
84 81 46 62 47 
89 88 23 67 99  7 83 
53 75 40  1 79 
 5 52 89 99 86 
86 88 23  5 60 
 2 13 32 91 26 
43 44  1  2 90 26 
35  6 93 37 94 
92 35  0 68 37 24 
92 37 95  6 
37 10 31 14  6 94 
71 57 97 27 39 
13 72 71 96 39 
55  7 52 99 
98 52 88  7 86 
