46 36 23 89 19 65 56 
76 84  2 88 38 41 
75 37 12 87 76  1 88 
35 52 55 54 71 
 5 96 97 16 15 24  8 
 4 15 96 86 85 50  7 
34 98 91 21 14 13 
 5 15 50 70 27 71 
20 24  4 16 11 
30 90 69 77 31 12 
57 41 73 47 42 58 
 8 20 30 13 16 78 44 
37 93 31  9 69 87  2 
 6 14 91 16 30 11 
97 22 16 21  6 13 
35 24  4  5  7 71 
97 14 13  4  8 11 
79 45 29 18 80 
29 17 80 43 60 33 
68 65 55  0 46 54 
 8 24 11 67 29 44 
22 14  6 34 49 48 
83 64 97 96 14 21 48 86 
34 74 89 57  0 56 
35 15  4  8 66 67 20 
77 31 42 59 81 87 88 
52 55 39 92 37 40 
70 28 53 50 61  7 
72 36 46 70 27 61 
18 43 45 17 67 20 44 
91 90  9 13 77 11 78 
77  9 25 12 87 
40 75 62 33 61 51 
43 62 32 18 60 61 
74 49  6 98 89 21 23 
15 24 52  3 66 71 
46  0 56 72 28 38 
12 93 92 26 75  2 40 
72 36 84 56 57 41  1 
52 66 26 62 40 
62 39 26 37 75 32 
38 57 10  1 88 42 
59 25 58 10 88 41 
62 67 29 18 33 
11 20 78 82 29 45 
58 79 17 29 82 59 44 
 0 36 19 28 70 54 
10 73 48 63 49 58 
22 64 63 21 49 47 
74 34 21 48 73 47 
53 27  5 85  7 94 
72 84 76 32 61 75 
35  3 55 66 39 26 
60 95 50 27 61 94 
55  3 19 46 70 71 
19 68 52  3 54 26 92 
57 23  0 36 38 
23 74 73 56 38 41 10 
79 45 59 63 47 10 42 
42 25 58 82 45 81 
53 95 18 33 80 61 
32 51 33 72 60 53 28 27 
66 39 67 40 43 32 33 
64 80 48 79 47 58 
83 80 22 63 48 
99 89 68 69 19  0 
35 24 52 39 67 62 
66 24 20 29 62 43 
69 65 93 19 55 92 
68 65 99 93 90  9 12 
28 46 27 54  7 71 
 7 15 35  3 54 70 
84 51 28 36 38 61 
74 49 57 10 47 
34 49 23 57 73 
 2 37 40 32 76 51 
 1 84  2 75 51 
30  9 31 25 78 81 
77 30 11 81 82 44 
63 80 17 45 58 
64 83 63 95 79 18 17 60 
59 82 78 77 25 
59 45 81 78 44 
64 80 22 95 86 94 85 
72 51 76 38  1 
86  5 50 83 94 
 5 96 22 83 85 
31 25 12  2 88 
 2 87  1 42 25 41 
34 98 99 65 23  0 
99 98 91 30  9 69 
 6 98 90 13 30 
26 55 93 68 37 
69 68 37 12 92 
53 95 50 85 83 
53 60 80 83 94 
22 97  5 86  4 
22 96 14 16  4 
 6 34 89 99 90 91 
90 98 89 65 69 
