87 64 35 45 19 23 55 
 2 86 40 82 74 37 
86 85 36 74 12  1 
70 34 53 51 54 
 5 94 15 95 24  8 16 
94  4 84 15 83  7 49 
21 33 14 96 13 89 
70 69 27 15  5 49 
20 11 24  4 16 
12 68 75 30 88 31 
41 57 40 56 72 46 
20  8 16 13 43 30 76 
68 91  9 36  2 85 31 
14  6 89 16 11 30 
21  6 13 22 95 16 
 4  5 70 34 24  7 
95 14 13  4  8 11 
78 18 77 44 29 
29 17 42 99 59 78 
45  0 53 64 67 54 
66 29  8 11 24 43 
33 48  6 14 47 22 
47 21 14 63 95 81 84 94 
87 33 73  0 55 56 
 4  8 20 15 34 66 65 
79 58 41 75 86 85 31 
51 38 54 90 39 36 
 7 69 52 60 49 28 
35 71 27 60 45 69 
66 20 42 18 43 44 17 
13 11 89 76  9 75 88 
75  9 12 85 25 
60 98 61 74 39 50 
21 48  6 96 87 73 23 
70  3 15 24 51 65 
45  0 71 37 28 55 
39 26 74 90 91 12  2 
71 35 40  1 55 82 56 
51 65 61 26 39 
26 38 74 32 61 36 
 1 37 86 41 56 10 
58 57 10 25 86 40 
66 29 18 61 98 99 
20 29 11 44 80 76 
43 29 80 58 77 57 17 
53 69 35  0 19 28 
10 57 72 62 47 48 
21 48 62 63 22 46 
33 21 47 73 72 46 
 7 27 83 92  5 52 
71 60 82 32 74 
34  3 65 38 26 54 
27 60 59 49 92 93 
45 69 70  3 19 54 
51  3 26 67 19 53 90 
35 37  0 23 56 
40 37 55 72 73 23 10 
62 77 44 58 41 10 46 
44 80 57 79 41 25 
78 18 52 60 99 93 
52 27 59 28 71 99 98 50 32 
38 65 66 42 98 32 39 
47 63 77 78 57 46 
81 78 62 47 22 
87  0 19 67 97 68 
34 24 66 51 38 61 
20 24 29 65 61 42 
19 64 54 68 91 90 
67 91 64 97 12  9 88 
 7 70 27 53 45 28 
34  3 15  7 69 53 
35 37 28 60 82 50 
73 48 56 10 46 
33 48 23 72 56 
39 32 50 36 82  2  1 
 9 30 76 79 25 31 
43 11 80 30 79 75 
17 78 62 44 57 
59 18 17 77 93 63 81 62 
58 80 76 75 25 
44 43 58 76 79 
83 84 92 93 63 78 22 
71 37  1 50 74 
84  5 81 92 49 
 5 94 83 81 22 
86 25  2 12 31 
25 85 41  2 40  1 
 0 64 96 33 23 97 
30 89  9 96 97 68 
96  6 13 30 88 
54 26 67 91 36 
68 67 90 12 36 
81 83 49 52 93 
81 92 78 59 52 
 4  5 84 95 22 
 4 94 22 14 16 
33  6 87 89 97 88 
87 64 96 68 88 
42 61 99 60 32 
42 18 98 59 60 
