19 44 85 23 63 35 54 
 2 84 39 73 81 98 
31 84 12  1 73 36 
53 52 50 34 69 
15 24  5 92  8 16 93 
 7 15  4 83 82 48 92 
13 14 87 94 33 21 
 5 15 48 27 69 68 
20 11  4 24 16 
67 86 12 31 74 30 
40 56 39 55 45 71 
75 42 20 30 13  8 16 
 9 67  2 31 36 89 
30 11 87 16 14  6 
13 16  6 93 22 21 
34 24  4  7  5 69 
13 14  8  4 11 93 
76 77 18 43 29 
17 29 77 41 97 58 
44 52 53  0 63 66 
65 29 42 24 11  8 
 6 33 47 14 22 46 
83 92 80 93 14 62 21 46 
 0 85 72 55 54 33 
65 64 20 34 15  4  8 
31 74 78 84 40 57 
37 38 50 53 88 36 
48  7 68 28 59 51 
44 35 68 27 70 59 
65 20 42 43 17 18 41 
75 74  9 86 11 13 87 
 2 84 12  9 74 25 
60 38 73 49 96 59 
94 85 23 72  6 47 21 
64 50  3 15 24 69 
28 44  0 54 70 99 
 2 12 26 88 38 73 89 
60 38 64 50 26 
60 32 73 37 26 36 
84  1 55 10 40 98 
10 56 39 84 57 25 
65 60 96 18 29 97 
75 79 11 20 29 43 
42 79 29 57 56 76 17 
19 52 28 35  0 68 
10 56 71 47 46 61 
21 47 45 62 22 61 
33 72 71 45 21 46 
 7 27  5 82 90 51 
73 81 32 70 59 
53  3 34 64 37 26 
59 27 58 48 90 91 
19 44 53  3 69 68 
19 52  3 50 26 88 66 
55 23  0 35 98 99 
72 23 54 39 10 98 71 
40 10 57 45 43 76 61 
40 56 78 79 43 25 
18 77 91 51 59 97 
70 49 28 27 32 96 51 58 97 
32 38 64 65 37 96 41 
62 77 76 46 45 56 
22 80 77 46 61 
95 85 67  0 19 66 
65 60 24 34 50 37 
64 60 20 29 24 41 
67 63 88 53 19 89 
 9 86 12 95 63 66 89 
 7 27 28 44 52 69 
 7 15 34  3 52 68 
49 81 28 35 59 99 
47 72 45 10 55 
55 23 33 47 71 
81 49 32 38  1  2 36 
 9 31 78 75 30 25 
42 79 11 78 74 30 
17 77 43 56 61 
58 91 18 80 17 62 76 61 
75 79 74 57 25 
42 75 78 43 57 
90 91 77 82 83 22 62 
73  1 49 70 98 99 
83  5 48 90 80 
92  5 82 80 22 
31  2  1 39 40 25 
95 63  0 23 94 33 
67  9 95 94 30 87 
94 86 30 13  6 
26 53 36 66 89 
36 12 88 67 66 
48 82 51 91 80 
58 77 51 90 80 
 4  5 83 22 93 
16 14 22 92  4 
95 85 86 87 33  6 
85 63 67 86 94 
32 60 41 97 59 
41 18 96 58 59 
54 55 39 81  1 99 
54 35 98 70 81 
