76 27 60  4 24 48 
16 37 54 21 19 
83 74 80 14 59 64 65 
48 13  5 70 24  6 
 0 60 36 53 24 50 
39 35  6 98  3 70 33 
 3 13  5 12 39 
34 42 54 29 99 16 
21 19 89 59 68 65 
10 18 71 50 32 53 
 9 53 81 18 94 82 72 
85 19 63 68 28 40 
69 13  6 20 15 39 
67 40 48  3 69  6 12 
 2 83 84 64 78 15 20 
78 79 14 20 12 39 
35 99 91  7 54 37  1 
22 80 74 23 96 97 44 
32 31 61 94 10  9 
21  8 85 54 11  1 68 
15 14 64 28 69 12 
 8 19 89 88  1 37 30 
80 51 25 23 17 47 
22 25 60 76 96 77 17 
70 71  4  0 50 48  3 
22 23 77 47 46 26 58 
25 58 41 61 46 
49 66 76  0 48 67 
68 64 11 40 69 20 
 7 42 99 31 32 98 33 
86 73 55 88 37 21 56 
32 18 61 29 42 41 
31 18 29  9 71 33 
29 32 98 71 70  5 
 7 42 57 62 85 54 
39 90 91 16 99 98  5 
53  4 60 97 81 45 44 
16 91  1 21 56 30 
86 87 47 73 95 46 
12  6 90 35 15  5 79 
63 66 11 28 67 13 69 
57 58 26 42 31 61 
 7 34 57 29 31 41 
79 78 52 92 93 55 56 
17 74 97 36 45 75 
92 82 52 81 36 44 75 
61 94 47 25 26 95 38 
87 51 46 25 22 38 
 0 24 27 67 13  3 
66 27 57 58 62 76 77 
71 24  4 53  9 
22 80 59 87 47 
92 43 45 78 84 75 
50  4  9 10 36 81 
85 19 34  7 16  1 
93 43 73 56 30 
91 37 90 79 43 55 30 
49 58 62 34 42 41 
57 49 25 26 77 41 
87 51 80  2 89  8 65 
76 23  0  4 36 96 97 
31 18 41 26 46 94 
66 49 57 85 63 34 
85 62 66 11 40 
14  2 68 28 65 20 
68  8 64 59  2 
49 27 62 63 40 67 
40 13 48 66 27 
64 28 11  8 19 65 
40 28 13 20 12 
71 24 33  5  3 
24 70 50  9 32 33 
93 82 10 94 73 95 
93 72 55 95 86 30 38 
83  2 80 17 44 75 
45 52 44 84 83 74 
60 23 49 27  0 77 
49 58 76 23 25 
79 43 52 84 15 14 
78 43 15 39 90 56 
 2 74 22 51 59 17 
45 82 10 53 36 
93 72 92 45 81 10 
 2 74 14 84 75 
14 83 78 52 75 
63 62 34 54 19 11 
88 87 30 73 38 
59 51 89 88 86 47 38 
89 21 87 86 30 
59  8 21 88 87 
39 35 91 79 56 
90 35 16 37 56 
52 43 45 93 82 
92 43 82 72 73 55 
10 18 72 61 46 95 
73 72 94 46 38 
60 23 97 17 
96 60 17 36 44 
29 99 35  5 33 
 7 29 35 16 98 
