74 53 90 91 29 37 17 
 2 73 33 86 62 70 
73 25 77  1 30 62 
45 46 58 43 28 
20 13  8  5 80 14 81 
71 80  4 13 41  7 
75 82 27 18 12 
 5 13 41 22 58 57 
20 88  4 11 14 
95 93 77 25 63 94 
96 47 33 60 38 97 
 8 88 35 14 24 64 
 6 75 18 19 14 81 
 4 20 28  5  7 58 
11 24 75 12  8  4 81 
34 89 35 16 66 36 65 
48 79 66 15 34 85 
46 56 45 53 37  0 
27  6 12 19 39 40 
12 18 72 52 80 39 81 
55 54 88  8  4 13 28 
46 43 76 31 32 30 
49 44 23 41  7 57 
29 59 49 22 37 57 
94 75 63 11 14 64 
73 98  9 77  2 63 
50 84 32 49 42 62 
 6 18 74 82 40 61 90 
20 54 13 43 58  3 
87 59 23 91  0 37 
32 21 76 77  2 62 
43 54 50 21 32 
31 21 50 30 26 62 
60 86 10  1 73 97 
89 55 50 84 15 16 85 
89 15 88 11 36 68 64 
35 15 65 47 68 
23 29  0 17 45 57 
10 47 51 60 39 40 
51 52 38 19 18 40 
60 61 38 27 18 39 
78 44 22 71  5  7 
70 62 59 49 26 
21 46 28 54 31  3 
78 79 48 49 22 41 
17 46 37 57 58  3 
21 43 76 56 17 45  3 
67 68 36 65 51 96 10 38 
44 79 49 16 85 
23 59 42 48 44 22 85 84 26 
55 54 34 84 31 32 26 
65 47 66 52 38 39 
72 69 66 51 19 39 
56 92 83 74  0 17 
20 55 28 43 50 31 
20 54 88 89 34 50 
92 53 77 76 46 17 
37 45 58  7 22 23 
28 13  7 57 45  3 
29 87 70 23 49 42 
33 86 10 38 91 61 40 
60 91 40 27 90 
 1  2 30 32 26 42 70 
25 98  9 94 24 67 64 
11 35 68 24 67 63 
66 51 47 36 15 
16 79 69 52 51 65 15 
63 98 99 96 47 68 64 
36 35 47 67 64 
72 52 71 66 79 78 
87 59 86 42 62  1 
78 69 72 80  5 41 
80 71 69 52 19 
25 98 97 33  2  1 99 
83 53 82 27 90  0 
95 82  6 12 94 24 14 
77 56 46 21 30 
92 93  9 25 56 76  2 30 
44 79 69 71 41 
78 44 69 48 66 16 
 5 71  4 72 19 81 
19 80 12 14  4 
95 75  6 83 74 27 
95 82 93 92 53 74 
50 34 85 49 26 
48 16 34 84 49 
60 33 70 87  1 91 
29 59 70 86 91 
20  8 55 35 89 11 
34 15 35 88 55 
91 61 27 74  0 
87 29 86 60 61 90  0 
56 53 83 93 77 
95 83 92  9 77 
95 75 24 63  9 
75 82 83 93  9 94 
10 47 97 99 67 
73 33 10 96 99 
25 73 63 99 67 
97 96 73 98 67 
