16 52 71 86 87 28 36 
68 61  2 95 93 82 32 
29 61 74 24 95  1 
42 45 27 57 44 
 8 19 13  5 76 77 
13  7 76  4 40 69 
26 17 12 72 78 
13 57  5 56 21 40 
19 84 11 23 77  4 
91 90 89 24 97 96 
46 37 93 32 59 92 
 8 84 23 62 34 
72 77 76 18 17  6 
57  7 27 19  4  5 
34 35 85 33 15 64 63 
47 81 99 98 33 64 14 
 0 52 55 45 44 36 
38 39 18 26 12  6 
38 17 51 12 76 70 
27 53 54 84  8  4 13 
45 42 73 30 31 29 
43 48 56  7 40 22 
56 21 36 28 58 48 
72 90 77  8 11 62 96 
89  9 95 94 74 97  2 
49 80 48 31 61 41 
71 86 39 17  6 78 60 
42  3 53 19 57 13 
87  0 83 58 36 22 
73 74 31 61 20  2 
49 53 42 20 31 
49 25 61 30 20 29 
 1 82 59 93 10 
49 54 85 80 81 15 14 
14 35 11 84 62 85 66 
14 34 63 66 46 
16  0 28 44 56 22 
39 38 50 46 59 10 
39 17 18 51 37 50 
38 17 37 26 59 60 
 5  7 21 43 75 69 
25 48 58 68 61 
45 20  3 27 53 30 
47 48 99 21 75 40 
57  3 56 45 16 36 
16 55 42 20  3 73 44 
63 35 66 50 65 92 10 37 
81 48 43 99 15 
81 47 43 21 41 25 58 80 22 
53 54 80 25 31 30 33 
51 64 46 37 38 63 
38 18 50 64 70 67 
 0 16 55 79 71 88 
49 54 42 27 30 19 
49 53 19 84 85 33 
16 52 45 73 74 88 
57  7 21 44 36 22 
27  3 13  7 56 44 
68 41 48 83 28 22 
32 82 39 37 87 10 60 
87 86 59 39 26 
31 25 29 41 68  2  1 
23 11 34 65 66 97 96 
50 64 14 35 46 
15 14 50 51 63 98 67 
66 62 97 94 92 46 
65 62 34 35 46 
69 70 75 51 98 64 
 1 82 58 41 61 83 
40  5 75 70 76 67 
18 76 51 69 67 
79 52  0 86 26 78 
91 90 23 77 12  6 78 
74 55 45 20 29 
73 55 88 29 89  2 24 
43 99 98 67 40 69 
12 77 18  4  5 70 69 
72 23  8 12 76  4 
26 71  6 79 91 72 
71 52 88 89 91 78 
49 25 48 81 33 
48 80 47 15 33 
32  1 59 68 87 83 
68 82 58 28 87 
54 19  8 11 34 85 
54 33 14 34 84 
 0 71 26 87 60 
59 82  0 86 28 60 83 
74 55 52 79 89 
88 74 79 91  9 24 
72 91 23  9 96 
72 90  9 89 79 78 
65 94 93 10 46 
95 94  1 92 10 32 
95 93 65 97 24 92 
93 94 24  2  1 
97 62 23 90  9 
65 62 94 24  9 96 
15 99 64 67 75 
15 98 43 47 75 
