67 48 16 34 27 82 83 
 2 57 64 78 91 30 89 
70 28 57  1 91 24 
42 39 41 53 13 
72  5 13 19 73  8 
65 37  7 72 13  4 
26 74 68 12 17 
21 37 52 53  5 13 
73  4 80 11 23 19 
92 90 86 87 85 24 
43 88 35 89 30 55 
58 32 80 23  8 
72 18 73 68  6 17 
 7 53  5  3 49 19 39  4 
81 31 32 15 60 33 59 
93 94 60 14 31 77 
51 48  0 34 41 42 
26  6 36 12 18 95 
12 72 66 47 17 95 
80  8 50 49 13  4 
69 28 39 29 98 42 
37 40 22 52  7 
54 40 27 21 52 34 
58 11 68 86 73 92  8 
 2 70 91 85  9 90 
99 57 38 98 45 76 
74 67  6 82 56 36 17 
54 22 79 34  0 83 
69 20 99 57 70 98  2 
20 39 98 45 49 
 1 78 55 89 10 
50 45 81 15 77 76 14 
14 81 33 11 58 80 62 
14 32 59 43 62 
41 52 16 22 27  0 
46 96 43 36 55 10 
26 56 55 35 96 97 17 95 
21 40  7 65  5 71 
64 57 25 44 54 76 
20 29 42  3 49 13 
54 44 94 22 37 21 71 
52 53 34 16 42  3 
16 51 41 69 20 39  3 
35 46 59 33 10 88 62 61 
54 40 94 38 77 76 
50 31 98 29 25 49 76 
47 60 96 35 43 59 
63 60 46 96 66 18 97 95 
51 84 67  0 16 75 
50 19 39 29 45 13 
80 19 81 31 45 49 
84 48 70 69 16 42 
41 53 22 21 34  7 
41 52  3  7 13 
44 40 22 27 79 64 38 
83 78 56 36 30 35 10 
82 26 83 55 36 
99 28  2  1 38 64 25 
11 32 62 61 92 23 
14 60 33 46 43 
47 63 15 14 46 93 59 
88 43 62 92 90 58 
33 32 58 43 61 
47 60 93 66 65 71 
79 78 54 38  1 57 
63 66 72  5 37 71 
72 18 65 63 47 
 0 48 82 74 26 75 
12  6 87 86 73 74 23 
20 28 70 51 42 
69 28 51 84  2 85 24 
93 63 65 37 94 40 
 4  5 65 12 18 66 73 
72  4 12 68 23  8 
26 67  6 68 87 75 
74 87 85 84 67 48 
44 38 25 77 45 31 
31 15 94 44 76 
64 79  1 83 55 30 
64 78 54 27 83 
81 50 19 11 32  8 
50 80 31 32 14 
 0 67 26 56 83 
 0 27 82 79 78 56 55 
51 48 70 85 75 
70 84 75 87  9 24 
68 87  9 92 23 
68 86 74 75 85  9 
10 43 89 90 61 
88 90 91 10 30  1 
92  9 24 91 89 88 61 
 2  1 24 90 89 
 9 90 86 61 58 23 
63 60 15 94 71 
44 40 15 93 71 77 
97 36 17 18 47 
47 46 35 36 97 
36 96 47 95 
20 28 99 29 45 25 
57 28 98 25 
