87 89 76 62 55  1 29 
55 27 68  0 89 23 
37 40 12 51 39 
 7 71 70  4 12 18 
35  6 63 12  3 70 
11 66 72 16 25 
51 50 35  4 12 20 
 3 71 22 18 78 10 
83 85 88 90 84 23 
53 33 29 41 86 87 
22  7 56 78 31 79 
66 71 17 16  5 70 
37  2 51  3 18  4  6 47 
58 14 57 30 79 31 
30 75 13 58 92 91 
32 99 39 46 49 40 
34 25 93 17 11  5 
64 45 93 16 11 70 
 3  7 12 48 47 78 
37 28 96 40 67 27 97 
50  6 35 38 21 
52 38 26 32 50 20 
66 71  7 56 90 84 10 
88 89  8 83 68  1 
55 36 74 43 96 97 
34 16 54 80  5 72 65 
52 77 81 98 21 32 
55  1 67 19 68 97 
96 43 37 47 19 
53  9 87  0 76 
13 79 48 43 74 14 75 
13 57 79 10 56 60 
99 98 26 21 50 39 15 
95 94 44 34 53  9 41 
25 16 54 93 94 33 53 
63 69 38  4  6 20 
55 24 74 62 52 42 
40  2 12 47 28 19 
92 69 35 21 52 42 20 
51  2 50 40 32 15 
37  2 67 49 19 39 15 
33  9 86 44 57 59 60 
92 75 52 38 74 36 
48 30 74 24 96 28 47 
95 45 33 58 41 57 
95 44 93 58 17 64 61 
82 73 49 99 15 65 
37 28 48 18 12 43 
30 43 79 47 18 78 
67 40 82 46 68 15 
51  6 32 21 39 20 
50  6 12  2 39 
26 77 62 21 38 42 36 
34 54 33  9 29 81 76 
25 34 81 80 53 
24 36  1 27 62 97  0 
22 90 59 10 31 60 
58 44 13 41 31 60 
45 44 57 13 14 61 91 
56 90 88 86 41 60 
59 56 31 57 41 
58 45 64 63 69 91 
52 77  0 55 36 76 
35 69  4 70 64 61 
17 45 70 63 61 
80 25 72 73 46 99 
11 71 72 85  5 22 84 
49 40 19 27 68 
49 82 67 27  1 83 23 
38 92 63 35 91 61 
11 71  3 17 64  4 63 
11 66  7  3 70 22 
85 66 73  5 25 65 
82 46 85 72 83 65 
24 36 43 30 42 75 
42 92 74 14 30 
53 81 29 77 62  0 
52 26 81 62 76 
79 48 18  7 10 
13 30 48 78 31 10 
81 98 54 99 25 65 
26 98 77 80 54 53 76 
73 46 49 68 83 
68 82 73 85  8 23 
 8 85 90 22 66 
72 66 73 83  8 84 
87  9 88 41 59 
 0 89 86  9 88 29 
87 89 86  8 90 23 59 
 0 87  1 88 23 
 8 88 56 22 84 59 
14 92 58 69 61 
38 69 42 75 14 91 
95 45 94 34 16 17 
93 95 34 33 
45 44 93 94 33 
28 43 24 19 97 
19 27 96 55 24 
81 26 80 99 32 
80 98 32 15 46 65 
