24 47 27 74 59  4 
21 37 16 19 53 
58 78 72 81 63 99 14 
47 13 24 68  6  5 
36 52 49 59  0 24 
 6 39 35  3 96 68 33 
12 39  3 13  5 
53 16 34 97 41 29 
98 66 19 21 87 58 
10 52 18 49 69 32 
 9 52 79 18 92 80 70 
66 19 83 40 62 28 
15 39 20  6 13 67 
 3 47 65 40  6 12 67 
82 76 15 20 81 63  2 
77 39 76 12 20 14 
89 37 35  1 53  7 97 
95 43 78 22 72 23 94 
92 10 60 31  9 32 
66 11 83  8 21  1 53 
28 63 15 12 14 67 
 8 19 87 86 30 37  1 
78 50 17 23 46 25 
17 22 75 74 94 25 
 3 68 47  0 49  4 69 
46 22 23 75 45 26 57 
57 56 45 25 60 31 
74 48 64 65 47  0 
40 11 66 63 20 67 
97  7 41 96 33 31 32 
55 37 54 21 86 84 71 
60 26 41 56 18 29 32 
31 29 18 33 69  9 
96  5 68 29 69 32 
83 61 53  7 56 41 
16 89 88 39  5 97 96 
44 79 95 43 59  4 52 
16 89 55 30 21  1 
93 71 84 46 45 85 
15 77 12 88 35  6  5 
62 11 28 64 13 65 67 
34  7 56 29 31 
51 90 91 54 77 76 55 
17 95 36 44 73 72 
36 79 43 73 51 80 90 
93 92 25 46 26 60 38 
22 50 85 25 45 38 
 3 13 24 65 27  0 
74 27 75 64 61 56 57 
 9 52  4 24 69 
58 85 78 22 46 
73 44 42 76 90 82 
36 79  4 10  9 49 
 1 16  7 83 19 34 
91 71 42 55 30 
89 37 88 77 42 54 30 
48 61 34 41 57 26 31 
75 25 48 56 26 
85 50 87  8 98 78  2 99 
94 74  0 95 36  4 
92 45 26 18 31 
83 62 64 48 34 56 
40 11 83 61 64 
98 66 28 20 99  2 14 
62 40 61 48 27 65 
13 40 47 64 27 
11 19  8 98 63 28 
12 13 28 40 20 
24  3  5 33 69 
33 68 24 49  9 32 
10 92 80 71 91 93 
91 70 54 93 30 84 38 
17 43 73 81 78  2 
44 43 51 72 81 82 
48 27 75 23 94 59  0 
74 23 48 25 57 
42 51 82 77 15 14 
39 88 15 76 42 55 
58  2 50 22 17 72 
44 36 80 10 52 
90 44 79 10 70 91 
72 73  2 82 14 
73 51 81 76 14 
11 19 62 61 34 53 
86 85 30 71 38 
58 50 87 86 46 84 38 
85 87 21 84 30 
 8 21 85 58 86 
39 77 55 89 35 
16 37 55 88 35 
51 42 44 80 91 
71 70 80 90 54 42 
10 18 70 93 45 60 
71 70 92 45 38 
17 95 23 59 74 
17 43 36 59 94 
35  5 97 33 29 
35 16  7 96 29 
 8 66 63 58 99 
63  2 98 58 
