56 70 49 81 83  1 24 
 0 49 22 83 62 19 
93 43 32 34 45 
11  4 16 72 65 64 
64  3 57 11  6 30 
66 95 14 60 10 
11  4 30 45 44 17 
84 82 19 77 78 79 
35 80 24 47 28 81 
97 50 73 72 96 26 
14  5 15 60 65 64 
41 32 16  6  4  3 45 
85 69 26 51 25 73 52 
92 40 43 34 27 
 5 95 29 87 15 10 
39 87 14 58 10 64 
 3 72 42 41 11 
18 33 30 44  6 
46 21 33 27 44 17 
82 83 62 77  7  1 
49 91 31 68 37 90 
98 99 71 46 18 75 27 
91 94 49 61 62  1 
90 94 93 32 41 37 
47  8 81  0 70 
68 69 37 12 73 42 
51 54 73  9 50 12 
18 44 98 21 92 13 34 
47  8 29 35 38 88 89 
48 47 14 87 95 28 88 
57 63 33  4  6 17 
49 20 68 56 46 36 
93  2 23 41 11 45 
86 63 18 46 36 30 17 
43 13  2 27 44 45 
54 53 28  8 80 51 38 
46 31 68 86 33 69 
68 20 90 25 23 41 42 
51 52 35 39 28 89 
38 52 15 87 55 58 89 
92 13 59 43 76 67 
23 32 37 42 16 11 
25 37 73 41 16 72 
13 40 76  2 93 61 34 
27 18 34  6 45 17 
11 32  6  2 34 44 
71 21 18 33 56 31 36 
48 29 24  8 28 70 75 
29 47 95 74 75 
91 20 31 56  0 22  1 
97  9 54 53 84 26 
35 54 26 12 52 38 
51 38 39 55 85 12 
54 50 84 82 35 80 
50 53 35 51 26 
63 57 85 39 52 58 
70  0 71 46 31 49 
64  4 58 55 63 30 
15 39 55 57 64 
92 40 66 95 67 74 
 5 66 97 78 79 10 65 96 
22 94 62 93 43 76 
76 77 19 61 22  1 
55 85 86 33 57 30 
 4 57 58  3 15 10 65 
72  3 10 60 96 64 
59 95  5 67 60 79 
59 66 40 76 77 79 
31 20 37 25 69 36 
68 25 12 36 86 85 
24 47  0 56 71 75 
46 21 70 56 75 
16  3 73  9 65 96 42 
72  9 42 25 26 12 
99 92 59 95 48 75 
48 47 70 74 99 71 21 
43 40 62 77 67 61 
76 62 67 19 79  7 
97 60 84 79  7 
67 66 60 78 77  7 
35 53  8 81 82 
 0 83 82 80  8 24 
19 83 84 53 81  7 80 
82 19  0 81  1 
82 53 50 97 78  7 
55 63 52 69 12 86 
69 85 63 33 36 
29 14 15 39 88 89 
29 87 28 89 
39 87 88 38 28 
91 94 20 37 23 
49 20 90 94 22 
13 40 59 99 98 74 27 
 2 43 32 23 94 61 
90 91 22 23 93 61 
59 66  5 14 29 48 74 
97  9 72 65 60 
60 78 50  9 84 96 
99 21 92 27 
98 21 92 74 75 
