24 70 56 49  1 80 82 
 0 49 22 62 82 19 
32 92 43 34 45 
16 71 65  4 64 11 
 6 11  3 64 57 30 
60 66 98 14 10 
 4 11 44 17 30 45 
81 83 77 76 78 19 
79 80 24 47 35 28 
72 71 94 26 50 95 
60 65  5 14 15 64 
41 16 32  6  4  3 45 
26 72 51 69 84 52 25 
27 91 40 43 34 
15 86 29 98  5 10 
39 86 14 10 58 64 
71 42 41 11  3 
18 33 44  6 30 
21 46 27 33 17 44 
62 76  7  1 82 81 
90 49 31 37 68 89 
27 96 18 46 56 70 74 
90 49  1 93 61 62 
92 32 41 37 89 93 
 8 80 47 70  0 
68 69 37 12 72 42 
51 54 50  9 72 12 
21 96 18 13 91 97 34 44 
35  8 47 88 87 29 38 
47 48 14 86 99 87 28 98 
57 63 33 17  6  4 
20 49 56 68 36 46 
92 23 41 11  2 45 
18 17 46 36 30 63 85 
13 27 43 44  2 45 
51 54 38 28 53  8 79 
69 68 31 33 46 85 
68 20 41 23 42 89 25 
52 51 39 35 88 28 
15 86 52 38 55 88 58 
43 75 67 91 13 59 
32 23 42 16 11 37 
71 72 16 41 37 25 
75 40 13 34 61 92  2 
34 27 18 17  6 45 
44 34  6  2 32 11 
18 21 56 33 31 36 
74 48 70 29  8 24 28 
47 74 73 29 99 
56  0 90 20  1 31 22 
53 54 83 26 95  9 
35 54 38 26 52 12 
51 38 55 84 39 12 
35 54 50 83 81 79 
35 51 53 50 26 
52 84 39 63 57 58 
 0 49 70 21 46 31 
 4 64 58 55 63 30 
55 39 57 15 64 
91 40 67 73 66 99 
77 78 66 65 94 95  5 10 
22 93 75 43 92 62 
22  1 61 75 76 19 
55 84 57 30 33 85 
58 57  4  3 65 10 15 
 3 71 94 60 10 64 
67 78 59 60 99  5 98 
76 78 75 40 59 66 
37 20 36 69 31 25 
36 68 85 25 12 84 
 0 56 21 74 47 24 
16  3 65 94 42 72  9 
42 71  9 26 12 25 
59 91 97 74 48 99 
47 48 70 97 96 21 73 
43 40 67 76 61 62 
67 78 75 62  7 19 
95 83  7 78 60 
67 76 66  7 77 60 
53 35  8 81 80 
79 81  0 24  8 82 
53 83 79  7 80 82 19 
80 81  1  0 19 
53 50 95 77 81  7 
12 52 69 55 63 85 
33 63 36 84 69 
15 39 14 29 87 88 
29 86 88 28 
39 38 86 87 28 
37 20 90 23 93 
20 49 89 93 22 
27 13 40 97 59 73 
32 23 93 61 43  2 
89 90 92 23 22 61 
65 71  9 95 60 
50 83 77  9 94 60 
21 27 97 74 
27 96 91 74 73 
 5 14 29 99 66 
66 59 29 48 73 98 
