69 23 80  1 48 78 55 
21 61 80  0 48 18 
31 44 33 42 90 
64 70 11  4 15 63 
29 56  3 11  6 63 
14 96 10 59 65 
29  4 11 44 43 16 
76 66 79 81 18 75 74 
77 78 34 46 27 23 
71 70 92 25 49 93 
63 99 64 14 59  5 
31 40 44  3  4  6 15 
51 82 71 25 50 24 68 
33 26 89 39 42 
28 96 10 99 98 84  5 
41 40 70  3 11 
 6 43 29 17 32 
45 20 26 43 16 32 
 1 61 80 79  7 74 
67 30 48 88 87 36 
26 94 73 69 55 45 17 
 1 61 91 88 48 60 
90 31 40 87 91 36 
46 69  0 78  8 
67 68 41 71 36 12 
71 12 50 53 49  9 
94 20 33 13 89 43 95 17 
46  8 34 37 86 85 
97 47 96 14 84 85 
56  4  6 62 16 32 
67 35 55 48 19 45 
 2 44 11 40 90 22 
35 45 17 16 62 29 83 
 2 44 13 26 43 42 
52 53 77 37 27  8 50 
45 30 67 68 32 83 
41 24 67 40 19 87 22 
38 51 86 27 34 50 
54 51 37 86 84 98 57 
58 89 13 42 66 74 
31 11 22 15 41 36 
70 71 24 15 40 36 
13 39 33  2 90 60 74 
33 44 26  6 16 17 
31  2 33 43 11  6 
55 20 30 35 17 32 
73 47 69 27  8 23 85 
97 28 46 73 72 85 
 1  0 21 88 55 30 19 
25 53 52 81 93  9 
25 53 37 51 12 34 
38 54 37 82 12 50 
49 53 81 79 77 34 
50 25 49 52 34 
38 51 82 56 62 57 
69  0 20 45 30 48 
29  4 62 54 63 57 
56 54 38 98 99 63 
97 72 89 39 66 65 
10 64 92 93  5 75 76 65 
21 61 91 90 42 74 
21  1 60 18 74 
29 56 54 82 32 83 
10 99 64  3 57 56  4 
63 10 92 70  3 59 
59 76  5 96 97 58 66 
58 39 76  7 74 65 
35 68 30 24 19 36 
35 83 67 82 24 12 
73 46 20 23  0 55 
92 64  3 15 41 71  9 
25 12 41 70 24  9 
97 58 47 73 89 95 
46 47 69 20 94 72 95 
18  7 66 61 39 60 42 
59 93 76 81  7 
66  7 75 59 65 
78  8 79 52 34 
23  8  0 80 77 79 
 7 81 18 52 77 80 78 
 1  0 78 18 79 
49 93 52  7 79 75 
54 62 12 68 51 83 
32 62 35 82 68 
38 86 98 14 28 85 
46 47 27 28 86 84 
38 37 27 84 85 
91 88 22 19 36 
21 91 87 48 19 
13 26 72 58 39 95 
31  2 60 91 42 22 
21 88 87 60 90 22 
70 64 59 93  9 
92 59 81 49 75  9 
26 20 73 95 
89 72 73 94 26 
28 97 14  5 65 
28 47 96 72 58 65 
14 99 38 84 57 
10 63 14 98 57 
