76  1 45 51 65 21 74 
76  0 19 57 17 45 
29 41 86 31 39 
 4 59 60 66 14 10 
59  3 52 27 10  6 
55 72  9 13 92 61 
40 41 27  4 10 15 
43 21 25 74 73 32 
49 23 67 66 88 89 
55 60  5 13 95 59 
 4  3 14 29 41 37  6 
46 23 67 22 64 78 47 
31 24 39 36 85 
 5  9 92 95 26 80 94 
37 38 66  3 10 
30 27  6 40 16 
24 90 42 40 30 15 
70 57  1 76 99 98 75 
63 28 45 84 83 34 
56 57  1 87 84 45 
87 86 83 29 37 34 
65  0 43 74  7 
67 38 11 63 34 64 
 8 49 67 46 11 
91 90 31 12 16 85 40 
81 43 82 35 32  7 
92 13 80 81 44 93 
 4 52 58 30  6 15 
51 45 18 63 33 42 
86 20 37  2 41 10 
79 58 27 42 16 33 15 
12 24 39  2 41 40 
 7 73 48 49 46 35 25 
64 79 42 28 63 30 
63 22 38 18 83 37 20 
96 47 46 32 82 25 
62 54 70 12 39 85 
14 38 29 20 34 10 
67 22 37 14 66 34 
12 31 36 70 56 86  2 
31 41 24 16  6 15 
29  2 31 10 40  6 
16 90 51 28 33 30 
69 44 65 21 81 25  7 
43 69 68 93 81 26 
 1  0 19 84 51 28 18 
49 23 11 32 35 47 
11 46 35 96 97 78 50 
75 73 89 49 77 32 
 8 23 46 89 48 32 
52 53 58 97 78 47 
45  0 65 90 42 28 
59  4 27 58 50 53 
52 50 97 95 59 94 
62 36 61 93 68 85 
88 60  9  5 72 71 
19 57 70 39 87 86 
56 19 70 17  1 
79 78 27 52 50 30 
 4  3 95  9 53 60 52 
55 88  9 66  3 59 
62 54 72  5 92 93 
54 36 70 99 72 61 
18 28 33 34 22 64 
11 22 78 63 79 33 
69 90 21  0 43 51 
88 60  3 14  8 67 38 
 8 23 66 38 22 11 
69 44 91 93 54 85 
91 90 65 43 44 68 
56 57 17 62 36 39 99 
98 72 55 88 89 77 
55  5 98 71 99 62 61 
48 75 74  7 32 
 7 21 76  0 73 75 
17 76 98 48 73 77 74 
 1  0 17 75 74 
75 98 48 71 89 
58 79 64 50 47 11 
58 78 64 33 30 
26 13 81 82 96 94 
43 44 26 80 82 25 
80 96 35 81 25 
87 84 20 18 34 
19 87 45 83 18 
68 91 24 12 54 36 
87 20 39 56 29  2 
19 56 84 86 20 83 
55 60 71 66  8 89 
48 49  8 88 71 77 
24 91 69 16 65 42 51 
24 90 69 68 85 
 5 13 61 93 26 
68 54 61 92 44 26 
95 13 80 53 97 96 
 9 13 59 53 94 
35 47 97 82 80 94 
96 47 50 53 94 
71 72 99 17 75 77 
17 98 70 62 72 
