73 74  1 44 50 64 21 
19 56 17 74  0 44 
30 40 28 84 38 
 4 58 10 14 59 65 
51 58  3 10  6 
 9 54 71 60 90 13 
15 39 40 51  4 10 
72 73 21 42 31 25 
66 23 48 87 86 65 
59 58 54 93  5 13 
28 40  4  3 14  6 36 
45 46 23 76 63 66 22 
24 30 38 35 83 
 5 90 92 93  9 78 26 
10  3 36 65 37 
16 39 57 51  6 29 
15 39 88 41 24 29 
74 98 69 56  1 96 97 
33 62 27 44 82 81 
55 56 44 82  1 85 
84 28 33 81 85 36 
 0 73 64 42  7 
62 33 63 37 11 66 
45 11 66 48  8 
16 88 30 39 12 89 83 
31  7 79 80 42 34 
79 78 43 91 90 13 
62 18 32 41 44 50 
40  2 10 84 20 36 
57 15 77 16 41 32 
40 39  2 38 24 12 
72  7 34 45 25 47 48 
63 62 77 27 41 29 
62 18 81 20 36 22 37 
31 45 94 80 25 46 
38 69 12 61 53 83 
28 10 14 20 33 37 
22 33 36 14 65 66 
30  2 69 35 55 84 12 
40 30 16 15  6 24 
30 39  2 28 10  6 
88 50 27 16 32 29 
21 64  7 68 43 79 25 
68 67 42 79 91 26 
82 18 27 19  1  0 50 
34 46 11 23 31 48 
95 49 94 11 45 76 34 
99 72 31 75 87 48 
45 31 47 23 87  8 
46 95 76 57 51 52 
88 41 64  0 44 27 
52 58  4 15 57 49  6 
51 58 95 49 93 92 
67 91 61 35 83 60 
59 86  9 70 71  5 
69 56 38 84 19 85 
17 69 55 19  1 
15 51 49 76 77 29 
59  3  4 51  9 52 93 
65 86 54  3 58  9 
53 91 90 61 71  5 
69 35 53 97 71 60 
33 18 27 32 63 22 
32 77 62 76 22 11 
50 88  0 21 42 68 
59 86 66 37  3  8 14 
65 37 11 23  8 22 
53 91 43 68 89 83 
88 64 42 43 67 89 
17 56 55 38 35 61 97 
54 71 96 75 87 86 
70 54 96 97 61  5 60 
99 73  7 31 47 
72 99 74  0  7 21 
17 98 99 73  0  1 
99 98 47 87 96 70 
63 11 49 57 77 46 
63 76 57 32 29 
94 80 79 26 92 13 
78 80 43 42 26 25 
78 94 79 25 34 
82 18 33 20 85 
44 18 19 81 85 
89 67 53 12 24 35 
28 20  2 38 55 85 
84 55 19 20 81 82 
65 59 54 87  8 70 
75 47 48  8 86 70 
50 41 64 16 24 68 89 
68 67 24 88 83 
26 91 60  5 13 
67 53 43 26 90 60 
52 95 93 94 78 13 
 9 58 52 92 13 
95 46 78 80 34 92 
46 49 94 52 92 
17 98 75 70 71 97 
96 71 61 69 17 
17 74 99 96 75 
72 73 74 98 47 75 
