43 49 62 21  1 71 72 
43  0 19 54 72 17 
40 28 82 30 38 
 4 56 57 63 14 10 
 3 56 10  6 99 98 
 9 52 69 58 13 88 
40 39  4 10 99 15 
70 31 42 21 25 71 
84 63 85 47 23 64 
 5 52 57 13 91 56 
14 36 28  3  4 40  6 
44 23 45 74 61 22 64 
81 35 24 30 38 
 5  9 91 76 26 90 88 
37 36 63  3 10 
39 16 29  6 99 55 
24 86 39 41 29 15 
94 93 54 67  1 72 95 
79 33 27 43 80 60 
80 43  1 54 53 83 
82 28 36 33 79 83 
 0 62 42  7 71 
33 37 60 64 11 61 
44 11  8 47 64 
12 30 81 87 86 16 39 
78 77 42  7 31 34 
77 89 76 13 88 
43 18 49 41 32 60 
10 36 40 20 82  2 
41 32 16 15 55 75 
12 24 39 40  2 38 
44 34  7 70 25 47 46 
41 27 29 60 61 75 
79 18 37 36 22 20 60 
25 31 78 44 45 92 
67 59 51 81 12 38 
14 37 33 10 28 20 
14 36 33 63 22 64 
67 35 53 12 30  2 82 
24 30 16 40  6 15 
39 30  6 10 28  2 
49 27 86 32 29 16 
 7 21 62 66 25 77 65 
49  0 27 18 80 19  1 
11 23 45 34 31 47 
74 11 44 34 48 97 92 
31 70 47 96 73 85 
 8 85 23 44 31 46 
50 98 55 74 45 97 
 0 62 86 43 27 41 
56 91 48 97 90 98 
58 89 59 35 81 65 
68 84  9  5 57 69 
54 19 67 83 82 38 
 1 19 53 67 17 
15 29 99 98 48 74 75 
91  9 57  3 50  4 98 
 9 52 84 63  3 56 
51 89 59 69  5 88 
67 35 51 58 94 69 
27 18 32 33 22 61 
11 22 60 75 74 32 
21  0 49 86 66 42 
84  8 57  3 14 37 64 
37 22 11 23  8 63 
77 89 66 87 42 81 51 
86 62 87 42 65 
59 35 94 53 54 17 38 
84 52 85 73 93 69 
68 52  5 93 58 94 59 
71  7 31 96 46 
21  0  7 70 72 96 
 1  0 71 17 96 95 
68 93 85 96 46 95 
61 11 45 48 55 75 
74 55 32 29 61 
78 77 26 13 90 92 
26 89 78 25 42 76 65 
25 77 34 76 92 
33 18 80 20 83 
43 18 19 79 83 
12 35 51 24 87 65 
20 28  2 83 53 38 
20 79 82 80 19 53 
68 52 85  8 63 57 
84 68 73  8 47 46 
24 87 16 49 62 66 41 
24 81 86 66 65 
13  5 26 58 89 
51 58 26 77 65 88 
13 91 76 97 92 50 
13  9 90 56 50 
34 78 76 45 97 90 
73 68 69 94 17 95 
59 67 69 93 17 
17 72 96 93 73 
71 70 72 46 73 95 
48 45 92 90 50 
50 48 56  4 99 55 
 4  6 15 98 55 
