70  1 43 69 21 60 48 
17 53 70  0 43 19 
30 40 28 80 38 
 4 10 14 61 55 98 
 6 10  3 96 55 97 
51 67 13  9 86 56 
40 10  4 39 15 97 
69 21 42 25 31 68 
83 46 23 62 61 82 
51 99 55 89 13  5 98 
28 40  6  4  3 14 36 
62 23 22 44 72 59 
30 24 38 35 79 
89 88  9  5 74 26 86 
 3 10 61 36 37 
29 54 16  6 39 97 
29 41 84 24 15 39 
65 53  1 70 93 92 91 
58 27 43 78 33 77 
 1 43 52 53 81 78 
80 28 81 36 33 77 
69  0  7 60 42 
33 58 59 37 62 11 
34 46 62 11  8 44 
30 12 85 84 16 39 79 
76 34 75 42  7 31 
75 87 74 13 86 
48 41 43 32 58 18 
40 10  2 80 20 36 
54 15 32 41 16 73 
40  2 12 24 38 39 
68  7 45 46 34 25 
29 41 73 59 58 27 
36 20 37 18 58 22 77 
76 25 90 44 23 31 46 
65 57 12 38 79 50 
28 20 10 14 37 33 
61 14 62 36 33 22 
80  2 52 30 12 35 65 
30 40  6 15 16 24 
30  2 28 10  6 39 
32 29 16 84 27 48 
 7 21 60 64 75 63 25 
 1  0 19 78 27 48 18 
90 34 23 72 47 11 95 
68 94 31 46 83 71 
45 31 34 83  8 23 
72 44 54 96 95 49 
43  0 60 27 41 84 
89 88 95 96 55 47 
79 63 87 35 57 56 
66 67 99  9  5 82 
65 53 19 38 80 81 
65 52 17  1 19 
29 15 47 96 72 73 97 
96  4 89  9  3 49 98 
50 87 86 57 67  5 
65 35 92 67 50 56 
32 27 59 18 33 22 
72 11 73 32 58 22 
 0 21 64 84 42 48 
62  8  3 14 37 82 99 98 
23 11  8 61 37 22 
85 79 64 87 75 42 50 
85 84 63 60 42 
52 53 17 57 35 38 92 
51 67 91 83 82 71 
66 51 57 92  5 91 56 
69 94  7 31 45 
70  0 94 21  7 68 
17  1  0 69 94 93 
91 66 93 83 45 94 
11 59 44 47 54 73 
32 29 54 72 59 
75 26 76 13 88 90 
87 63 26 76 25 42 74 
34 25 90 75 74 
33 20 18 78 81 
19 43 81 18 77 
12 24 85 35 63 50 
28 20  2 38 52 81 
80 20 52 19 78 77 
83 66 51 99 61  8 
46  8 45 82 66 71 
24 85 41 16 64 60 48 
24 84 79 63 64 
87 26 13  5 56 
75 63 26 50 86 56 
13 89 74 90 95 49 
13 88 55  9 49 
76 34 44 74 88 95 
66 67 92 93 17 71 
57 67 17 65 91 
70 94 17 91 71 
70 69 68 45 93 71 
44 47 90 88 49 
47 49 54 55  4 97 
54 15 96  6  4 
61 99  3 55  9 
51  9 82 61 98 
