24  4 58 73 27 46 
52 19 21 36 16 
97 57 71 80 14 77 62 
 5 67  6 24 13 46 
35 58 24 48 51  0 
 6 38 32 67 95  3 34 
 5 38 12  3 13 
33 52 16 96 40 29 
97 65 19 21 86 57 
18 10 51 48 68 31 
 9 51 78 18 91 79 69 
65 19 82 61 28 39 
15 38  6 20 13 66 
12  6  3 46 64 66 39 
80  2 81 75 15 20 62 
76 38 75 14 12 20 
 1 36 88 52  7 96 34 
94 42 71 23 22 77 93 
59 91 10  9 31 98 
52  1 21  8 65 82 11 
15 14 12 62 28 66 
 1 36 19  8 86 85 30 
23 17 45 49 77 25 
17 22 74 73 93 25 
48  4  3 67  0 68 46 
23 22 45 74 44 26 56 
56 25 44 55 99 59 
64 63 47 73  0 46 
11 65 62 20 66 39 
 7 96 40 95 32 31 98 
54 36 53 21 85 83 70 
18  9 68 32 29 98 
67  5 95 68 31 29 
82 52 60 55  7 40 
96 95 88 87 16  5 38 
94 42 43 78 58  4 51 
21  1 16 88 54 30 
92 70 83 45 44 84 
34  5 15 76  6 87 12 
61 11 28 66 64 63 13 
 7 33 55 99 29 98 
75 50 89 76 90 53 54 
17 94 35 43 72 71 
35 78 42 72 50 89 79 
92 91 25 45 26 59 37 
22 49 84 25 44 37 
 3 24  0 13 64 27 
55 56 60 63 74 27 73 
24  4 51  9 68 
57 84 45 22 77 
72 43 89 81 41 75 
35 78  4 10  9 48 
 1 19 82 33 16  7 
90 70 41 54 30 
88 36 87 76 41 53 30 
26 99 56 60 33 47 40 
74 25 26 55 47 
84 49 86 97  2  8 77 
93 73 94 35  4  0 
26 99 44 91 18 98 
55 33 82 61 63 47 
11 82 60 63 39 
20 14 97  2 28 65 
64 27 60 61 47 39 
27 63 13 46 39 
 8 97 19 11 28 62 
13 12 20 28 39 
 5 32  3 24 68 
32 67 24 48  9 31 
10 91 79 70 90 92 
90 69 53 92 30 83 37 
17 42 72 80  2 77 
43 42 50 71 80 81 
74 23 93 58 47 27  0 
25 23 73 56 47 
15 76 41 81 14 50 
75 41 15 38 87 54 
71 17 22 49 57  2 
43 35 51 79 10 
89 43 78 10 69 90 
71 72  2 14 81 
72 50 80 14 75 
52 19 33 11 60 61 
85 84 30 70 37 
57 49 86 85 45 83 37 
84 86 21 83 30 
 8 21 84 57 85 
38 76 54 88 34 
16 36 54 87 34 
50 41 43 79 90 
70 69 79 89 53 41 
10 18 69 92 44 59 
70 69 91 44 37 
17 94 23 58 73 
17 42 35 58 93 
32  5 34 96 29 
 7 16 34 95 29 
 8 65 57  2 62 
29 31 18 40 99 59 
55 26 59 40 98 
