45 57 40  1 18 66 67 
 0 40 16 50 14 67 
76 35 27 37 25 
48 64 53 82  7 10 
37  8 36 12 93 98 99 
18 39 22 28 65 66 
43 79 59 58 20 78 
10 85 52 94 95 48  3 
37  4 96 97 11 33 25 99 
20 59 41 69 56 19 
70 23 82 84 85  7  3 
33 34 58 97  8 
13 26 36  4 51 93 
12 26 36 38 80 21 
62 50  1 67 89 88 87 
24 55 74 73 40 30 
50 49 77 74 40  1 
30 73 33 77 76 25 
 5 39 66 57  0 
 9 59 56 34 30 55 
59  9 43 31  6 41 
13 80 81 36 27 75 
 5 39 28 72 71 
71 83 70 10 82 
45 38 40 29 55 15 
37  8 17 76  2 33 
12 13 38 29 51 69 
37 36 75 32 35 21  2 
22 72 31 65  5 42 43 
38 26 24 69 56 55 
33 34 17 73 19 55 15 
20 43 28 72 86 41 
35 62 54 75 27 47 
30 34 11  8 17 25 
58 59 30 33 11 19 
62 32 49 76 27  2 
13 12  4 37 27 21 
 4  8 36 27  2 25 
13 80 26 29 24 45 
 5 18 22 71 60 61 57 
16 74 45  0  1 24 15 
86 31 20  9 69 91 44 
90 68 79 43 28 65 
31 28  6 79 20 42 
46 92 51 69 41 91 
38 80 24 57  0 40 
85 52 92 84 91 44 
83 53 54 32 75 60 
63 64 95 78  7  3 
50 62 16 77 35 76 
62 14 49 16  1 
44 92 12 26 69 93 
85 46 92 98 99 96 94  7 
54 64 82 83 47  3 
62 32 64 53 47 88 
19 30 56 29 24 15 
69  9 19 55 29 
18 39 61 80 45  0 
 6 59 11 97 94 78 34 95 
 6 58 20  9 34 19 
71 39 83 61 81 75 47 
60 39 81 80 57 
50 14 49 35 32 54 88 
87 64 68 79 78 48 
54 53 88 87 63 48  3 
66  5 90 28 42 
18  0  5 67 90 65 
66  0  1 90 89 14 
89 90 87 63 79 42 
41  9 44 51 29 26 56 
71 23 72 10 86 84 
22 39 83 23 70 60 72 
28 22 31 71 70 86 
74 77 17 30 15 
77 73 16 40 15 
81 60 27 32 47 21 
77 49 35 17  2 25 
74 73 16 49 76 17 
 6 58 79 95 63 48 
43  6 78 63 68 42 
38 13 45 81 61 57 21 
61 80 60 75 21 
10 23 83 53  3 
71 23 60 82 53 47 
86 70 85 46 10 91 
52 46 84 10  7 
70 72 31 84 41 91 
88 64 89 68 14 63 
62 14 54 64 87 
90 68 67 14 87 
89 68 67 66 42 65 
41 86 84 46 44 
46 52 44 51 98 93 
51 92 12  4 98 
97 58 96 52 95  7 
94 58 78 48  7 
94 97 52  8 99 
94 58 96  8 11 
52 92 93  4 99 
96 52 98  8  4 
