64 65 18 55 44 39  1 
49 16  0 65 14 39 
35 74 25 36 27 
10 80 52 62 47  7 
97  8 96 36 99 12 91 
18 38 64 63 28 22 
57 56 20 42 77 76 
10 83  3 47 92 93 51 
33 25 11 95  4 97 36 94 
57 20 40 19 54 67 
23 68 80  3 82 83  7 
33  8 34 95 56 
26 50 13 98 99  4 91 
26 37 78 12 98 21 
86 85 60 87 65 49  1 
39 24 72 53 71 30 
75 48 49 72 39  1 
33 30 25 74 75 71 
 5 38 64 55  0 
57  9 54 34 30 53 
57  9  6 40 31 42 
13 78 98 79 73 27 
28  5 38 69 70 
69 68 81 80 10 
53 29 37 44 39 15 
17 74 33  8  2 36 
67 50 13 37 29 12 
35 32 73  2 21 98 36 99 
 5 63 41 42 31 22 70 
26 37 67 54 53 24 
17 33 34 19 53 71 15 
42 28 20 40 84 70 
60 86 35 52 46 73 27 
17 30 34 25  8 11 
33 30 19 57 11 56 
48 74 60 32  2 27 
25  8  4  2 27 99 
26 13 78 29 44 24 
 5 18 55 22 69 59 58 
24 44  0 72 16  1 15 
20 31  9 84 89 67 43 
66 88 77 63 28 42 
77 41 20 31  6 28 
67 40 89 50 90 45 
78 37 55 24  0 39 
82 89 83 51 90 43 
52 81 32 58 73 
61 62  3 76 93  7 
35 74 75 60 16 49 
16 48 60 14  1 
26 67 43 90 12 91 
94 97 92  7 83 45 90 96 
46 81 80 32 86 62  3 
54 29 24 19 30 15 
53 29 19  9 67 
18 38 59 78 44  0 
 6 57 34 11 92 93 76 95 
19  9 34  6 56 20 
46 81 59 38 69 73 79 
55 38 58 78 79 
14 86 35 48 32 49 
66 77 62 85 76 47 
86 85 61 52  3 47 
 5 28 88 41 64 
 5 18 65 88 63  0 
87 88 14 64  0  1 
88 41 77 87 85 61 
26 50  9 54 40 43 29 
69 23 10 82 84 70 
23 68 81 22 38 70 58 
22 28 31 84 68 69 
17 30 75 72 15 
71 75 16 39 15 
58 46 32 79 21 27 
48 35 25 17 75  2 
48 74 17 71 16 72 
61 77  6 56 93 47 
66 41 61 42  6 76 
59 55 13 37 44 21 79 
58 59 73 21 78 
23 81 10 52  3 
23 69 80 46 52 58 
10 68 83 84 89 45 
82 10  7 51 45 
82 68 89 40 31 70 
62 86 14 87 66 61 
62 85 14 60 32 52 
66 85 88 14 65 
66 41 87 65 64 63 
84 82 40 45 43 
51 96 43 50 45 91 
12  4 90 96 50 
93 56  7 51 94 95 
92 56 76 47  7 
95  8 97 51 92 
11  8 56 92 94 
90 51 97  4 91 
 4  8 96 51 94 
13 12 21 27 99 
12 98  4 36 27 
