61 60 18  1 37 52 41 
37 16  0 61 46 14 
34 25 70 96 27 97 95 
44 58 49 76  7 10 
93 34 95 12 92 87 
28 22 18 60 36 59 
72 53 73 39 20 54 
88 89 44 48  3 10 79 
32 25 34 11 91 93 90 
54 20 30 19 51 85 40 63 
23 76  3  7 78 64 79 
 8 91 32 33 53 
94 13 26  4 95 47 87 
94 12 21 35 74 26 
61 83 81  1 46 57 82 
37 68 24 67 29 50 
71 68 46 45 37  1 
32 25 29 70 71 67 
 0 52 60  5 36 
 9 51 54 33 29 50 
30  9  6 39 54 
75 74 69 27 94 13 
28  5 66 65 36 
76 77 65 10 64 
37 15 41 35 50 26 
 8 32 34  2 17 70 
13 12 35 24 50 63 47 
69 31 21  2 96 94 95 
38 39  5 22 66 30 59 
17 32 67 15 33 19 50 
28 39 20 66  9 80 85 
69 27 49 43 96 57 82 
 8 25 17 29 11 33 
19 54 29 32 11 53 
 8 25  2 93  4 95 
41 24 74 13 26 
65 22 56 55  5 18 52 
16 68 15 24  1  0 41 
39 28 73 62 59 84 
 6 20 38 28 73 30 
63  9 47 86 85 42 
 0 52 35 24 74 37 
48 86 40 78 79 85 
49 31 77 69 55 
58 98  7 89 99 72  3 
46 16 71 57 70 97 
45 16 57  1 14 
26 12 63 40 86 87 
88  7 90 86 42 79 92 
76 77 43 31 82 58  3 
15 29 19 51 24 26 63 
19  9 50 63 
74 56  0 41 18 36 
91 89 72  6 11 33 54 
33 19  9 20  6 53 
75 69 56 77 65 43 36 
74 52 75 55 36 
45 46 96 31 14 82 97 
81 98 44 82 49  3 
 5 60 38 28 84 
61  0 18  5 59 84 
 0 60  1 14 83 84 
38 73 81 98 83 99 84 
26 50 47 40  9 51 
66 65 23 80 78 10 
77 55 66 22 36 23 64 
28 22 65 30 80 64 
17 29 15 68 71 
16 71 37 15 67 
27 31 75 55 43 21 
 2 25 17 71 45 97 
16 68 45 70 17 67 
89 53  6 73 99 44 
 6 72 38 39 62 99 
56 52 75 41 35 21 13 
69 55 56 74 21 
77 49 23 10  3 
76 49 65 55 43 23 
80 64 10 79 42 85 
 7 10 48 78 42 
30 66 64 78 85 
58 98 62 83 14 82 
58 49 81 31 57 14 
62 81 14 61 84 
62 83 59 60 38 61 
80 30  9 40 42 78 
47 40 92 48 87 42 
92  4 86 47 12 
 7 89 91 90 48 
91 53 72 88  7 44 
88 48 91  8 93 92 
89 53  8 90 11 88 
93  4 86 48 90 87 
 8 34  4 90 92 
21 27 13 12 95 
 4 12 94 34  2 27 
 2 27 31 57 97 
70 45 57 96  2 
58 81 62 99 44 
72 73 62 98 44 
