 1 36 18 59 51 40 60 
36 16  0 45 14 60 
98 25 69 95 94 27 93 
48 57 74 43  7 10 
91 98 93 12 85 90 
18 59 28 22 35 58 
71 61 53 52 37 20 38 
43  3 87 10 86 47 77 
32 25 11 89 99 91 88 
53 20 83 39 30 62 50 19 
63 23 74  3  7 77 76 
52 89 33 32  8 
13 26 92  4 93 85 46 
21 72 26 12 92 34 
81 79 80  1 45 56 60 
66 67 36 24 49 29 
70 67 45 44 36  1 
32 25 69 70 66 29 
35 51  0 59  5 
49 50 53 33  9 29 
 9 53  6 30 38 
73 72 68 27 92 13 
64 35 65 28  5 
75 74 64 63 10 
49 26 34 40 36 15 
98 99  2 32 17 69  8 
24 49 13 12 34 62 46 
68 31 21 92 94  2 93 
38 37 65 22  5 30 58 
15 66 19 33 49 32 17 
28 38 20 65 78 83  9 
68 27 48 42 80 56 94 
11 33 17 25  8 29 
11 52 32 53 19 29 
40 72 24 13 26 
64 54 22 55 51 18  5 
16 67  1  0 40 24 15 
58 28  6 61 82 38 
37  6 20 28 30 
46 62 84 41  9 83 
72 51  0 36 24 34 
84 47 83 39 77 76 
48 31 75 68 54 
97 71 87 96  7  3 57 
45 16 70 56 69 95 
44 16 56  1 14 
26 12 85 62 84 39 
90 84 41 88  7 86 77 
 3 57 74 75 42 31 80 
26 24 62 50 19 15 29 
62 49  9 19 
40 72 55 35 18  0 
53 33  6 71 87 89 11 
33 52  6  9 19 20 
64 35 75 73 68 55 42 
72 51 73 35 54 
44 45 80 31 95 94 14 
 3 48 79 96 80 43 
82 59 37 28  5 
58 82  5 18  0 60 
14 81  1 82 59  0 
 6 71 96 79 37 82 97 81 
26 49 50  9 46 39 
64 23 65 78 10 76 
35 54 75 23 22 63 65 
64 22 63 78 28 30 
70 67 17 15 29 
16 70 36 66 15 
27 31 73 54 42 21 
44 70  2 25 17 95 
16 67 44 69 17 66 
 6 61 52 97 87 43 
40 51 55 73 21 13 34 
68 54 55 72 21 
 3 48 75 23 10 
74 48 23 64 54 42 
77 41 83 78 63 10 
41 47  7 10 76 
65 63 30 83 76 
96 57 61 80 81 14 
48 57 79 31 56 14 
79 61 82 14 60 
58 59 37 61 81 60 
39  9 30 78 41 76 
46 85 90 47 41 39 
 4 12 46 84 90 
 7 47 88 87 89 
71 52 43  7 86 89 
47 86 89  8 91 90 
87 52 86 88  8 11 
88 91 47 84 85  4 
 8 99 98  4 88 90 
21 27 13 12 93 
 4 12 92 98  2 27 
56 31 95 27  2 
44 56 69  2 94 
79 57 61 97 43 
71 61 96 43 
99 25  2 91  4 93 
98 25  8 91 
