58 18 35  1 50 39 59 
44 14 35  0 59 16 
97 24 68 26 91 93 96 92 
10 73  7 42 56 47 
83 88 91 12 89 96 
21 27 34 18 58 57 
36 37 60 19 52 51 70 
10 76 84 85 42  3 
97 24 11 87 86 31 89 
19 29 52 98 38 49 61 
62 75 76 22 73  7  3 
51 87 32  8 31 
13 25 45 90 91 83  4 
20 71 25 12 33 90 
80 78 44  1 55 59 79 
48 23 35 66 28 65 
69 43 44 66  1 35 
68 24 69 31 28 65 
34  5 58 50  0 
 6 37 29  9 52 
13 71 72 90 26 67 
64 27 63  5 34 
74 73 10 62 63 
15 48 25 33 39 35 
 2 97  8 68 17 31 
13 12 33 23 45 61 48 
 2 91 90 20 67 30 92 
64 29 37 36 21  5 57 
48 15 31 32 17 99 65 
19  9 64 27 77 37 38 
67 26 41 92 55 47 79 
 8 24 17 11 32 28 
51 52 11 31 28 99 98 
13 71 25 23 39 
21 63 53  5 18 54 50 
39 23 15 66  0  1 16 
 6 37 60 81 57 27 
 6 36 19 29 27 
77 40 29  9 82 45 61 
33 71 23 35 50  0 
77 75 38 76 46 82 
74 53 67 30 47 
85  7 70 95 94 56  3 
68 69 93 55 44 16 
 1 14 55 43 16 
25 12 83 61 38 82 
86 84 76 40 82 88 
 3 73 56 74 41 30 79 
15 23 25 28 61 49 99 
 9 61 48 99 98 
39 71 54 34 18  0 
87 85  6 52 32 70 11 
 6 51 19 32 98  9 
74 63 34 72 67 54 41 
72 53 34 71 50 
93 43 44 14 92 30 79 
94 78 42  3 47 79 
36 81 27  5 58 
81 57  5 18  0 59 
58 81 80  0  1 14 
36  6 81 95 78 80 70 
45 25 38  9 49 48 
64 63 77 75 10 22 
64 21 62 53 74 34 22 
29 27 77 21 63 62 
28 17 69 66 15 
15 35 16 69 65 
72 53 26 30 20 41 
69 43  2 24 17 93 
68 43 17 16 66 65 
85 42 95 51  6 60 
13 20 33 72 39 54 50 
20 71 67 53 54 
22 74 10  3 47 
53 63 22 73 41 47 
40 77 62 76 10 
46 84 40 75 10  7 
40 75 64 29 62 38 
95 60 80 14 94 56 79 
47 56 78 55 30 14 
78 14 60 81 59 
36 57 60 58 80 59 
83 45 38 40 88 46 
45 12  4 88 82 
86 46 76 87 85  7 
87 51 84  7 42 70 
46 84 88 87  8 89 
85 51 86 84  8 11 
 4 83 46 86 82 89 
 4 88 86  8 97 96 
13 12 91 20 26 
90 12  4  2 26 96 
55 30 93 26  2 
68 43  2 55 92 
95 78 56 42 
78 60 70 42 94 
 4 91  2 97 89 
 2 24  8 89 96 
 9 49 99 52 32 
48 49 28 32 98 
