58  1 35 57 39 49 18 
 0 58 14 35 16 43 
90 26 89 94 24 67 91 
41 55 46 72  7 10 
89 12 94 82 95 87 
27 56 21 57 18 34 
50 51 69 36 37 19 59 
84 83 75 10 41  3 
24 31 95 11 86 85 
48 60 38 19 51 29 96 
75 74  7 22 72 61  3 
32 31  8 86 50 
44 25 89  4 13 82 88 
25 33 12 88 20 70 
58  1 78 54 79 77 43 
65 35 64 28 47 23 
35  1 65 68 42 43 
28 31 64 24 67 68 
49  0  5 57 34 
 9 51  6 37 29 
26 66 71 13 88 70 
63 62 27  5 34 
10 72 73 62 61 
25 47 33 15 39 35 
17 67 94  2  8 31 95 
44 12 60 47 23 33 13 
90  2 30 66 20 89 88 
21 63 36 56  5 29 37 
97 47 17 31 64 32 15 
38  9 76 19 63 27 37 
54 78 90 26 99 66 46 
28 17 24  8 32 11 
96 97 28 31 51 50 11 
23 25 13 39 70 
 5 21 62 18 52 53 49 
 0  1 39 65 15 23 16 
56 80 27 37  6 59 
36 27  6 19 29 
81 44 60  9 40 76 29 
 0 35 23 33 49 70 
45 81 38 75 74 76 
84 69 93  7 92 55  3 
91 54 67 68 16 43 
14 54 42 16  1 
81 38 12 25 60 82 
83 85 40 81 75 87 
55 78 99 30 73 72  3 
97 48 28 60 25 15 23 
97 47 96 60  9 
18  0 39 70 53 34 
84 69 32 51 11  6 86 
32 50  6 19  9 96 
66 98 71 73 62 53 34 
71 52 49 70 34 
78 30 14 90 91 42 43 
77 78 92 41 46  3 
36 80 57  5 27 
58  0 56  5 80 18 
 0  1 14 79 80 57 
36 80 79  6 93 92 69 77 
25 47 48 44 38  9 
10 74 22 76 63 62 
73 52 22 63 21 61 34 
21 62 27 61 76 29 
17 28 65 68 15 
68 64 15 35 16 
26 20 99 30 98 52 71 
24 17  2 91 68 42 
65 64 17 67 42 16 
50 84  6 59 93 41 
49 53 71 39 33 20 13 
66 20 52 53 70 
10 22 73 46  3 
62 52 98 99 22 72 46 
10 75 40 76 61 
10 74  7 40 45 83 
40 38 74 61 63 29 
55 78 92 14 79 59 
54 30 14 77 55 46 
58 80 14 77 59 
56 36 79 58 57 59 
44 38 40 45 82 87 
44 81 12  4 87 
45 85 84  7 75 86 
83  7 50 69 86 41 
87 45 83 95  8 86 
50 11 84 83 85  8 
45 81 82  4 95 85 
13 20 26 89 12 
12  4 26  2 94 88 
26  2 54 30 91 
90 54 67  2 42 
55 77 59 93 41 
59 92 69 41 
89  4  2 24 95 
24  8 94  4 87 85 
97 48 32 51  9 
48 47 28 96 32 
66 99 52 73 
66 30 98 73 46 
