35  1 39 48 18 57 56 
16 35  0 57 42 14 
87 66 24 26 86 85 90 
71 54 10  7 98 99 
80 12 83 91 85 90 
21 34 27 55 18 56 
58 68 36 37 19 49 50 
74 10  3 99 81 82 97 
91 24 31 11 96 82 
29 19 38 50 59 92 47 
74  7  3 73 71 60 22 
32 31 49  8 82 
13 25 80  4 84 43 85 
20 69 33 25 12 84 
76 53 42 77 57  1 
23 46 35 64 28 63 
35 64  1 67 41 42 
67 66 28 31 63 24 
48 34  5  0 56 
 6 37 29  9 50 
13 69 70 65 26 84 
 5 34 27 62 61 
72 71 10 60 61 
35 39 25 46 15 33 
17 31 66  2 90 91  8 
13 12 33 23 46 43 59 
65 20 86 30 84  2 85 
36 55 37  5 21 29 62 
17 31 32 15 46 63 93 
19 37 27  9 75 38 62 
86 53 26 65 76 45 95 
28 17 32 24 11  8 
50 92 28 31 49 93 11 
13 69 25 39 23 
21  5 48 52 51 18 61 
16 64  1  0 39 23 15 
 6 58 78 37 27 55 
 6 19 36 27 29 
40 79 75 59  9 29 43 
33 69 48 23  0 35 
38 79 73 74 44 75 
67 16 66 42 53 87 
53 41 16  1 14 
25 12 80 79 38 59 
40 79 74 96 83 97 
72 71 54 76 30 95 
25 23 15 28 59 47 93 
 9 92 59 46 93 
39 69 52 34  0 18 
81 68  6 82 11 32 50 
32 49  6 19  9 92 
70 65 52 34 94 72 61 
48 34 70 69 51 
86 30 76 42 41 87 14 
 3 71 98 76 88 45 
78 36 27  5 56 
18  5 78 57  0 55 
 0  1 78 77 56 14 
89 77 68  6 36 78 
38 43 25 46 47  9 
10 73 75 22 62 61 
51 72 22 21 34 60 62 
27 21 75 60 29 61 
67 64 17 28 15 
35 16 67 15 63 
70 20 26 30 51 94 95 
67 41 17 87 24  2 
16 64 41 66 17 63 
89 58  6 49 81 99 
13 20 33 39 70 48 52 
20 69 65 52 51 
 3 54 10 72 45 22 
45 71 22 51 94 61 95 
40 74 10 60 75 
40 73 10  7 44 97 
40 38 73 60 29 62 
53 30 88 54 77 45 14 
58 89 57 78 88 76 14 
58 36 57 77 56 55 
43 80 83 44 40 38 
 4 12 83 43 79 
49 68 99  7 82 
49 11 81  8 96  7 97 
80  4 79 44 91 96 
26 20 13 12 85 
 4 12 84 26  2 90 
53 30 26 87  2 
66 41 53 86  2 
76 54 98 89 77 
58 77 68 98 88 99 
 2 24 91 85  4 
83  4 90 24 96  8 
32 50  9 47 93 
32 92 28 46 47 
51 65 72 95 
45 72 94 30 65 
91 83 97 44  8 82 
44 74 96  7 82 
 3 54 88 89 99 
 3  7 98 81 68 89 
