45 16 52 53 36 32 14 
22 61 81 89 77 78 
 8 65 50 86  6 87 
81 76 10 75 93 72 
31 19 16 24 51 52 
34 17 33 54 46 92 63 
99 85 74 73  2  8 87 
35 26 17 55 44 
65 20  2 56 67 99  6 
97 28 74 92 29 
76 11 23 40 72  3 
76 10 23 30 90 18 
70 53 79 69 49 39 
21 32 43 25 15 59 
 0 53 32 59 39 38 62 
22 28 61 25 13 59 62 
31  4 52  0 45 
34  5  7 44 26 46 82 
76 89 60 64 11 90 91 88 
 4 31 57 58 24 
66 65  8 56 57 
32 13 43 36 30 23 
81 93 15 28 61  1 96 
11 30 10 21 43 40 55 
 4 19 51 58 26 34 33 
43 13 82 29 15 28 
17 34 24 58 35  7 68 
77 49 42 84 60 88 69 
97  9 15 22 29 25 96 
82 46 92  9 28 25 
23 11 36 21 90 
47 48  4 19 16 57 45 
21 13 59 36  0 14 
 5 54 34 71 51 24 
17  5 26 33 24 
40 37 55  7 26 68 
21 30 90 32 91  0 45 
98 41 40 35 67 72 68 
78 49 61 14 39 62 
12 53 14 38 49 
23 10 72 37 55 35 
94 75 98 37 72 85 
65 50 66 84 27 69 
21 13 25 82 55 23 44 
 7 55 82 43 17 
 0 36 16 91 48 31 
17  5 82 29 92 
83 66 64 48 31 57 
91 64 47 31 45 
77 27 69 12 78 38 39 
65 42 79 86  2 69 
52 71  4 33 24 
51 71 53 16  4  0 
71 70 52  0 12 14 39 
80 70 71 33  5 63 
23 43 40 35  7 44 
 8 20 67 57 58 68 
66 20 47 56 31 19 58 
57 56 19 24 26 68 
15 13 32 14 62 
83 64 18 84 27 88 
22 15  1 38 78 62 
61 15 59 38 14 
87 80 73 54  5 92 
60 83 18 91 48 47 
42 50 66 20  8  2 
65 20 42 84 83 47 57 
98 37 56  8 99 68 
35 37 67 26 58 56 
42 27 49 79 50 12 
80 54 71 79 53 12 
70 54 53 52 51 33 
40 10 37  3 75 41 
 6 74 87 92 63 
95 85 97  9  6 73 92 
 3 93 72 94 41 
11 10 81 89 18  3 
49 27 88 89  1 78 
49 77 38 61  1 
86 50 80 70 69 12 
86 79 70 54 87 63 
76 89 22 93  3  1 
17 46 29 25 43 44 
60 64 84 66 47 
66 42 83 27 60 
94 41 98 95 74 99  6 
79 50 80  2 87 
80 86  6 73  2 63 
18 89 60 77 27 
76 81 18 88 77  1 
36 30 11 18 91 
90 36 18 64 48 45 
46  5 29  9 74 73 63 
22 81  3 75 94 96 95 
75 93 95 41 85 
97 74 96 94 93 85 
97 28 22 93 95 
 9 28 74 96 95 
41 85 37 99 67 
98 85 67  8  6 
