35 44 15 51 52 13 31 
77 60 76 86 21 79 
84  6 83  7 64 49 
79 75  9 74 71 89 
23 50 18 51 15 30 
53 32 62 97 45 16 33 
72 73 84 82  2  7 95 
19 64  2  6 95 66 55 
27 93 28 96 73 
10 75 39 71 22  3 
17 87 75 29 22  9 
78 68 69 48 38 52 
31 58 14 20 42 24 
61 58 38 37 52  0 31 
61 60 21 27 58 12 24 
 4 51  0 44 30 
80 45 43  5 33 25 34 
87 88 59 85 10 75 86 63 
56 57 23  4 30 
64 65 56  7 55 
31 12 42 35 29 22 
 1 60 14 27 79 92 89 
20 42 54 39 29 10  9 
33 32 50 25 57 18  4 
14 12 27 28 80 42 
67 57 23 33 34 16 
59 85 76 48 68 41 81 
14 21 92 93 24 28  8 
80 45 97 96 24 27  8 
10 87 35 20 22 
15  4 18 44 47 46 56 
12 58 35  0 13 20 
 5 53 23 33 70 50 
23 32 25 16  5 
67 36 39 54 43 16 25 
87 88 29 20 31  0 44 
40 71 67 34 66 94 39 
77 60 61 13 38 48 
13 37 48 11 52 
36 71 34 54 22  9 
36 71 74 94 82 90 
68 26 49 64 65 81 
54 22 80 43 20 12 24 
80 42 54 16 34 
 0 35 88 47 15 30 
97  5 16 80 28 
56 65 81 63 47 30 
63 88 46 44 30 
77 37 38 76 11 68 26 
68 78 41 64 83  2 
 4 51 70 32 23 
15  0 52  4 70 50 
51  0 38 11 69 13 70 
62 98  5 32 99 69 70 
39 22 42 43 34 
56 57 19 67 66  7 
46 65 19 55 57 18 30 
67 25 23 56 55 18 
13 61 12 31 14 
85 26 17 81 63 
37 77  1 61 21 14 
37 60 13 58 14 
53 98  5 97 84 72 96 
17 88 59 81 46 47 
41 49 65 19  7  2 
41 64 56 46 81 19 
67 36 94 95  7 55 
36 34 66 25 57 55 
78 11 49 48 26 41 
78 11 99 53 52 70 
53 69 52 51 32 50 
39 36 40 74  9  3 
 6 73 84 62 96 
 6 72 96  8 82 91 93 
40 71 90  3 89 
17 10 86 79  9  3 
 1 77 85 26 48 86 
37 60  1 76 48 
68 11 49 69 99 83 
86  1 75 21  3 89 
16 45 43 42 28 24 
59 26 41 65 46 63 
40 90  6 73 91 94 95 
78 49 99 84 98  2 
 6 72 62 98 83  2 
59 26 76 17 86 
76 85  1 17 75 79 
17 88 10 35 29 
87 17 35 63 47 44 
 3 74 79 90 21 92 91 
40 74 91 82 89 
73 93 82 92 90 89 
27 93 21 91 89 
91 73 27 92  8 
40 36 66 82 95 
66  7 94  6 82 
 8 73 72 28 97 62 
 5 45 62 28 96 
53 62 84 99 83 
69 78 53 98 83 
