34 43 15 50 51 13 31 
76 59 75 84 21 78 
63  7 48  6 82 81 
78 74  9 73 70 87 
18 30 15 49 23 50 
16 44 32 98 52 61 95 
 2  7 82 71 72 88 93 
63  2  6 92 65 19 93 54 
27 91 28 94 72 
10 74 38 70 22  3 
17 85 74 29 22  9 
77 67 68 47 37 51 
31 57 14 20 41 24 
60 57 37 36 51  0 31 
60 59 21 27 57 12 24 
50  0 43 30  4 
79 44 42  5 32 25 33 
85 86 58 83 10 74 84 62 
30 55 56 23  4 
63  7 55 64 54 
31 12 41 34 29 22 
 1 59 14 27 78 90 87 
20 41 53 38 29 10  9 
32 98 25 56 99 49 18  4 
14 12 27 28 79 41 
16 33 32 23 56 66 
58 83 75 47 67 40 80 
14 21 90 91 24 28  8 
79 44 95 94 24 27  8 
10 85 34 20 22 
55 45 46 18 43 15  4 
12 57 34  0 13 20 
16  5 98 25 23 
16 25 42 53 35 38 66 
85 86 29 20 31  0 43 
65 92 70 38 33 39 66 
76 59 60 13 37 47 
13 36 47 11 51 
35 70 33 53 22  9 
73 88 35 70 93 92 
67 26 48 63 64 80 
53 22 79 42 20 12 24 
79 41 53 16 33 
 0 34 15 86 46 30 
16 79  5 95 28 
55 64 80 62 46 30 
62 86 45 30 43 
76 36 37 75 11 67 26 
67 77 40  2 63 81 
69 99 23  4 50 
15  0 51  4 69 49 
13 37 11 68 50  0 69 
61 96 97 99 98 69  5 68 
38 22 41 42 33 
66 56 65 55 19  7 
45 64 19 54 56 30 18 
25 23 66 54 55 18 
13 60 12 31 14 
83 26 17 80 62 
36 76  1 60 21 14 
36 59 13 57 14 
94 71 52 96  5 82 95 
17 86 58 80 45 46 
 2  7 48 40 64 19 
55 45 40 63 80 19 
92  7 35 66 54 
35 33 65 25 56 54 
77 11 48 47 26 40 
77 11 97 51 69 52 
51 50 68 52 99 49 
38 35 39 73  9  3 
94 72 61 82  6 
71 94 89 88  6 91  8 
89 88 39 70  3 87 
17 10 84 78  9  3 
 1 76 83 26 47 84 
36 59  1 75 47 
67 11 48 68 97 81 
84  1 74 21  3 87 
16 44 42 41 28 24 
40 64 45 58 26 62 
 2 48 82 77 97 96 
61 96 71  6  2 81 
58 26 75 17 84 
75 83  1 17 74 78 
17 86 10 34 29 
85 17 34 62 46 43 
 3 73 78 89 90 21 
 6 72 89 73 39 93 
73 88 72 91 90 87 
27 91 21 89 87 
89 72 27 90  8 
65  7 35 39 93 
92  7  6 88 39 
71 72 61 95 28  8 
94 61  5 44 28 
52 61 97 82 81 
68 77 52 96 81 
32  5 52 99 23 
52 98 69 23 49 
