49 50 12 30 14 42 33 
74 83 75 58 20 77 
80 47  7  6 81 62 
77 73 69 72 86 98 99 
49 14 48 29 17 22 
93 60 51 96 43 15 31 
81 70 71 87  7  2 91 
 2  6 62 18 91 64 53 
26 27 89 92 71 90 
73 16 84 28 21 98 
67 76 50 66 36 46 
23 13 56 30 19 40 
36 50  0 30 56 59 35 
58 20 59 23 11 56 26 
 4 49  0 42 29 
24 32 43  5 78 31 41 
85 61 57 82 83 73  9 84 
29  4 54 55 22 
62  7 63 54 53 
11 30 33 28 21 40 
58 13  1 77 26 89 86 
19 28  9 52 40 37 98 99 
24 31 55 17 96 97 48  4 
27 78 11 13 26 40 
55 65 15 31 22 32 
39 79 57 82 74 66 46 
 8 27 23 13 89 20 
23 78 43 26  8 93 92 
84  9 19 21 33 
44 45 17  4 14 42 54 
 0 12 33 56 11 19 
 5 96 15 24 22 
15 24 41 65 34 37 52 
 0 42 30 84 28 19 85 
37 69 38 64 65 91 32 
59 12 36 58 75 46 
10 50 12 46 35 
69 34 32 52 21 99 
87 72 91 69 34 
79 25 66 47 62 63 
19 21 52 11 23 78 41 
78 15 32 52 40 
85 45 14  0 29 33 
 5 93 15 78 27 
61 79 45 63 29 54 
85 42 61 44 29 
36 10 66 74 75 25 35 
76 80 66 39  2 62 
68 49  4 22 97 
68 50 48  4  0 14 
49 68 67 10 36 12  0 
67 68 95 94 60  5 96 97 
40 41 32 21 37 
54 18 55  7 64 65 
63 44 18 29 17 55 53 
54 17 24 65 53 22 
12 30 59 11 13 
79 25 61 82 16 
20 13  1 75 59 35 
58 13 56 12 35 
93 92 70 81 94 51  5 
57 79 45 85 44 16 
 2  7 18 47 39 63 
44 79 62 18 39 54 
34 65 91  7 53 
64 34 24 55 53 32 
10 76 39 25 47 46 
10 76 95 68 50 51 
49 50 67 48 51 97 
72  3 37 34 99 38 
81  6 92 60 71 
 6 87 70 88 92  8 90 
69  3 88 86 87 38 
16 83  9 77  3 98 
82 25 83  1 75 46 
74  1 58 46 35 
80 47 95 10 67 66 
 1 20 83 73  3 86 
23 27 43 15 41 40 
39 25 57 61 44 63 
76 47 95  2 81 94 
70  6 60  2 80 94 
74 25 57 83 16 
74 82  1 16 77 73 
28  9 16 85 33 
45 42 61 16 84 33 
20 89 77 88 72  3 90 
88 72  6 71 38 91 
86 72 90 71 87 
 8 26 20 86 90 
86 89 88 71  8 
 6 87 38  7 64 34 
93 60 27  8 70 71 
92 60 27  5 43 
80 81 95 60 51 
80 76 67 94 51 
 5 51 97 22 31 
48 68 51 96 22 
73  9  3 21 99 
69  3 98 37 21 
