56 70 27  4 24 45 
21 19 16 35 96 97 
55 74 93 68 77 14 59 
13 45  6 64 24  5 
34 56  0 24 50 47 
33 91 32 64  3  6 37 
37  5 12 13  3 
99 98 79 92 96 29 97 39 
21 83 19 62 55 93 
50 47 65 10 31 18 
50  9 87 66 18 75 76 
62 28 79 58 19 38 
20 63 15 13  6 37 
45 61 38 63 12  6  3 
78 77  2 59 72 15 20 
72 14 37 73 20 12 
33 84 35  1 92 96 
74 22 23 89 68 90 41 
31  9 57 87 94 10 
 1 21  8 62 11 79 97 
15 14 59 28 63 12 
 8 83  1 19 35 82 30 
17 74 23 48 44 25 
89 70 71 17 22 25 
 4  0 45 47 64 65  3 
44 43 26 54 71 23 22 
43 25 57 54 95 53 
46 60 70  0 61 45 
11 62 38 59 63 20 
92  7 91 32 31 94 39 
52 35 51 21 82 67 80 
 9 65 32 29 94 18 
 5 91 64 65 29 31 
84 16  5 91 37 92 
50 75 41 90 42 56  4 
16  1 84 21 52 30 
44 81 43 88 67 80 
33 84  5  6 73 15 12 
60 58 11 28 61 63 13 
29  7 95 53 94 98 
52 73 72 49 86 51 85 
68 17 90 69 42 34 
76 85 75 49 69 41 34 
87 88 36 44 25 26 57 
36 81 43 48 22 25 
 0 27 61 24 13  3 
99 98 60 71 54 27 70 53 
 4 24 50  9 65 
55 81 74 22 44 
40 85 78 69 42 72 
75 10 34  9  4 47 
86 40 52 30 67 
73 84 40 35 51 30 
46 98 54 95 39 26 
46 71 53 25 26 
81 83  8 48 74  2 93 
89 90 34  4 70  0 
95 94 43 87 18 26 
79 99 60 11 38 
62 28 93  2 14 20 
58 99 46 27 38 61 
27 60 38 45 13 
 8 19 11 28 93 59 
38 28 13 20 12 
 5 32 65 24  3 
47 24 64 32  9 31 
87 88 10 67 86 76 
51 86 66 88 36 30 80 
17 74 69 77  2 41 
78 77 68 49 42 41 
23 71 89 56 46 27  0 
23 70 46 54 25 
14 78 40 73 49 15 
37 84 15 52 40 72 
17 22 55 48  2 68 
76 10 42 50 34 
10 66 75 86 85 42 
69 78 68  2 14 
69 77 14 49 72 
58 99 11 19  7 97 
30 82 67 36 81 
55 83 82 36 44 48 80 
21 83 81 30 80 
 8 21 81 55 82 
33 16 35 37 73 52 
42 49 40 86 76 
51 40 85 67 66 76 
43 88 66 57 18 10 
87 43 66 36 67 
23 70 17 90 56 
17 89 41 34 56 
 5 33 32 92 29 
33 16 91 96  7 29 
62  8 55  2 59 
95 57 31 29 39 18 
57 94 39 53 26 
16  1 92  7 97 
 7 79 96 19  1 
 7 99 46 53 39 
79 58 60  7 98 46 
