56 73 18 75 72 81 
60 45  6 78 79  5 
67 95 70 94 71 96 75 
99 27 47 15 20 46 
29 13 41 89 58 92 49 
 6  1 79 88 84 68 69 
60 16  1  5 51 88 62 
87 69 86 24 89 25 
94 71 19 14 26 82 
44 34 64 48 74 65 
54 28 17 12 21 38 
33 57 54 28 34 48 40 98 47 
54 57 10 21 24 56 18 
30 39 29  4 41 76 22 
 8 71 59 83 55 82 80 81 
27  3 20 53 52 
60  6 61 52 51 
26 19 38 10 28 31 
97 86 56  0 24 12 75 
35 95 50 94  8 26 17 38 
92 29 93 15  3 53 46 22 
10 12 24 25 76 38 
13 29 63 53 20 30 
64 37 77 55 80 44 72 
12 21  7 86 25 18 
76 21 24  7 41 89 
19  8 82 17 31 
99  3 15 43 42 52 
54 11 10 17 31 40 
13  4 92 20 22 
32 63 22 13 39 50 35 
17 26 28 40 83 82 
62 63 88 36 67 30 35 
11 57 34 44 73 56 
11 33 44  9 48 
50 30 32 67 95 19 
32 88 67 70 84 
64 23 45 77 60 61 
76 21 19 17 50 39 10 
50 30 38 76 13 
98 11 99 43 83 28 31 
13  4 76 89 25 
59 77 61 43 27 52 
40 83 99 27 59 42 
34  9 64 73 33 23 72 
64 37 74 60  1 78 
93 20  3 47 66 
98 11 48 46  3 99 66 
34 11  9 65 47 66 
92 93 90 58  4 91 65 66 
35 30 39 19 38 
63 53 52 16  6 62 
27 42 15 61 16 53 51 
20 15 52 63 22 51 
11 57 28 12 10 
59 14 77 23 80 
 0 73 12 57 33 18 
11 33 54 12 56 
79 90  4 89 49 68 
14 83 55 77 42 43 
45  1  6 16 37 61 
77 37 60 16 42 52 
32 63 88 51  6 
22 53 51 62 32 30 
37 23 45 44  9 74 
48  9 74 91 49 66 
47 46 65 49 48 93 
 2 95 35 32 36 70 
 5 79 58 89 69 
85 87  7 84 89 68  5 
84 36 85 67  2 96 
 8 94  2 14 75 81 
80 23 44 73  0 81 
44 33  0 56 72 
64  9 45 78 65 91 
 2 71 96 97 18  0 81 
25 21 41 38 39 13 
37 23 55 59 42 61 
90 79  1 45 74 91 
90 58 78  1  5 68 
14 55 23 72 81 
75 71 14 80  0 72 
14 83  8 26 31 
14 59 82 43 40 31 
88  5 85 70 69 36 
84 69 70 87 96 
87  7 24 97 18 
69 85  7 86 97 96 
 5  6 84 32 62 36 
 4 58 41 25  7 68 69 
79 58 78 49 91 
65 74 78 90 49 
29 20 93  4 49 
92 20 49 46 66 
 8 71  2 95 19 
67  2 35 94 19 
70  2 85 87 97 75 
87 86 96 18 75 
40 99 11 47 
27  3 47 98 40 43 
