77 72 17 54 69 70 
75  4 43 58  5 
64 67 92 90 91 68 72 
26 14 19 44 45 99 
66 65 80 75  1  5 84 
58 15  1 49 60  4 84 
82 83 23 24 66 85 
90 68 13 18 25 78 
33 42 62 71 63 46 
52 27 11 20 37 16 
32 55 33 96 94 27 52 46 
52  9 20 23 55 54 17 
29 38 73 39 95 28 21 
68  7 76 53 77 57 79 78 
51 50 26  3 19 
59 50 58 49  5 
 9 27 30 25 37 18 
93 72 82 23  0 54 11 
34 48 91 90  7 25 37 16 
14  3 51 88 28 89 44 21 
23 24 11  9 73 37 
61 51 12 28 29 19 
42 62 53 76 74 69 36 
82 17  6 24 20 11 
23  6 20 85 39 73 
18  7 78 30 16 
14  3 40 50 41 98 99 
96 30 10 52  9 16 
95 88 19 12 21 
61 21 12 38 31 34 48 
96 27 97 78 25 79 16 
29 61 34 60 64 35 
33 42 54 55 10 70 
32 42  8 10 46 
29 48 31 18 91 64 
67 80 64 60 31 84 
43 62 22 74 59 58 
48 38 73 18 20  9 16 
12 29 48 73 37 
73 24 85 95 12 
59 50 74 57 26 41 
57 40 26 79 97 98 
62 22 32 33  8 69 70 
71 62 87 36 75  1 58 
89 63 45  3 19 
99  3 94 44 63 46 
45 94 10 33  8 63 
63 86 56 95 89 88 
29 34 38 18 37 
61 51 60 50 15  5 
40 59 51 14 15 26 49 
61 21 14 50 19 49 
10 55 27  9 11 
76 22 74 13 57 
 0 17 32 55 70 11 
32 54 10 52 11 
47 86 95 85 65 75 
13 53 79 74 40 41 
36 43  1 59 15  5 
40 50 74 36 15 58 
61 31 49 35  5 84 
21 51 29 31 60 49 
42 22  8 71 43 36 
47 86 89 71  8 44 45 46 
34 91 31  2 67 35 
56 85 66  4 75 
 6 83 85 65  4 80 81 
81 92 80  2 64 35 
77 72 90  7 13  2 
 0 77 76 42 22 70 
54  0 69 32 42 
 8 62 43 87 86 63 
77 68 93 17  0 92  2 
39 12 38 24 20 37 
53 22 40 59 36 57 
56 65  4  1 43 87 86 
53 22 69 77 13 
68 72  0 69 76 13 
25  7 13 79 30 
13 57 78 30 97 41 
 4 66 81 67 35 84 
92 83 67 80 66 
93 83 17 23  6 
82 93 92  6 66 81 
 4 80  5 35 60 
56 65 66  6 24 39 95 
63 47 56 87 71 75 
43 71 86 75 
95 28 19 89 47 
63 47 19 88 44 
68  7 18 91  2 
18 34 90 64  2 
93 83 72 81 67  2 
17 72 82 83 92 
98 99 97 96 10 45 46 
56 47 85 39 88 28 12 
27 30 97 94 10 
96 30 79 94 41 98 
94 97 41 26 99 
26  3 98 45 94 
