68 76 71 17 53 69 
57 43  4  5 74 
89 63 71 90 67 88 66 
26 14 97 19 87 44 
65 64 79 82  5  1 74 
 4 82 15 57 48  1 59 
23 24 81 98 99 83 65 
25 18 88 67 13 77 
42 61 33 45 62 70 
51 11 27 16 20 37 
94 92 54 51 27 32 33 45 
51  9 17 23 54 20 53 
21 28 38 29 93 39 72 
78 56 52 67  7 75 76 77 
19  3 50 49 26 
49 58 57  5 48 
18 25 30 27  9 37 
23 11 99 98 91  0 71 53 
25  7 88 89 34 16 47 37 
21 28 86  3 14 87 50 
72 24 23 11  9 37 
12 28 29 60 19 50 
68 42 61 75 52 73 36 
 6 24 17 11 20 99 
23  6 39 72 20 83 
18  7 77 30 16 
49 14 40 41 96 97  3 
16 30 51  9 94 10 
93 86 19 21 12 
34 31 60 21 12 38 47 
95 78 77 25 16 27 94 
34 29 60 63 35 59 
53 54 33 42 69 10 
 8 45 42 32 10 
18 89 63 31 29 47 
66 79 82 63 31 59 
61 22 73 43 57 58 
16  9 20 72 38 47 18 
72 12 29 47 37 
24 83 93 72 12 
73 56 58 41 49 26 
78 56 40 95 96 26 
68 22 61  8 33 32 69 
36 61 57  1 74 85 70 
97  3 87 92 45 62 
 8 33 92 44 62 10 
87 86 93 55 62 84 
34 18 29 38 37 
15 49  5 50 60 59 
40 58 15 48 50 14 26 
21 60 48 19 14 49 
11  9 54 27 10 
75 22 73 56 13 
17 11 54  0 32 69 
51 11 53 32 10 
83 64 93 46 74 84 
52 73 41 78 40 13 
36 43 58 15  5  1 
40 73 49 36 57 15 
82  5 48 35 60 31 
29 31 21 50 48 59 
42 22  8 36 43 70 
44 87 46  8 45 70 84 
 2 89 31 35 34 66 
65  4 55 83 74 
 4 64 79 83 80 81  6 
35 63  2 90 79 80 
71 76  2 88  7 13 
42 22 75 76  0 69 
 0 68 53 32 42 
62  8 61 43 85 84 
 2 90 91  0 76 17 67 
38 12 39 24 20 37 
52 56 22 40 58 36 
43 85  1 55 64  4 84 
68 76 22 52 13 
68 75  0 71 67 13 
13  7 78 25 30 
41 56 13 95 30 77 
 4 65 82 80 66 35 
66 79 65 81 90 
 6 98 91 90 65 80 
 4  5 79 35 59 
24 39 55 64 65 93  6 
62 46 55 70 85 74 
74 43 70 84 
28 93 19 87 46 
19 86  3 44 46 62 
89  2 67  7 18 
 2 63 88 18 34 
81 91 71  2 66 80 
17 98 81 90 71 
96 95 97 44 45 94 10 
28 86 83 39 55 12 46 
92 95 30 27 10 
41 96 78 30 92 94 
97 92 95 41 26 
92 96 44  3 26 
81  6 99 17 91 
17 98 23  6 
