89 51 67 66 74 69 
 5 55 98  4 72 
86 65 87 61 69 88 64 
42 85 95 25 14 18 
80 77  5  1 63 62 72 
57 80 46 15 55  1  4 
22 97 79 63 81 23 
86 65 17 24 13 75 
32 43 41 59 68 60 
26 16 49 11 36 19 
32 43 90 49 52 92 31 26 
51 52 49  9 96 22 19 
70 38 28 20 91 37 27 
 7 65 74 73 50 75 76 54 
47 48 18 25  3 
56 55 46 47  5 
 9 26 17 24 36 29 
33 45 87 86 16 24  7 36 
14 48 20  3 85 84 27 
36  9 70 11 22 23 
48 58 18 27 28 12 
41 59 73 66 35 71 50 
96 97 11 19  6 23 
 6 22 38 70 81 19 
16 17  7 29 75 
47 14 39  3 95 94 40 
 9 16 29 92 49 10 
18 84 20 12 91 
58 30 20 33 45 37 12 
92 26 16 24 75 93 76 
58 57 34 28 33 61 
51 52 67 41 32 10 
 8 43 41 31 10 
87 61 28 45 30 17 
64 77 80 57 30 61 
55 56 59 21 71 98 99 
 9 16 37 45 70 17 19 
70 12 45 28 36 
70 23 12 81 91 
71 56 47 25 54 40 
93 94 76 25 39 54 
59 21 31 67 32  8 66 
 3 85 90 43 95 60 
 8 32 90 42 10 60 
91 84 53 85 60 82 
37 28 33 17 36 
57 58 48 47 15  5 
46 15 56 39 48 14 25 
58 46 20 47 14 18 
26  9 11 52 10 
13 73 21 71 54 
89  0 67 31 52 11 96 
31 51 11 49 10 
91 81 44 62 82 72 
50 13 76 71 39 40 
56 15 35  5  1 98 
55 15 35 39 71 47 
58 30 46 34 80  5 
57 30 46 48 20 28 
41 21  8 68 35 99 
42 85 43  8 68 44 82 
87 33  2 30 34 64 
81 53 63  4 72 
81  6 62 79 78 77  4 
88  2 78 61 34 77 
86  2 69 74  7 13 
74  0 73 67 21 41 
51  0 31 41 66 
 8 59 60 82 83 99 
 2 65 74  0 89 88 
37 12 36 38 19 23 
39 56 35 21 50 54 
62 53 82 83 98  1  4 
66 74 21 13 50 
66  0 73 69 65 13 
13  7 24 29 76 
75 13 29 93 54 40 
64 34 80 78  4 63 
63 77 88 64 79 
88 78 63 97 89  6 
34 77 57  5  4 
23 38  6 91 53 62 63 
44 60 68 83 53 72 
82 68 72 98 99 
18 85 27 91 44 
42  3 18 84 60 44 
 2 65 87 17  7 
33 61  2 86 17 
69 89  2 64 78 79 
51  0 69 96 97 88 79 
42 43 95 94 10 92 93 
12 38 81 53 27 84 44 
26 29 90 10 93 
29 92 94 90 76 40 
25 95 90 93 40 
25 94  3 90 42 
51 89 97 11 22 
96 89 22 79  6 
35 55  1 72 83 99 
35 59 98 68 83 
