67 87 49 72 65 64 
53 96 70  3  4 
62 59 86 67 85 84 63 
 1 70 75 78 61  4 60 
 1  3 78 53 13 44 55 
77 95 61 79 21 20 
73 11 63 84 15 22 
34 14 24 47  9 17 
29 30 24 47 50 90 88 41 
94 49 50 47  7 20 17 
68 35 26 18 89 25 36 
74 52 48 73 71 72 63  6 
45 46 16 93 23 83 
44 45 54 53  4 
 7 34 24 27 15 22 
85 84 31 43 34 14  6 22 
46 12 18 25 82 83 
68 34  7 21 20  9 
16 25 26 56 46 10 
33 69 48 39 57 71 64 
94 95  9  5 21 17 
 5 79 36 68 20 17 
15 14  6 73 27 
93 12 38 37 45 92 
 8 47 90 27 14  7 
89 10 82 18 16 
28 56 10 35 18 31 43 
90 24 91 74 73 14 22 
26 56 32 59 31 55 
39 30  8 65 49 50 
39 29  8 41 99 98 
26 28 43 59 85 15 
28 59 75 78 62 55 
97 96 69 19 54 57 53 
35 43 15 14 68  7 17 
10 26 43 34 68 
79 21 89 10 68 
69 52 38 54 45 23 
37 52 74 91 23 92 
29 30 65 57 19 98 64 
58 83 41 88 93 
 8 30 88 40 99 58 
58 83 82 80 51 89 
35 26 34 31 15 
45 13 46 56  4 55 
44 13 54 37 46 12 23 
45 12 44 16 56 18 
24  8 50  9  7 
69 52 11 19 71 
94  9 87  0 65 29 50 
 8 47 29 49  9 
60 70 80 42 89 79 
69 37 38 74 11 48 
 1 96 33 54 13  4 
37 69 33 45 13 53 
32 28 44 56 78  4 
28 26 46 44 18 55 
39 19 33 97 66 98 
40 83 41 99 66 42 80 
62  2 85 31 28 32 
61  3 70 51 79 
75 76  3 60 77 79  5 
86 76  2 59 75 32 
72 11 67  2 84  6 
71 19 39 65  0 72 
29 39 49  0 64 
58 99 97 81 57 98 80 
87  0 72 86  2 63 
35 10 34 36 21 17 
37 52 33 19 54 48 
 1  3 81 96 60 51 80 
48 11 72 19 64 
67  0 71 11 63 64 
74 27 11  6 22 
11 52 38 91 27 73 
78  3 61 76 32 62 
61 77 86 62 75 
87 95 61 76  5 86 
75  3 32  4 55 
51 60 61 89  5 21 36 
42 58 66 81 51 70 
97 96 66 70 80 
16 83 42 89 25 
58 40 42 93 12 16 82 
85  2 63 15  6 
 2 59 84 31 15 
87 67 62 76 77  2 
67  0 94 95 77 49 86 
90 91  8 41 40 92 93 
82 42 51 79 25 10 36 
24  8 88 91 27 
90 88 27 74 38 92 
93 88 91 38 23 
92 23 40 83 88 12 
 9 49 87 95 20 
94 87 77  5 20 
97 81 33  1 53 70 
81 96 33 57 66 
57 39 30 99 66 
41 30 58 66 98 
