65 85 47 70 63 62 
51 94 68  3  4 
61 65 60 57 84 82 83 
 1 68 73 76 59  4 58 
 1  3 76 51 12 42 53 
59 77 75 93 19 20 
23 45  8 16 33 13 
23 45 48 39 29 86 28 88 
 6 45 48 19 92 47 16 
66 34 25 17 87 24 35 
46 50 72 71 61 70 69 
43 44 15 91 22 81 
42 43 52 51  4 
 6 33 23 26 21 14 
83 82 21 30 41 13 33 
44 11 17 24 80 81 
 8  6 19 33 66 20 
15 24 25 54 44  9 
67 46 32 37 55 62 69 
92 93  5  8 16 20 
 5 77 35 19 66 16 
82 71 26 13 14 
91 11 98 36 43 90 
 7 45  6 26 88 13 
87  9 80 17 15 
27 54  9 34 41 17 30 
88 23 89 71 72 13 21 
25 54 31 57 53 30 
48 47 37 29  7 63 
39 97  7 37 28 96 
57 27 83 25 41 14 
27 57 73 76 60 53 
95 94 67 18 52 55 51 
14 41 16  6 66 34 13 
33 41 66  9 25 
77 20 87  9 66 
67 50 52 43 99 98 22 
28 29 55 18 63 62 96 
91 86 39 81 56 
97 29  7 86 56 38 
56 81 80 78 49 87 
34 25 33 30 14 
43 12 44 54  4 53 
42 12 52 36 44 11 22 
43 11 42 15 54 17 
23  7 48  6  8 
67 18 50 10 69 
85  0 92 48 28 63  8 
 7 45 28 47  8 
58 68 78 40 87 77 
67 36 46 99 72 10 
 1 94 32 52 12  4 
36 67 32 43 12 51 
31 27 42 54 76  4 
27 25 44 42 17 53 
37 18 32 95 64 96 
39 97 38 81 64 40 78 
60  2 83 31 27 30 
59  3 68 49 77 
73 74  3 58 75  5 77 
 2 57 84 74 73 31 
 2 65 70 10 71 82 
37 18 63 70  0 69 
47  0 28 37 62 
56 97 95 79 55 96 78 
85  0 61  2 70 84 
33 16 34 20 35  9 
36 50 46 18 32 52 
 1  3 79 94 58 49 78 
10 46 70 62 18 
65  0 61 10 62 69 
72 26 10 61 82 21 
71 26 89 99 50 10 
76  3 59 74 31 60 
59 75 84 60 73 
85 93 59 74 84  5 
73  3 31  4 53 
49 58  5 20 87 59 35 
40 56 64 79 49 68 
95 94 64 68 78 
15 81 40 87 24 
38 91 56 40 11 15 80 
71 61  2 83 21 14 
 2 57 82 30 14 
85 65  2 60 74 75 
65  0 47 75 93 92 84 
39  7 88 89 90 91 38 
80 40 49 77 24  9 35 
26 89 23 86  7 
88 86 26 99 98 90 72 
91 86 89 98 22 
90 86 22 38 81 11 
85 47 93 19  8 
85 75 92 19  5 
95 79 32  1 51 68 
79 94 32 55 64 
55 37 29 97 64 
39 29 56 64 96 
99 36 89 22 90 
36 50 98 89 72 
