58 66 61 81 59 88 
11 72 47 90  3 64 
61 57 56 80 53 79 78 
69 55 54 72  1 64 
73 19 89 71 55 18 
12 22 43  7 31 15 
22 84 26 27 44 82 37 43 
88 44 43  5 89 15 18 
33 83 62 32 24 16 23 
65 66 57 67 96 46 68 
77 87 42 14 21 41 
49 72  1 41 48 47 40 
22  5 31 13 99 20 
28 79 39 12 31 78 20 
10 42 16 76 77 23 
62 19  7  5 31 18 
24 50 42 14 23  8 
30 63 58 35 65 51 97 
15 19  4 89  7 
73  4 33 62 15 18 
78 67 99 12 13 
34 95 87 10 86 41 94 
12  5 98 84  6 99 43 
14 76 16  8 83 
25 50 16  8 39 32 28 
24 50 49 29 53 28 
27 35 59 44  6 
92 35 93 37 26  6 
79 13 39 53 25 24 
69 72 49 56 53 25 
63 17 91 90 48 51 47 
32 39 62 12  5 13 15 
24  8 39 62 31 
 8 83 62 73 19 
46 63 95 21 48 41 
27 92 58 17 26 51 59 
87 77 52 37 82 
93 27 52 36 82  6 
45 83 74 76 77 52 
28 13 31 32 24 
41 42 11 49 50 
48 11 42 10 21 34 40 
14 10 16 50 41 40 
 6 44 22  5  7 
26 59  6 88  7 43 
38 83 73 74 54 64 
34 63 95 97 96  9 68 
48 11  1 90 30 
30 63 34 41 11 47 
25 50 11 72 29 40 
25 24 16 42 49 40 
60 92 91 35 17 30 
77 38 74 93 37 60 36 
29 56 79 28  2 25 
73 55 45  3 64 
70 69 71 54 73  3  4 
80  2 29 69 53 70 
 9 66 61  2 67 78 
35 17 65 66 59  0 
26 44 58 35  0 88 
93 92 51 91 52 74 75 
57  2 66 80 81  0 
32  8 33 19 31 15 
30 17 34 46 48 97 
 1 90 75  3 54 45 74 
58 17 66  9 97 96 
58 65  9 57 61  0 
57  9 68 98 78 99 20 
46  9 67 95 94 98 85 
70 55 56 29 72  3 
80 71 56 69 55 
81 80 70  4 89 55 
49 11  1 69 29  3 
33 83 45 54 55 19  4 
45 38 52 60 75 64 
74 60 91 90 64 
38 83 77 14 23 
76 38 52 36 87 10 14 
67 57  2 79 13 20 
28 13 53  2 78 
81 71 61 56  2 70 
80 71 61  0 88 89 
36 37 87  6 84 85 86 
 8 33 73 45 38 76 23 
22 98  6 82 85 
98 84 82 86 94 68 
82 87 21 85 94 
36 77 82 10 21 86 
59 44  7  0 81 89 
88  7  4 71 81 18 
30 91  1 47 75 64 
30 90 51 60 75 
27 35 93 60 51 
60 92 27 37 52 
85 86 21 95 68 
46 34 21 94 68 
46  9 97 65 
46 63 17 65 96 
85 84 22 67 68 99 
67 98 22 12 20 
