64 59 63 57 79 86 
10 46 88 62  3 70 
56 76 59 78 55 52 77 
53 54 67 62  1 70 
87 17 18 71 54 69 
21 42  7 14 30 11 
26 25 42 21 36 43 80 82 
87 17 86 14 43 42  5 
23 31 60 81 22 15 32 
75 13 85 41 40 20 
46  1 47 40 39 70 48 
30  5 12 19 97 21 
30 38 27 77 76 11 19 
 9 41 75 22 74 15 
18 17  7 60  5 30 
23  8 22 49 13 41 
50 29 34 63 95 61 
87  4 18  7 14 
 4 17 71 32 14 60 
65 76 97 12 11 
 9 85 84 40 92 33 93 
42  6  5 82 96 11 97 
74 13 81  8 15 
31  8 38 27 24 49 15 
23 49 27 48 28 52 
34 57 26  6 43 
25 34  6 90 36 91 
24 52 38 12 77 23 
67 55 70 24 48 52 
50 16 89 46 47 88 61 
 5 14 60 31 38 12 11 
23  8 60 30 38 
60 18 71 81  8 
61 47 40 20 93 45 
50 16 63 57 25 26 90 
36 80 85 75 51 
26  6 91 80 35 51 
75 74 81 44 72 51 
30 12 31 27 23 
10 40 41 49 48 
47 10 41  9 39 20 33 
 9 40 13 39 49 15 
21  6 43  7  5 
 7 86 57 25 42  6 
62 72 53 37 81 71 
33 61 93 95 94 98 66 
47 29 10  1 88 
46 29 10 40 61 33 
24 28 70 39 49 10 
41 39 24 23 15 48 
29 16 34 89 58 90 
58 72 91 37 75 35 36 
24 28 55  2 27 77 
 3 54 62 71 44 
68 67  3 53 71  4 69 
52 28 68 78  2 67 
64 99 59 65 76  2 98 
34 63  0 86 25 43 
89 50 73 72 90 91 51 
64  0 56 79 78  2 
32 18 14 31  8 30 
47 29 16 95 33 45 
88  1 73 72  3 53 44 
94 99 64 34 16 57 95  0 
59  0 56 99 63 
56 76 98 96 97 19 66 
93 92 96 65 98 83 45 
28 55 68 54  3 70 
55 78 54 69 67 
54  4 68 87 79 78 
10  1 28 67  3 48 
 4 18 53 54 44 81 32 
73 58 62 44 37 51 
58 72 89 62 88 
22 13 75 37 81 
 9 13 74 37 85 35 51 
56 65  2 77 12 19 
 2 76 52 27 12 
79 59  2 55 68 69 
59 78  0 86 87 69 
36 35 83 84  6 85 82 
22  8 74 37 44 71 32 
80 83 21  6 96 
84 80 92 82 96 66 
20 85 80 83 92 
75 35 80 84  9 20 
 0 57 79 87  7 43 
 4 17 86 79 69  7 
62  1 46 29 89 73 
50 29 58 88 73 
34 50 26 58 91 
90 26 36 58 51 
84 83 20 93 66 
92 20 33 66 45 
63 99 95 98 45 
63 16 94 61 45 
97 65 82 83 21 66 
96 65 19 11 21 
94 99 56 65 66 45 
56 64 63 94 98 
