78 85 56 62 63 58 
61  3 87 45 69 10 
76 75 55 58 77 54 51 
61  1 66 53 52 69 
53 68 86 17 70 18 
21 41 30 14  7 11 
81 79 35 26 21 41 25 42 
86 17 41 42 85  5 14 
59 32 80 22 15 23 31 
74 13 20 39 84 40 
39 46 38 45  1 69 47 
 5 21 98 30 99 19 12 
37 30 11 19 76 75 27 
15 22 74  9 73 40 
30  5  7 17 59 18 
22 13  8 23 48 40 
94 62 56 60 89 49 29 
86  4  7 14 18 
70  4 32 17 59 14 
64 75 99 11 12 
83 91 39  9 33 84 92 
 6 81 41  5 95 11 98 
15 13  8 80 73 
15  8 37 27 48 24 31 
51 27 23 48 28 47 
56 42 89 26  6 
89 90 25 35  6 
24 23 51 76 37 12 
24 51 54 66 69 47 
87 88 60 46 49 16 45 
31 37  5 14 12 11 59 
23 37  8 30 59 
70 80  8 59 18 
60 46 44 39 20 92 
84 79 74 50 35 
26 90 50 34 79  6 
50 71 74 73 80 43 
23 31 27 30 12 
40 48 47 39 10 
33 46 20  9 40 38 10 
39  9 13 15 48 38 
21  6 42  5  7 
56 85 25  6 41  7 
70 52 80 61 71 36 
60 94 33 93 92 65 96 
29 46 87  1 10 
33 60 39 29 45 10 
24 48 28 69 38 10 
23 15 24 40 47 38 
89 16 57 88 29 
36 71 74 34 57 90 35 
54 28 24  2 76 27 
 3 53 61 70 43 
66  3 52 67  4 68 70 
66 28 67 77  2 51 
97 63 58 64 75  2 96 
62 16 85 42 25  0 89 
72 88 49 71 89 90 50 
78 77  0 63 55  2 
31  8 30 14 32 18 
94 16 33 46 44 29 
 3  1 52 72 71 87 43 
94 16 97 63 56  0 93 
62 97  0 58 55 
55 75 19 95 65 96 99 
82 91 95 92 44 64 96 
 3 53 67 54 28 69 
77 68 54 66 53 
78 77 86 53  4 67 
28 66  3  1 47 10 
 4 53 52 80 32 43 18 
61 72 50 36 57 43 
61 71 87 88 57 
80 36 22 13 74 
34 84 50 36  9 13 73 
55 64 19 76  2 12 
 2 75 51 27 12 
78 68 67 54 58  2 
77 68 86 85  0 58 
81 82 84 34 35  6 83 
70 32  8 22 73 36 43 
82 79  6 21 95 
65 91 95 83 79 81 
20 91 84 79 82 
34 79  9 20 74 83 
56 42 78 86  0  7 
78 68 85  4 17  7 
61  1 72 88 29 45 
72 87 57 49 29 
56 16 49 25 26 90 57 
89 26 57 50 35 
20 83 82 65 92 
44 33 20 91 65 
44 94 62 97 96 
62 16 60 44 93 
82 65 81 21 64 98 99 
55 97 64 65 44 93 
62 63 93 55 96 
21 95 99 11 
64 19 95 98 11 
