69 76 56 55 51 
42 78  2 62  9 54 
62 59 48 54 49  1 
17 48 77 61 16 49 
38 19  6 13 27 10 
32 70 38 19 39 22 72 23 
16 13 39 76 38 77  4 
20 71 29 28 21 14 91 
30 36 83 82 74 75 12 37 
36 95 42 62 43  1 35 
27 11 89 18  4 19 
93 34 10 18 67 27 
20 14 75  8 65 66 37 
16 17  6  4 27 92 
21  7 20 44 12 37 
45 26 80 51 53 85 55 
 3 77 13 17  6 
 3 48 29 91 13 16 92 
10 11 67 57 90 89 
 5 38 89 86 72  4 10 
 7 71 14 12 65 
 7 28 34 24 14 44 
39  5 51 80 23 
32  5 22 81 80 
93 34 21 25 47 44 
97 59 62 47 24 44 43 
45 15 96 53 42 78 79 
11 34 28  4 13 10 92 
34 21  7 91 27 92 
40 71 48  7 17 91 
36  8 83 41 95 96 53 
70 74 32 75 66 46 
 5 70 23 81 31 46 
40 71 63 65 66 46 
93 11 24 27 28 21 
43 44 37 36  9 
30  8 95  9 37 35 
12 14 44 36  8 35 
 5 19 39  6  4 
38  5 51 76 22  6 
48 54 63 29 71 33 
30 83 84 85 53 58 87 
96 26 78 95  9  1 
44 25 62  9 35 
25 24 21 14 43 37 35 
26 15 80 79 99 
33 66 98 81 63 31 32 
25 97 24 93 94 
 2 54 49  3 40 29 17 
 2 59 61  3 48 60 
56 52 88 87 57 67 
80 15 55 39 76 22  0 
94 68 56 50 69 67 
96 26 15 85 41 30 
48  2  1 78 40 63 64 
56 88 84 85 15 51  0 
50 52 88 69 55  0 
50 87 58 67 18 90 
83 41 82 87 57 73 90 86 
97 25 62  2 49 60 
59 97 68 61 49 
 3 77 69 68 49 60 
25 59  2 43  9  1 
40 54 64 98 33 46 
79 78 54 63 98 
20 71 33 66 12 
75 12 31 65 33 46 
94 93 57 18 50 52 11 
94 52 97 69 61 60 
77 61 68 76 56 52  0 
73 74 32  5 72 31 
29 40 20  7 33 65 
86 19  5 70 73 
58 82 74 70 86 72 
70 31 75 82  8 73 
66 31 74  8 12 
69 77 39 51  0  6 
 3 61 69 76 16  6 
42 26 79  1 54 64 
45 26 78 99 64 98 
45 15 51 22 23 81 99 
23 32 80 99 98 46 
83  8 58 74 73 
30 41  8 82 58 
85 41 55 88 87 
84 41 53 15 55 
73 58 90 72 19 89 
84 88 50 57 58 41 
50 56 55 84 87 
90 18 86 10 19 
57 18 58 86 89 
 7 29 17 92 28 
28 91 27 13 17 
11 34 24 94 67 47 
68 52 97 67 93 47 
36 30 96  9 42 
95 30 53 26 42 
68 94 59 60 25 47 
64 63 99 81 79 46 
79 45 80 81 98 
