54 53 67 74 49 
40  9  2 52 76 60 
 1 52 47 57 46 60 
75 15 16 46 47 59 
36 18 13 26  6 10 
70 18 36 37 21 68 30 22 
36  4 13 15 75 74 37 
20 99 89 27 28 69 19 
81 34 72 80 73 12 35 
93 40  1 34 33 41 60 
17 87  4 26 18 11 
17 10 26 32 91 65 
63 64 73  8 35 19 98 
 4 26 16 15  6 90 
83 53 49 78 43 25 51 
75  3 16 13  6 
 3 46 15 13 90 89 28 
55 65 88 87 10 11 
36  4 84 70 87 10  5 
69 63  7 99 98 12 
99 42 32 27  7 23 
49 37 78  5 22 
 5 30 21 79 78 
20 42 24 45 32 91 
41 42 95 57 45 60 23 
43 14 51 76 40 94 77 
 4 13 90 27 10 11 32 
90 26 89  7 20 32 
16 89 46  7 69 38 
64 73 68 72 30 44 
 5 68 44 79 22 29 
69 63 44 61 64 38 
27 20 23 91 26 11 
34  9 41 42 35 
81  8 93  9 33 35 
34 33 42  8 12 98 
 4 18  6 37  5 
49 74 21  6 36  5 
28 69 31 61 52 46 
85 82 83 81 80 51 56 
93  9  1 76 25 94 
33 42 24  9 60 
33 41 24 20 99 35 23 98 
25 14 78 77 97 
30 79 31 61 64 96 29 
92 91 23 24 95 
 2 52 47  3 16 28 38 
 2 57 58 59  3 46 
54 50 65 86 85 55 
74 37  0 53 14 78 21 
67 54 48 65 92 66 
25 14 83 39 81 94 
 2  1 76 46 62 61 38 
83 14 54  0 82 49 86 
67 50  0 53 48 86 
48 65 85 17 88 56 
71 80 85 39 55 88 84 
 2 47 58 95 24 60 
95 57 47 59 66 
75 67  3 47 58 66 
 2 57  1 24 41  9 
62 52 44 31 96 38 
77 76 52 61 96 
64 12 69 31 19 
12 63 73 31 44 29 
48 50 92 91 55 17 11 
92 50 95 58 67 59 
54 50  0 74 75 59 66 
71 72 70  5 30 29 
31 63  7 28 19 38 
84 71 18 68  5 
80 72 68 56 70 84 
80  8 29 68 73 71 
12 64 29 72  8 
 0 67 75 49 37  6 
74 67  3 15  6 59 
40 25  1 52 77 62 
43 25 76 62 96 97 
49 14 43 21 22 79 97 
30 44 22 78 96 97 
81 39 72  8 71 56 
34  8 93 80 39 51 94 
83 53 85 39 86 
53 14 82 39 51 
70 71 56 88 87 18 
82 39 86 48 55 56 
54 53 82 48 85 
17 88 10 18 84 
17 55 56 87 84 
27 90 16  7 28 
16 89 13 26 27 
92 65 45 23 32 11 
65 50 91 45 95 66 
40  9 34 81 94 
51 25 40 93 81 
24 45 57 58 92 66 
62 77 61 44 79 97 
77 43 96 79 78 
35 12 19 99 42 
20 42  7 19 98 
