67 26 54 44  4 23 
18 93 92 20 34 15 
89 56 73 65 70 53 13 
12 44 23 61  6  5 
23 46 33 54  0 49 
87 31 61 32 36  6  3 
 3 12 11  5 36 
92 88 28 38 93 75 94 95 
62 30 17 46 49  9 
17 83 72 71 63 49  8 
27 59 18 75 96 37 
60 12  6 19 14 36 
58 44  3 60 11 37  6 
74 14 73 19 56  2 
74 69 13 19 11 36 
34 80  1 92 88 32 
40 86 65 22 21 70 85 
 8 30 55 83  9 90 
79 59 10 75 93  1 20 
11 60 56 13 14 27 
18 79  1 34 78 29 
43 24 47 22 16 70 
24 21 68 16 67 85 
 3 61 44 46  4  0 62 
43 21 42 25 22 68 52 
55 91 42 24 52 51 
58 44  0 67 45 57 
10 59 56 60 37 19 
87 88 31 30  7 38 90 
34 20 78 50 99 76 64 
62 31  8 17 28 90 
87  5 61 62 30 28 
87  5 36 80 15 88 
54 86  4 49 71 40 41 
80 50 20  1 15 29 
43 77 64 84 76 42 
32 80 69  5  6 11 14 
60 12 58 27 10 96 57 
28  7 90 91 94 51 
98 50 48 74 81 69 82 
33 86 16 65 66 41 
72 71 66 48 40 33 81 
24 25 43 55 35 84 83 
77 35 24 21 42 47 
26 58 12  3 23  0 
52 68 95 94 51 67 26 57 
23  4 49  8 62 
53 77 43 21 70 
74 39 66 41 81 
 9  8 71 33  4 46 
98 39 99 34 80 69 29 
94 38 91 25 52 45 
25 24 68 51 45 
77 79 47 89 70  2 
86 85 67 33  4  0 
17 83 91 25 42 90 
27 59 89 19 13  2 
45 26 58 95 97 96 37 
26 44 12 37 57 
27 10 18 79 56 89 
11 12 37 27 19 
23  3  5 31 62 
31 30  8 61 23 46 
82 72 84 83 64  9 
84 35 76 82 99 29 63 
16 40 70 66 73  2 
74 48 73 65 40 41 
54 85 22 68  0 26 45 
22 24 67 52 45 
36 80 14 50 39 74 
47 53 16 65 21  2 
49  9 33 72 41 
82 81 71  9 63 41 
74 13 66 65  2 
69 39 48 14 13 73 66 
18 93 10 97 96  7 95 
64 35 77 78 29 
43 35 53 79 76 47 78 
77 79 20 76 29 
18 59 77 53 89 20 78 
34 50 15 32 36 69 
48 39 82 72 41 
98 39 81 99 64 72 63 
17 55  9 42 84 63 
64 35 42 83 63 
67 54 22 86 16 
54 33 40 16 85 
31  5 32 88 28 
15 92 87 32 28  7 
79 59 53 56  2 
17 55 91 30 28 38 
55 25 90 38 51 
 1 93 15 88  7 
18 75  1 92  7 
 7 38 51 95 45 
 7 75 94 97 45 57 
97 75 10 37 57 
75 96 95 57 
50 39 99 82 
50 98 82 64 29 
