73 66 36 53 48 52 
74 51 39  8 59 56 46 
15 45 14 73 46 58 
 5 35 12 25 17  9 
67 69 20 35 21 29 17 
36 35 73 14  3 12 
19 26 86 95 18 27 68 
78 33 72 71 11 77 34 
33 90 39  1 59 40 32 
 3 25 17 84 16 10 
 9 16 25 64 88 31 
72  7 62 63 18 94 34 
 3 25 14 15  5 87 
42 50 52 48 80 98 
 2 15 73  5 12 
 2 45 27 14 12 87 86 
64 54 85  9 10 84 
 3 35  4 69  9 84 81 
11 94 62 95  6 68 
26  6 31 22 95 41 
36 35  4 21 48 99 
20  4 29 76 99 
23 44 19 31 88 41 
22 44 92 59 40 56 41 
50 42 75 74 39 91 
 3 12 26 31 87  9 10 
31 25 19  6 87 86 
45 37  6 86 15 68 
72 63 43 67 71 29 
 4 67 21 76 28 43 
43 63 62 60 37 68 
22 88 10 25 26 19 
33  8 40 41 34 
78  7 90  8 32 34 
11 94 41 32 33  7 
36  5  3 20  4 17 
 5 35 73  0 48 20 
45 27 51 60 30 68 
80 50 78 79 82 55 77 
 1  8 74 24 90 91 
59  8 23 32 41 
32 40 95 94 23 22 19 34 
50 13 24 98 75 96 97 
28 63 93 76 60 29 30 
22 23 88 89 92 
37 27 51 15  2 46 
 2 45 51 56 57  1 58 
53 83 49 64 54 82 
52 13  0 36 20 98 99 
53 66 47 64 89 65 
42 13 24 38 80 78 91 
45 37 60 61 74  1 46 
48 13 53 83 80  0 79 
47 83 52  0 66 49 
64 16 47 85 55 82 
85 81 54 70 82 38 77 
92 57 59  1 23 46 
58 65 46 56 92 
73 66  2 65 57 46 
40  8  1 56 23 
93 43 61 51 37 30 
75 93 60 74 51 
11 63 18 30 68 
28 72 43 11 62 30 
49 47 54 16 10 88 89 
49 66 89 58 57 92 
73  0 53 49 65 58 
69 70  4 71 28 29 
 6 27 18 62 30 37 
67 70  4 17 81 
67 71 55 81 69 77 
72 28  7 67 70 77 
63 28 71  7 11 
 5 36  0 66  2 14 58 
75 61 24 51  1 39 
93 61 24 42 74 97 
93 43 29 21 99 96 97 
70 55 78 38 71  7 
38 50 33  7 90 91 77 
80 38 52 83 82 
38 50 13 52 79 
85 55 70 69 17 84 
55 54 79 83 38 47 
47 53 52 79 82 
17  9 81 85 16 
54 16 55 81 84 
87 26  6 27 15 
26 25 12 15 86 
64 10 89 31 22 44 
64 88 49 44 65 92 
78 33  8 39 91 
78 50 90 24 39 
65 57 56 44 89 23 
76 43 75 61 60 97 
18 11 95 41 34 
19  6 18 94 41 
99 76 98 42 97 
76 93 96 75 42 
48 13 42 99 96 
20 48 98 21 76 96 
