72 36 65 48 52 99 
 8 39 58 55 46 51 73 
46 45 15 57 72 14 
25 12 35 17  5  9 
35 20 17 68 66 21 29 
35 36 72 14 12  3 
26 19 18 67 27 94 85 
11 34 71 33 77 76 70 
89 33 39  1 58 32 40 
 3 25 10 83 17 16 
16  9 63 87 31 25 
71 62 61 18 93 34  7 
15 86 25 14  5  3 
97 42 48 50 79 52 
15  2 12 72  5 
12 86 85 27 45  2 14 
83  9 53 84 10 63 
35  4 68  3 80 83  9 
 6 67 61 93 94 11 
22 31 41 26  6 94 
97 48 36 35  4 21 
 4 20 97 75 29 
44 87 31 19 41 23 
91 44 22 41 55 58 40 
50 42 90 39 74 73 
12 86 31 10 26  3  9 
25 86 31 85  6 19 
37 67 45  6 15 85 
62 43 71 70 66 29 
75 43 28 66 21  4 
62 43 37 67 61 59 
10 87 25 26 22 19 
33 34  8 41 40 
89 77  8  7 34 32 
93 11  7 33 41 32 
36  5 20  4 17  3 
48 20 35  5 72  0 
27 67 45 30 51 59 
81 54 78 79 76 77 50 
 8 89  1 90 24 73 
32 41 23 58  8 
93 34 22 19 32 94 23 40 
97 13 95 96 24 50 74 
62 30 28 75 29 92 59 
87 88 22 23 91 
37 27  2 46 15 51 
 2 45 57 56 55  1 51 
81 53 63 49 98 82 
97 13 20 36 52  0 
63 47 88 64 65 98 
38 79 77 24 42 13 90 
 1 46 45 37 73 60 59 
48 13 79 78  0 99 82 
81 47 84 54 16 63 
84 53 81 80 38 76 69 
46 56  1 58 91 23 
55 46 57 64 91 
46  2 72 65 64 56 
 8  1 55 23 40 
30 43 92 60 37 51 
74 92 73 51 59 
30 62 18 67 11 
30 43 28 71 61 11 
87 88 53 47 16 10 49 
49 88 65 57 56 91 
 0 72 57 49 64 99 98 
70 28  4 68 29 69 
27 37 30 18  6 61 
 4 66 17 69 80 
66 70 80 54 76 68 
28 66 71 69 76  7 
11 62 28 70  7 
36  5  0 65 57  2 14 
74 60  1 39 24 51 
96 42 24 92 60 73 
95 97 96 21 29 43 92 
38 54 77 69 70  7 
76 38 89 33 50  7 90 
38 81 79 52 82 
38 78 50 13 52 
84 54 83 17 69 68 
53 47 54 38 78 82 
98 47 81 78 52 99 
80 84 16  9 17 
53 54 80 83 16 
15 86 27  6 26 
12 15 85 25 26 
44 88 63 10 31 22 
87 44 63 49 64 91 
33 77  8 39 90 
50 24 39 89 77 
56 64 44 88 55 23 
75 43 96 74 60 59 
11 34 18 41 94 
 6 19 41 93 18 
97 42 96 75 
95 42 75 74 92 
42 13 48 20 95 75 21 
49 65 99 47 82 
 0 65 52 98 82 
