93 94 49 45 62 69 33 
36  7 70 48 55 52 43 
15 32  8  4 11 23 
19 27 63 65 15 32 18 
33 69 12 11 32  2 
24 80 16 64 25 17 89 
95 31 10 68 67 72 73 
36  1 84 96 37 30 55 
15  2 78  9 14 23 
 8 14 60 82 23 29 
31  6 68 58 59 88 16 
 4 12  2 23 81 13 
54 69 42  4 11 13 
12 42 25 80 81 11 
 8  9 78 60 50 79 
76 65  3 32  2  8 78 
10 88 58 64  5 89 
38 20  5 89 24 29 
33 32  3 19 92 45 
 3 27 18 92 90 71 
82 41 21 38 17 29 
20 41 86 55 37 52 38 
36 85 98 70 47 39 99 
29 24 81  9  8  2 11 
29 17  5 80 81 23 
42 34 64  5 80 13 
63 27 67 68 59 40 
63 26 19  3 40 71 
40 59 56 34 64 58 
17 24  9 82 20 23 
96 31 37  7 38 
95  6 96 10 30 88 38 
15  3  2 18 33  4 
18 32  4 69 45  0 
56 57 28 64 25 42 48 
77 74 47 51 72 73 
 1  7 70 84 85 22 
30  7 55 21 38 
30 37 31 88 21 20 17 89 
92 75 90 91 99 47 22 
26 27 59 28 87 56 71 
20 82 21 86 83 
25 34 48 12 54 43 13 
48 42 54 53 52  1 
93 94 74 46 77 50 60 
18 92 33 49  0 
93 44 62 60 61 83 
74 75 39 22 85 35 73 
70 57  1 34 42 43 
92 75 45 74 94  0 
77 51 44 60 14 79 
50 77 76 66 35 79 72 
86 53 55  1 21 43 
43 54 61 86 52 
69 62 12 42 43 53 61 
37  7  1 52 21 
97 57 87 40 28 34 
70 97 56 34 48 
28 64 16 59 10 
26 68 40 28 10 58 
50 14 44 46  9 82 83 
46 62 53 86 54 83 
54 69 93 46  0 61 
26 27 65 66  3 67 
34 28 58 16  5 25 
76 66 15 63  3 
63 65 67 76 51 72 
26 63 68 66  6 72 
26 59 10  6 67 
54 62 12  4 33  0 
97 57 98  1 36 22 48 
91 87 40 27 19 90 
51 66 35 67  6 73 
95  6 72 84 85 35 47 
94 44 49 75 77 47 35 
92 39 49 74 47 
65 66 51 15 78 79 
50 51 44 74 35 
 8 14 15 76 79 
50 51 76 78 14 
24 81  5 25 13 
80 24 23 11 13 
60  9 20 41 83 29 
60 46 41 86 82 61 
36  7 85 96 95 73 
36 84 22 47 73 
53 61 52 41 21 83 
97 99 56 40 91 71 
10 31 38 89 16 
 5 17 38 88 16 
19 92 39 91 71 
39 99 90 87 71 
39 75 18 19 45 90 49 
94 44 46 62  0 
93 44 74 49  0 
31  6 96 84 73 
95 31 84  7 30 
87 99 70 57 56 98 
97 99 70 22 
87 97 39 91 98 22 
