68 61 32 48 93 92 44 
54 51 42 47 69 35  7 
15 31  8 23 11  4 
62 64 15 31 98 19 18 
32 68 12 11 31  2 
88 17 16 24 79 25 63 
72 94 71 66 67 10 30 
83 35 36 29 95 54  1 
15  2 23 77 14  9 
59 14  8 23 28 81 
58 57 67 16 87  6 30 
23  2  4 12 80 13 
53 68 41  4 11 13 
80 79 25 12 11 41 
59 49 78 77  8  9 
 3 31 64  2  8 77 75 
88  5 87 10 63 57 
37 20 28 24 88  5 
 3 31 19 32 44 91 
 3 98 70 18 91 89 
21 40 81 28 37 17 
20 40 85 51 36 54 37 
84 35 46 69 38 97 
 2  8 11  9 28 80 24 
28 23 80 17 79  5 
79 13  5 63 33 41 
62 99 66 67 39 58 
39 58 63 33 57 55 
 9 23 24 17 81 20 
 7 36 95 37 30 
10 87 37 29 95 94  6 
15  3  2 32  4 18 
68  0  4 31 44 18 
63 27 25 41 47 56 55 
73 46 72 71 50 76 
84 22 83 69  7  1 
 7 29 54 21 37 
21 20 36 29 17 88 87 30 
91 74 89 46 22 97 90 
26 99 70 58 27 86 55 
85 82 21 81 20 
42 47 33 25 13 53 12 
53 52 41 47 51  1 
93 73 92 49 59 45 76 
32  0 48 18 91 
92 43 59 82 60 61 
22 84 72 73 74 34 38 
41 42 33 69 56  1 
93  0 73 74 44 91 
59 43 14 78 50 76 
78 49 75 34 71 76 65 
85 52 42 21 54  1 
85 60 53 42 51 
68 61 12 41 60 42 52 
36 21 51  7  1 
96 56 33 27 86 39 
69 47 33 96 55 
58 27 63 16 10 
39 27 67 10 26 57 
49 43 14 45 82  9 81 
53 61 45 82 85 52 
68  0 53 92 60 45 
26 99 66 64 65  3 98 
25  5 16 33 27 57 
62 65  3 15 75 
66 62 64 75 50 71 
71  6 26 62 65 67 
66  6 26 58 10 
 0 61 53 32 12  4 
22 35 56 47 96  1 97 
39 99 98 19 89 86 90 
34 50 72  6 66 65 
84 46 83 34 94  6 71 
46 74 93 43 48 34 76 
46 73 48 91 38 
78 77 15 50 64 65 
34 73 49 43 50 
78 14  8 15 75 
49 50 14 77 75 
25 13  5 24 80 
23 11 13 79 24 
28  9 59 40 82 20 
45 59 60 85 40 81 
84 35 72  7 94 95 
22 35 46 72 83 
60 82 40 21 52 51 
70 39 97 96 55 90 
16 10 88 37 30 
16 87 37 17  5 
70 19 91 38 90 
89 70 86 97 38 
48 74 44 18 19 89 38 
 0 61 93 43 45 
48  0 73 43 92 
72  6 83 95 30 
 7 29 83 94 30 
56 69 97 86 55 
69 22 96 38 86 90 
62 99  3 19 70 
62 26 39 98 70 
