57 64 45 89 41 30 88 
 7 33 50 48 65 44 
14 73 29  4 10  8 76 
17 29 60 58 14 18 94 
64 11 10  2 29 30 
59 15 84 16 23 75 22 
68 90 28 67 62 63 99 
27 91 34  1 33 79 50 
 2 73 26 22  9 13 76 
 8 26 77 55 13 
 4 11  2 12 76 
64 97 39  4 10 12 
10 11 39 23 76 75 
 8 73  9 74 46 55 
 3 29 60  2 73 71 
59 53  5 84 83 98 
84 35 19  5 22 26 
 3 29 18 41 30 87 
 3 17 94 87 66 85 
77 26 35 20 38 16 
34 35 19 50 48 81 38 
80 33 65 93 36 43 
 5 16 26  8 76 75 
59  5 75 31 12 39 
95 58 62 37 54 63 
59 31 51 53 54 37 
77 19  8 22  9 16 
34 35 83 28 91  7 
27 91 83 90  6 99 
 3 17 14  2  4 30 
41 17 29  4 64  0 
25 59 51 23 52 44 39 
69 43 72 68 67 47 
 1  7 79 80 65 21 
27 35  7 50 20 
16 84 83 27 34 19 20 
43 70 87 93 21 86 85 
82 66 95 25 54 24 51 
78 81 20 77 19 
12 23 49 97 11 44 31 
89 69 88 72 42 55 46 
45  0 30 17 87 
88 57 56 78 40 55 
36 70 80 68 69 32 21 
52 31 49 48  1 65 39 
89  0 41 69 70 87 
40 55 72 47 74 13 
46 72 32 67 61 71 74 
50  1 20 81 49 44 
97 96 39 56 81 48 44 
 7 34  1 48 20 
25 31 37 82 52 92 
51 31 92 65 44 
15 59 25 54 98 
25 53 98 37 24 63 
77 78 42 40 46  9 13 
78 81 57 96 49 42 
64  0 96 88 56 42 
 3 60 24 95 61 94 62 
15 53  5 25 31 23 
 3 58 14 61 71 
71 60 47 67 62 58 
67  6 61 63 24 58 
62  6 24 54 98 99 
97 11 96  4 57  0 30 
 1 33 21 93 92 52 44 
94 95 18 37 82 86 85 
68  6 62 32 47 61 
90  6 80 43 79 67 32 
89 40 43 70 45 72 32 
36 43 69 45 87 
61 60 47 74 73 14 
69 40 46 47 32 
14  2  8 13 74 71 
71 47 46 73 13 
76 12 23  5 22 
12 10  8 22  2 75 
26 19 78 55 38  9 
77 55 56 81 38 42 
 7 91 33 80 90 68 
68 43 79 33 21 
56 78 49 38 20 48 
37 66 51 86 93 92 
84 35 15 27 28 98 99 
16 35 83 15  5 
66 18 86 87 36 
93 36 82 66 85 
36 70 45 41 17 18 85 
89  0 57 40 42 
69 40 45  0 88 
68  6 28 91 79 
27 28  7 90 79 
65 93 52 82 51 
65 21 36 86 82 92 
18  3 95 58 66 
24 58 94 66 37 
97 64 57 49 56 
64 11 96 39 49 
54 63 53 83 15 99 
98 63 28  6 83 
