44 85 40 29 61 54 84 
47 43 62 32 96 48  7 
72 10  4 28 13 70  8 
13 28 16 55 90 57 17 
11 61 10 29 28  2 
14 80 21 71 15 56 22 
27 95 59 64 65 86 60 
48 33  1 32 26 87 75 
12 70  9 72 21 25  2 
73 52 25 12  8 
 4 11 98 99 72  2 
 4 61 93 38 10 92 98 
45 68 70 52  9  8 
 3 28 68 70 57  2 
 5 80 56 79 94 50 
 5 21 80 25 18 34 
 3 28 29 40 17 83 
16  3 90 63 83 81 
19 37 34 15 73 25 
48 33 47 77 34 18 37 
76 42 32 62 89 35 
 5 71 72  8 25 15 
 5 71 56 99 98 38 30 
55 91 36 51 60 59 
50 56 49 36 51 30 
21 15 73  9 18  8 
79 27 87  7 33 34 
95  6 79 26 87 86 
13  3 16 29  4  2 
 4 61  0 40 16 28 
97 49 24 56 22 38 43 
66 69 42 65 64 46 
76 20 62  1  7 75 
 7 48 26 19 34 
18 15 80 19 33 26 79 
83 67 81 42 20 89 82 
23 91 63 51 24 49 78 
18 19 74 73 77 
93 43 98 11 22 30 
66 69 85 41 52 45 84 
 0 44 29 16 83 
39 52 54 53 74 84 
66 67 31 20 76 65 35 
47  1 96 38 93 97 30 
66 67 85  0 40 83 
39 69 52 46 68 12 
64 58 45 69 31 68 
 1 43 93 77 48 19 
47  1  7 33 19 
24 36 97 88 30 78 
56 14 94 51 24 
36 23 60 94 50 24 
41 39 74 45 73  9 12 
54 41 74 92 77 
 0 61 41 53 92 84 
23 91 90  3 57 58 59 
 5 14 22 50 24 30 
55  3 13 58 68 
64 59 46 68 57 55 
64 58  6 60 23 55 
59  6 95 94 51 23 
11  4 29  0 54 92 
20 32  1 96 88 89 
90 91 17 36 81 82 78 
59 58  6 65 31 46 
31 42 76 64  6 75 86 
42 67 44 85 39 69 31 
42 66 44 83 35 
46 58 45 13 70 12 57 
39 66 31 45 46 
68 13 12  8  2 
 5 21 72 22 99 
21 71  8 99 10  2 
74 52  9 37 18 25 
41 53 52 73 37 77 
76 32  7 87 65 86 
20 42 32 65 75 
19 37 47 74 53 93 92 
82 63 36 89 88 49 
95 27 80 14 26 94 34 
79 14  5 15 34 
17 63 83 35 82 
81 63 35 89 78 
16 40 17 44 67 81 35 
54 41 39 85  0 
44 66 39  0 84 
27  6 87 65 75 
26 27  7 75 86 
96 62 89 97 49 78 
62 20 88 35 82 78 
55 91  3 63 17 
55 23 90 63 36 
11 61 93 54 53 77 
38 43 11 92 47 77 
50 51 60 95 14 79 
27  6 79 60 94 
 1 43 62 88 97 
88 96 49 43 30 
38 11 10 22 99 
98 10 72 71 22 
