 4 23 53 66 26 43 
99 91 18 15 34 20 
13 72 55 64 88 52 69 
43 12  6 60 23  5 
33 48 45 23  0 53 
 3 60  6 31 86 36 32 
11 12  3  5 36 
74 93 87 91 28 92 38 98 
17  9 30 48 45 61 
71 62 70 48  8 82 17 
94 37 27 58 74 18 
12 59 19 14  6 36 
11 59 37 57 43  6  3 
 2 72 55 19 14 73 
19 11 13 73 68 36 
 1 91 87 34 79 32 
85 64 84 22 69 21 
 8  9 30 54 89 82 
74 99  1 78 58 20 10 
55 13 11 59 14 27 
34  1 18 77 29 78 
69 16 22 24 42 46 
84 16 66 67 24 21 
60 61 45  4  0 43  3 
51 25 67 22 21 42 41 
54 90 50 41 51 24 
 0 66 56 57 44 43 
37 59 58 55 19 10 
30 89 87  7 38 86 31 
77 75 34 49 20 63 97 
28 89 17  8 61 31 
61 30 28 86 60  5 
36 79  5 86 15 87 
85 53  4 48 40 70 
49 29 15  1 79 20 
76 75 42 63 83 41 
14 11  6 68 79 32  5 
56 57 12 59 94 27 10 
 7 28 89 90 50 92 
49 68 96 81 73 47 80 
85 33 65 80 71 70 47 
24 25 42 54 35 83 82 
76 35 24 21 41 46 
12 57  0 23 26  3 
56 93 51 50 67 26 66 92 
61 23  4 48  8 
21 69 76 52 42 
40 65 80 72 73 39 
 4 33  8  9 45 70 
68 39 79 34 29 96 97 
90 25 51 44 92 38 
50 25 44 67 24 
76 78 88  2 69 46 
85 33  4 84 66  0 
90 89 25 17 41 82 
13  2 19 58 88 27 
26 57 44 93 37 94 95 
26 56 37 12 43 
78 18 88 55 27 10 
11 12 37 19 27 
61 31 23  3  5 
30  8 45 23 60 31 
81 71 63 83  9 82 
29 75 35 83 81 62 97 
85 16  2 72 65 69 
64 72 85 40 47 
22 84 67 53  0 26 44 
66 22 51 44 24 
49 39 79 14 73 36 
64 16 52  2 21 46 
 9 48 71 40 33 
81 62 70 40  9 80 
13  2 64 65 73 47 
39 68 14 13 72 47 
 7 93 99 18 98 95 94 10 
77 29 76 35 63 
52 78 77 75 35 42 46 
29 75 76 78 20 
58 18 76 52 77 88 20 
68 49 34 15 36 32 
71 81 39 47 40 
96 39 71 62 63 80 97 
83 62  9 41 54 17 
35 63 62 41 82 
85 16 53 22 66 
64 16 53 33 65 84 40 
87 28 31  5 32 
 7 91 28 86 15 32 
58 55  2 52 78 
90 54 30 28 17 38 
54 89 25 50 38 
 7 87  1 99 98 15 
 7 93 44 50 38 
 7 74 56 44 92 95 
37 56 95 74 10 
56 93 94 74 
49 39 81 97 
96 81 63 29 49 
 7 74 99 91 
74 18  1 91 98 
