44 85 40 29 61 54 84 
62 32 95 43 47 48  7 
72 10  4 28 13 70  8 
13 28 16 55 89 57 17 
11 61 10 29 28  2 
15 80 56 22 21 14 71 
59 60 64 94 27 65 86 
26 33 99 48  1 32 98 75 
12 70  9 25 21 72  2 
12 52  8 73 25 
 4 11 97 72  2 
 4 61 10 92 38 91 97 
45 52  9  8 70 68 
 3 28 68 70 57  2 
56 50  5 80 93 79 
21  5 18 25 34 80 
 3 28 29 40 17 83 
89 63 16  3 81 83 
37 73 25 15 19 34 
77 37 18 47 34 33 48 
62 32 35 42 88 76 
 5 71 15 25 72  8 
38 30 56 97  5 71 
36 90 55 51 60 59 
49 36 30 51 50 56 
73  9 21 15  8 18 
34 33 79 27 99  7 
94  6 79 26 99 98 86 
13  3 16 29  4  2 
 4 61  0 40 16 28 
43 96 38 22 49 24 56 
65 64 46 69 42 66 
62  1 20  7 75 76 
19 34 26 48  7 
19 33 18 26 15 80 79 
42 67 20 88 82 81 83 
23 90 63 24 49 51 78 
74 73 18 19 77 
43 92 30 22 11 97 
66 69 85 45 52 41 84 
 0 44 29 16 83 
39 52 54 53 74 84 
66 67 35 20 65 31 76 
38 92 95 96  1 47 30 
66 67 85  0 40 83 
39 69 52 46 12 68 
45 69 68 58 64 31 
43  1 19 77 92 48 
47  1 19 33  7 
24 36 30 96 78 87 
51 24 93 56 14 
24 36 50 23 60 93 
39 45 12  9 41 73 74 
54 41 74 91 77 
 0 61 41 53 91 84 
23 90 89  3 57 58 59 
50 24 30 22  5 14 
55  3 13 58 68 
68 46 57 64 59 55 
23 60 64 58 55  6 
23 59  6 94 51 93 
11  4 29  0 54 91 
 1 32 20 95 88 87 
36 90 89 17 81 78 82 
46 58 59  6 65 31 
 6 64 31 42 86 75 76 
42 67 44 85 39 69 31 
42 66 44 35 83 
12 70 13 57 46 45 58 
39 66 45 46 31 
68 13 12  8  2 
22  5 97 72 21 
97 71 10 21  8  2 
 9 52 74 25 37 18 
41 53 52 73 37 77 
86 65 98  7 32 76 
65 42 75 20 32 
37 19 47 74 53 92 91 
63 36 49 82 88 87 
94 27 26 80 14 34 93 
 5 14 15 34 79 
17 63 82 35 83 
88 35 81 78 63 
81 17 16 40 44 67 35 
54 41 39 85  0 
44 66 39  0 84 
 6 65 75 98 27 
88 62 78 49 95 96 
62 20 35 82 78 87 
55 90  3 63 17 
23 36 55 63 89 
11 61 92 54 53 77 
38 43 11 91 47 77 
94 60 51 79 14 50 
 6 60 27 79 93 
43 96  1 62 87 
43 95 30 49 87 
38 22 71 10 11 72 
99 27 86 75  7 
26 27 98  7 
