44 40 83 53 60 82 29 
61 32  7 93 43 47 
10 71 13 28 69  4  8 
54 87 56 17 16 28 13 
11 60 29 28 10  2 
14 55 78 15 21 22 70 
27 92 84 64 59 58 63 
 1 32 33 26 74 47 96 
69 12  9 71 21 25  2 
51 12  8 25 72 
71 95 11  4  2 
95 38  4 60 89 10 90 
 9 51  8 45 67 69 
56  3 28 67 69  2 
78 77  5 55 91 49 
78  5 34 18 25 21 
81 40 17  3 28 29 
87 62 81 16  3 79 
15 34 25 72 37 19 
34 18 37 76 33 47 
86 35 61 32 75 42 
 5 15 70 71 25  8 
 5 55 30 38 95 70 
58 59 54 50 88 36 
30 55 48 36 50 49 
15 18  9  8 21 72 
34 77 27 33  7 96 97 
77 26 92  6 84 97 
16  3 29  4 13  2 
16 40  4 60 28  0 
43 94 48 24 55 38 22 
68 46 65 42 64 63 
20 61 75  1  7 74 
34 26 19  7 47 
19 18 77 26 78 15 33 
80 86 20 66 81 79 42 
88 62 24 48 50 23 98 
72 73 18 19 76 52 
30 43 90 11 95 22 
83 65 68 82 45 51 41 
16 81 44  0 29 
82 39 51 73 53 52 
75 64 31 66 35 65 20 
30 94 90 76 93  1 47 38 
81 40 83 65 66  0 
51 39 68 12 46 67 
68 31 63 57 67 45 
43 76  1 19 33  7 
30 94 85 24 36 98 99 
91 50 14 24 55 
23 59 24 36 91 49 
 9 12 72 73 45 39 41 
76 37 73 89 53 41 
 0 60 89 82 41 52 
58 57 23 87  3 56 88 
30 24 14  5 22 49 
54  3 57 67 13 
67 46 56 63 58 54 
59  6 23 54 63 57 
 6 92 58 23 91 50 
11  4  0 53 89 29 
20 86 32 85  1 93 
17 87 88 36 80 79 98 99 
58  6 64 31 46 57 
84  6 74 75 42 31 63 
83 44 39 66 68 31 42 
44 65 81 35 42 
13 56 57 46 45 12 69 
31 46 39 65 45 
67 12 13  2  8 
71 95 22  5 21 
70 95 21 10  2  8 
 9 25 18 51 73 37 
51 72 37 41 52 
 7 32 75 84 64 96 97 
20 32 74 64 42 
19 37 47 90 89 43 52 
34 26 78 27 92 14 91 
15  5 77 34 14 
80 62 17 81 35 
86 35 79 62 99 
16 40 44 17 66 35 79 
83 39  0 53 41 
44 65 39  0 82 
27  6 64 74 97 
61 86 48 94 93 99 
80 35 20 61 85 99 
54  3 17 62 88 
23 54 87 62 36 
11 60 53 90 76 52 
11 38 89 43 76 
59 92 14 49 77 50 
27 77  6 59 91 
43 94  1 61 85 
30 43 48 85 93 
11 38 22 70 71 10 
 7 26 74 97 
74 84 96 27 26 
36 62 48 99 
80 62 98 86 85 48 
