28 57 39 42 79 78 
58 31  7 89 45 41 
27 13 66  8  4 10 68 
51 83 17 27 13 16 53 
28 57 11 10 27  2 
20 67 14 74 15 52 21 
56 88 26 80 61 60 55 
92 31 25  1 45 32 
 9 24 66  2 12 20 68 
 8 24 12 49 69 
11 91  4  2 68 
85 57 91 37 10 86  4 
43 64 66  8  9 49 
27  3  2 66 64 53 
74 96 47 52  5 87 
20  5 98 33 24 74 
77 39 17  3 27 28 
83  3 59 75 77 16 
45 73 36 99 33 32 
72 34 71 82 31 58 
 8 24 15  5 67 68 
29 52  5 67 37 91 
48 35 56 84 51 55 
48 35 47 52 46 29 
15 20  8  9 98 69 
97 26 33 93 92  7 32 
25 97 96 88  6 80 93 
13  3 16 28  2  4 
 0 57 39 16 27  4 
21 52 23 41 90 46 37 
72 61 65 62 63 44 60 
19 71 92 58  7  1 
 7 25 33 18 45 
97 25 98 15 74 18 99 32 
75 76 77 19 72 63 82 
22 48 23 59 84 46 94 
73 18 50 70 99 69 
29 41 86 21 11 91 
43 65 62 79 40 49 
16 77  0 28 42 
38 79 49 70 78 50 
90 89 45 73 29 86 37  1 
 0 39 79 77 63 62 
44 65 64 12 38 49 
30 65 43 64 54 60 
41 73 18  7  1 32 
81 90 95 23 35 94 29 
23 52 48 14 87 
22 35 56 23 47 87 
38 43 12  9 40 70 69 
78 85 73 36 70 40 
83  3 84 22 53 54 55 
23 47 14 21 29  5 
64 13 54 51  3 
64 44 60 53 55 51 
60 54  6 56 22 51 
88 87 48  6 22 55 
85 11 28  0  4 78 
82 19 31 81 89  1 
75 76 17 83 95 84 35 94 
 6 61 30 44 54 55 
72 71 80 30  6 60 
30 65 63 79 42 38 
72 34 77 30 62 42 
43 12 66 44 54 13 53 
30 62 44 43 38 
64 13  2  8 12 
91 21  5 20 68 
20  8 67  2 10 91 
24  9 98 49 70 99 36 
40 49 36 50 69 
72 61 80 19 31 92 93 
71 61 19 34 63 30 
86 41 36 18 85 45 50 
15 33 97  5 14 96 
76 34 59 17 77 
75 34 59 95 82 
17 75 34 63 16 39 42 
85 57  0 79 40 50 
 0 42 62 38 40 78 
71 61  6 26 93 
90 89 46 95 82 58 
76 34 19 95 81 58 
51  3 17 59 84 
59 35 22 83 51 
11 57 86 73 78 50 
11 37 85 41 73 
14 47 48 88 96 56 
96 87 26 56  6 
81 90 41 58  1 
81 89 41 46 29 
21 37 11 10 67 68 
31 71 93 25  7 
80 71 92 26 25 
46 35 95 59 
59 76 46 81 82 94 
14 87 88 97 26 74 
25 26 33 96 74 
15 33 24 99 69 
18 33 98 36 69 
