41 38 77 28 56 76 
40 87  7 31 57 44 
10 66  8 64 13  4 27 
50 81 17 52 16 13 27 
11 56 10  2 28 27 
21 51 65 14 20 72 15 
78 60 26 59 54 55 86 
25 90 31  1 44 98 99 
66 20 12 64  2  9 24 
 8 12 24 67 48 
11 89 66  4  2 
89 36 84 10 83 56  4 
64  8 63  9 42 48 
52  3 63 64  2 27 
 5 51 46 85 94 72 
20 24  5 72 32 96 
17  3 75 38 28 27 
81  3 58 73 16 75 
99 44 35 71 97 98 32 
70 33 69 80 31 57 
66 65  8  5 15 24 
 5 51 65 29 36 89 
47 34 55 82 50 54 
47 34 46 51 29 45 
 8 20 15  9 67 96 
91 90 26  7 95 32 98 
91 25 78 95  6 94 86 
16  3 13 28  4  2 
 4 56  0 38 16 27 
21 51 23 40 88 45 36 
70 60 62 61 37 43 59 
69 90 19  7  1 57 
95 25 98 72 15 96 97 18 
73 74 19 70 75 80 62 
22 47 23 58 82 92 45 
49 71 18 97 67 68 
29 21 40 84 11 89 
30 61 43 42 77 39 48 
75 41 16  0 28 
77 37 48 49 76 68 
88 87  1 44 71 29 36 84 
75 38 62 61  0 77 
63 12 43 37 48 
37 30 63 42 53 59 
 7  1 40 71 99 18 
92 93 79 23 34 88 29 
23 51 47 85 14 
22 34 55 23 46 85 
67  9 37 39 42 12 68 
83 71 35 76 39 68 
81  3 52 82 22 53 54 
23 46  5 21 14 29 
50  3 13 63 53 
63 52 50 54 43 59 
50 22 53 59  6 55 
54 22  6 47 85 86 
83 11  4 28  0 76 
 1 87 31 79 80 19 
73 74 17 81 93 82 34 92 
53 43 30 60  6 54 
69 78 70 30  6 59 
41 62 30 37 77 
70 33 41 61 30 75 
64 12 42 43 53 52 13 
 8 12 63 13  2 
66 20 89 21  5 
65 20 89  8 10  2 
 9 24 48 97 35 68 96 
48 39 67 35 49 
78 60 70 19 31 90 91 
69 60 19 33 30 62 
44 40 84 83 49 18 35 
15  5 95 32 14 94 
74 33 58 17 75 
73 33 58 93 80 
17 73 41 38 16 33 62 
77  0 83 49 39 56 
 0 41 61 37 39 76 
69 60 91 26  6 
80 93 88 87 57 45 
93 74 33 19 79 57 
50  3 17 58 82 
58 34 22 81 50 
49 71 84 11 56 76 
40 36 71 11 83 
47 55 46 14 94 86 
 6 26 55 85 94 
88 40  1 79 57 
40 87 79 29 45 
11 36 65 66 10 21 
69 31 25 91  7 
25 90 26 78 69 
58 34 93 45 
58 74 80 92 79 45 
72 95 14 85 26 86 
25 32 26 72 94 
15 32 97 24 67 
18 32 35 67 96 
25 32  7 99 18 
44  7 98 18 
