28 54 38 41 75 74 
85 40 55 31 44  7 
 4 10 27 64 13 62  8 
79 17 16 27 13 51 
28 54 11 10 27  2 
63 20 14 70 50 21 15 
57 99 26 76 84 58 53 
 1 31 44 97 96 25 88 
24 20  9 64 12 62  2 
48 12 65  8 24 
 4 11 87 64  2 
82 36 81 54  4 10 87 
48  9  8 42 62 61 
62 61 27  3 51  2 
46 83 50  5 70 92 
20 24 94 32 70  5 
17  3 73 27 28 38 
79  3 56 16 73 71 
69 35 95 32 96 97 44 
67 68 78 33 31 55 
15 24 64 63  5  8 
36 29 87 63 50  5 
47 53 80 79 99 98 51 
29 45 34 47 46 50 
15 94 65  9 20  8 
93 32 96 26 89  7 88 
89 76 92 93 84  6 25 
16  3 28  4 13  2 
 0 54 27 16  4 38 
36 40 21 23 45 86 50 
58 68 59 37 43 57 60 
67 19 55  1  7 88 
18 95 94 15 70 93 96 25 
72 78 68 60 73 19 71 
80 47 23 90 56 45 
69 49 65 95 18 66 
29 40 21 87 11 82 
48 39 59 30 43 42 75 
28 16  0 73 41 
48 37 66 49 75 74 
29 36 82 69 86 85  1 44 
60 59 75 73 38  0 
12 48 37 43 61 
57 52 30 37 42 61 
18 69 97 40  1  7 
23 29 77 91 90 34 86 
47 83 23 14 50 
22 53 83 80 34 23 46 
39 37 12  9 65 66 42 
35 69 81 39 66 74 
46 14 23 29 21  5 
98 22 52 79  3 13 61 
43 57 98 51 61 
84 83  6 99 47 22 
81 11 28  0  4 74 
85 77 78 19 31  1 
17 79 90 72 80 34 71 
43 52 30 58  6 99 98 
67 76 68 30 57  6 
30 37 60 75 41 
68 33 73 30 59 41 
13 62 12 51 52 42 43 
13 61 12  2  8 
64 20  5 87 21 
63 20 87 10  2  8 
48  9 94 95 35 66 24 
35 65 39 48 49 
58 76 68 89 19 31 88 
60 33 67 58 19 30 
35 49 18 81 82 44 40 
15 32 93 92 14  5 
72 33 73 17 56 
78 33 90 56 91 71 
16 17 60 33 38 71 41 
75  0 81 49 39 54 
59 37 39 41  0 74 
58 67 89 26  6 
91 78 45 85 55 86 
72 33 91 77 19 55 
17  3 56 80 22 51 
79 56 22 47 34 
69 49 82 11 54 74 
11 36 81 69 40 
47 53 84 46 14 92 
92 83 26  6 53 
55 77 86 40  1 
29 40 85 45 77 
64 10 63 11 36 21 
 7 31 67 89 25 
67 76 26 25 88 
72 56 91 45 34 
72 78 90 77 45 
84 83 14 26 93 70 
92 26 70 32 25 
95 32 65 15 24 
94 32 65 35 18 
18 32 97 25  7 
96 18 44  7 
51 52 57 99 22 
57  6 53 98 22 
