38 28 41 54 74 75 
44  7 31 55 84 40 
27 13  4 10 64  8 62 
27 13 51 17 79 16 22 
54 28 11 27  2 10 
15 20 50 14 70 21 63 
97 57 58 76 83 26 53 
 1 44 31 95 25 87 
64  2  9 24 12 20 62 
12 48 65  8 24 
 4  2 86 11 64 
81 36 80 86 54  4 10 
61 62  9 48 42  8 
27  2  3 51 61 62 
50  5 46 70 91 82 
24 93 70  5 32 20 
38 73 17 27 28  3 
56 79  3 71 73 16 
44 69 98 94 99 95 35 
31 67 68 78 33 55 
64 63  5  8 24 15 
36 86 29 50  5 63 
96 51  3 79 47 53 97 
34 45 50 46 47 29 
 8  9 20 65 93 15 
92 32 26 94 88 95  7 87 
92 25 88 91 83 76  6 
 2 13  3  4 28 16 
38  0 54  4 27 16 
85 45 23 50 40 36 21 
68 58 60 59 57 43 37 
 1  7 87 67 19 55 
98 93 70 92 25 94 15 
72 78 68 60 73 71 19 
45 89 56 79 23 47 
66 49 65 99 18 69 
11 81 86 40 29 21 
30 59 43 39 48 42 75 
 0 28 41 73 16 
66 48 37 49 74 75 
36 81 85 84 29 69 44  1 
38  0 73 60 59 75 
12 61 43 48 37 
30 57 37 52 61 42 
69 18  1  7 95 40 
34 89 85 77 23 90 29 
50 23 47 14 82 
34 79 23 46 22 53 82 
12  9 66 39 37 65 42 
80 74 66 35 39 69 
23 46 29 14  5 21 
 3 13 96 52 61 22 
51 61 43 57 96 
 6 83 97 47 22 82 
 0 28 80 11 74  4 
31  1 84 77 78 19 
72 89 34 79 17 71 
30 58 43 52 96 97  6 
68 67 30 57 76  6 
41 60 30 37 75 
41 59 68 33 73 30 
12 62 52 51 43 13 42 
61 13 12  8  2 
86 21  5 64 20 
10  2 86 63  8 20 
99 93 66 48  9 35 24 
35 49 39 48 65 
68 58 87 88 31 19 76 
67 58 60 33 30 19 
35 49 18 80 81 44 40 
14  5 92 32 91 15 
17 73 72 33 56 
78 33 56 89 90 71 
41 38 60 33 17 71 16 
80 49 54  0 39 75 
37 59 39 41 74  0 
88 26 67 58  6 
85 84 45 90 78 55 
72 33 90 77 19 55 
34 56 17  3 47 22 
81 11 74 49 54 69 
11 36 80 40 69 
91 83 53 14 46 47 
91 82 26 53  6 
77 85  1 55 40 
77 84 45 29 40 
21 36 63 11 10 64 
25  7 88 31 67 
26 25 87 67 76 
72 56 34 45 90 
45 89 77 78 72 
92 26 14 82 70 83 
70 32 25 26 91 
99 98 32 65 15 24 
25 32 98 18 95 
25  7 94 44 18 
52 57 97 51 22 
96 57 22 53  6 
93 32 94 18 99 
93 98 65 35 18 
