40 73 37 72 52 27 
43 91 80  7 30 53 
62 10  8  4 60 13 26 
21 49 16 97 13 26 
 2 10 11 52 27 26 
14 68 15 19 20 61 
92 55 56 74 51 79 25 
90 91  1 30 24 83 
23  9  2 62 19 12 60 
12  8 47 63 23 
82 62  2 11  4 
77 99 52 82 10 35  4 
41 47 59 60  8  9 
59 49 60  2 26  3 
 5 68 87 78 20 22 45 
 5 19 68 31 89 23 
71 69 54 21  3 97 96 
93 34 94 67 43 91 
30 65 66 32 76 53 
61 62 23  8 15  5 
28 22 14  5 61 82 35 
92 49 51 46 54 16  3 
44 33 28 20 14 45 
19  8  9 15 63 89 
 7 90 31 88 83 84 25 
84 74 24 88  6 79 87 
 4  2 13 27 97  3 
 4 52  0 37 26 97 96 
22 44 20 39 81 35 
42 55 56 57 58 66 36 
18 65  1  7 53 83 
90 95 15 68 89 88 24 
76 70 66 58 69 18 71 
22 44 85 45 46 54 
93 17 48 67 64 
39 28 20 82 77 11 
38 73 57 47 41 42 29 
40  0 27 71 96 
72 48 73 36 47 64 
43 80 67 81 28 35 77 
73  0 37 57 58 71 
12 47 42 59 36 
29 55 50 59 41 36 
39 80 67  1 91 17 
22 33 86 75 85 28 81 
14 22 78 33 46 
78 51 21 45 33 54 
41 12 38 36  9 63 64 
72 38 98 67 34 64 
92 21 50 59 13  3 
92 55 42 59 49 
78 79 21 92  6 46 
72  0 11 99  4 98 27 
 1 30 76 75 80 18 
46 21 16 85 33 69 70 
 6 92 42 29 56 50 
29 55  6 74 65 66 
29 58 40 73 36 
29 57 40 32 66 71 
42 50 49 13 41 12 60 
13 59 12  8  2 
62 82 20  5 19 
82 10  2  8 61 19 
 9 47 64 93 23 89 
38 47 63 48 34 93 
56 74 66 84 18 30 83 
56 65 32 58 29 18 
77 99 98 48 34 17 43 39 
15  5 14 31 88 87 
32 70 71 16 54 
86 76 85 32 69 54 
69 32 40 58 37 16 96 
52  0 73 38 48 98 
40  0 72 38 57 36 
 6 56 65 84 25 
86 44 76 81 80 53 
86 75 70 32 18 53 
99 67 11 35 39 
51 79 87 14 46 45 
51  6 78 25 87 
39 43  1 81 75 53 
39 80 28 75 44 
62 10 11 35 20 61 
 7 30 65 84 24 
65 74 83 24 25 
44 33 86 70 54 
44 75 76 70 85 
14 68 88 78 79 25 
31 68 24 25 87 
23 15 31 95 63 93 
31 95 94 91  7 24 
94 90  1 43 17  7 
 6 55 50 49 21 51 
94 17 95 34 64 63 89 
93 95 90 91 17 
93 89 31 90 94 
16 97 71 37 27 
26 27  3 16 96 
52 99 72 48 67 
77 67 11 52 98 
