37 40 71 52 27 72 
30 53  7 79 89 43 
 4 10 61  8 26 13 59 
95 16 21 49 13 26 
11 10 52 27  2 26 
20 60 14 67 15 19 
51 78 90 54 55 73 25 
30 82 88 89 24  1 
 9 12 23  2 61 19 59 
12  8 47 62 23 
81 61 11  4  2 
76 97 52 81 10  4 35 
41 47 59  8 58  9 
26  2 59 58 49  3 
45 77 22 20 85 67  5 
67  5 19 31 87 23 
70 94 68 95 98 21  3 
43 89 92 66 34 91 
75 32 53 65 64 30 
61  8 23 60 15  5 
35 28 81 60 22 14  5 
51 90 49 46 98 16  3 
14 45 44 28 20 33 
19  8  9 15 62 87 
83 82 88 31  7 25 86 
83 24 85 78 73  6 86 
27  4  2 13 95  3 
37 94 52  4  0 26 95 
35 39 80 44 20 22 
65 57 55 54 42 36 56 
18 53 64 82  7  1 
88 24 15 67 87 86 93 
75 69 18 70 57 65 68 
84 99 44 46 45 22 
63 48 91 17 66 
81 11 76 39 28 20 
41 47 38 72 42 29 56 
40  0 27 94 70 
36 47 71 48 72 63 
35 28 80 76 79 43 66 
37  0 70 57 72 56 
36 47 12 58 42 
29 54 50 41 36 58 
39 79 66  1 89 17 
80 74 84 33 28 22 
14 77 46 33 22 
21 51 99 33 77 45 98 
36 41 38 12 63 62  9 
71 38 96 66 63 34 
21 90 50 58 13  3 
90 54 42 58 49 
78 77 21 90  6 46 
71  0 11 97  4 27 96 
74 79 75 18 30  1 
 6 90 50 29 55 42 
29 54  6 73 65 64 
29 36 72 57 40 
40 70 32 65 29 56 
13 59 12 41 42 50 49 
 2  8 13 12 58 
20 81  5 61 19 
81 10 60  2  8 19 
63 47 91  9 23 87 
38 48 47 62 91 34 
65 18 73 55 30 82 83 
29 57 18 64 32 55 
76 97 96 48 34 17 43 39 
85 14  5 15 31 86 
70 16 99 69 32 98 
75 32 84 99 68 
37 94 16 40 57 32 68 
38 48 52  0 72 96 
38 36 71 40  0 56 
 6 55 64 83 25 
79 53 75 80 84 44 
32 69 74 53 18 84 
97 66 11 35 39 
51 78 14 45 46 85 
51  6 85 77 25 
74 53 80 39 43  1 
74 79 39 28 44 
20 60 61 10 11 35 
30 64 83 24  7 
82 24 73 64 25 
75 69 74 99 33 44 
77 14 78 67 25 86 
25 24 85 67 31 
23 15 31 93 62 91 
31 24  7 89 92 93 
88  7 92  1 43 17 
51 21  6 54 50 49 
92 17 93 63 62 34 87 
88 89 17 91 93 
91 87 92 31 88 
37 27 70 16 95 
27 94 26 16  3 
71 48 66 97 52 
76 66 11 52 96 
68 16 99 21 46 
84 33 69 68 46 98 
