33  4 36 67 66 48 
95 39 49 26  7 81 
12 25  4  9 54 96 56 
12 25 86 15 20 45 
25  2 86 33  9  0 10 48 
18 55 19 14 62 13 
50 68 82 24 47 91 
80 23 26  1 74 81 
11 93 43 57 22 
 4  2 10 73 56 
 9  4 73 31 48 88 
54 53 93 37  8 43 
25  2  3 54 45 53 
62  5 19 21 41 71 77 
22 18  5 79 27 62 
63 99 86  3 20 89 
30 83 84 61 39 81 
59 60 26 28 70 49 
22 14 97  5 55 56 
21 72 55  5 73 31 13 
 3 15 45 89 82 47 42 
19 72 40 29 13 41 
14 18 79 97 93 57  8 
80 27  7 74 75 24 78 
75 23  6 68 91 78 77 92 
12  2  4 86  3 
 1  7 49 74 59 17 
23 80 85 79 14 62 78 
52 65 63 60 64 70 17 
21 40 41 76 90 42 
83 16 61 44 58 
35 72 73 10 88 19 
51 38 52 34 43 37 67 
 4 86 65 36 98 99  0 
43 58 44 66 32 67 
61 39 94 72 31 88 
65 52 33 67  0 
32 38 43 53 11 
32 51 37 46 53 50 
35 61 94 95  1 16 81 
21 72 29 76 69 
29 21 13 71 42 
47 71 29 90 89 20 41 
34 58 32 37 11  8 57 
66 87 34 58 61 30 
20  3 12 53 46 82 
53 45 38 50 82 
 6 91 71 82 20 42 
 0  4 10 66 87 88 
95  1 26 17 70 69 
 6 68 46 38 51 82 
60 52 32 38 59 68 50 
65 28 36 60 51 32 67 
12 45 46 38 37 54 11 
12  2 96 93 11 53 
 5 18 56 73 19 
 9 73 55  2 96 97 18 
79 83 58 43  8 22 
34 43 44 30 83 57 
60 51 68 74 26 17 75 
52 28 51 59 17 
44 87 39 35 16 88 30 
 5 13 14 27 77 78 
99 15 65 28 64 98 90 89 
63 28 70 90 76 
52 28 36 63 98 33 
44 87 34 67  0 48 
52 36 32 34 66  0 
59 51  6 50 75 24 
76 40 95 49 70 94 72 
64 28 17 49 76 69 
92 91 47 13 41 77 42 
35 94 21 19 40 31 69 
10 31  9 56 55 19 
26  7 23 59 75 
74 23 59 68 24 
90 64 29 70 40 69 
71 13 62 78 24 92 
24 23 77 27 62 
27 85 14 83 57 22 
23 27  7 85 84 81 
 1 39 16 84  7 80 
46 45 20 50  6 47 
79 85 84 16 30 58 57 
85 83 80 16 81 
80 27 84 83 79 
99 15  4 25  3 33 
66 44 61 48 88 
10 31 35 48 87 61 
20 15 63 90 42 
64 63 76 29 89 42 
24  6 47 71 92 
77 24 91 71 
54 96 97 11  8 22 
35 72 39 95 69 
94 39  1 49 69 
54  2 93 97 56 
22 93 96 18 56 
63 65 99 33 
63 15 86 98 33 
