35 65 32 64 46  4 
79  7 47 93 38 26 
54 94 25 12  4 52  9 
25 12 84 43 20 15 
 2 25 84 32  0 46  9 10 
18 53 60 13 14 19 
48 80 89 24 66 45 
 1 79 78 23 72 26 
55 41 11 91 22 
 2 54  4 71 10 
 4 46  9 86 71 31 
51 36  8 91 52 41 
 3 25  2 43 51 52 
69 75 60 21  5 19 
22 18 77 27 60  5 
84  3 87 61 20 97 
30 81 38 79 82 59 
47 68 57 58 28 26 
14 22  5 95 54 53 
70 21 13 31  5 53 71 
80 45 40 87 43  3 15 
69 13 70 39 29 19 
55 77 95 91  8 18 14 
78  7 72 73 76 24 27 
76 90 66 73 23 89  6 
 3 12  2 84  4 
17 47  1 72 57  7 
83 78 23 76 60 14 77 
63 61 50 58 62 68 17 
74 39 69 40 88 21 
81 16 59 56 42 
19 71 34 86 70 10 
35  0 63 96  4 84 97 
64 65 99 41 56 42 
59 38 86 70 31 92 
 0 65 50 63 32 
51 37 98 41 11 
51 36 44 48 49 98 
16 79  1 93 59 34 92 
21 70 67 74 29 
88 87 45 69 20 29 
98 36 99 33  8 55 11 56 
85 64 56 30 59 33 
44 80 20  3 12 51 
80 43 51 37 48 
69 40 89 80  6 20 
64  0  4 85 86 10 
 1 93 17 68 26 67 
44 80 37 49 66  6 
57 58 66 50 99 48 37 98 
35 65 63 28 58 99 49 
36 37 44 12 52 43 11 
51 12 11 91 94  2 
54 71 18  5 19 
 2 94 95 18 53 71  9 
77 81  8 41 56 22 
33 41 55 30 81 42 
17 58 49 66 72 73 26 
50 28 17 57 49 
38 16 30 85 86 34 42 
76 75 13 27 14  5 
63 28 96 87 88 62 15 97 
88 61 28 68 74 
61 28 96 50 35 32 
 0 65 46 33 85 42 
 0 35 50 99 64 33 
49 57 73 24 48  6 
47 68 74 93 39 70 92 
62 28 47 17 74 67 
75 13 45 40 89 90 21 29 
21 39 67 31 34 19 92 
53 54 19 31  9 10 
73 57 23  7 26 
72 57 66 24 23 
62 68 88 67 39 29 
69 13 60 76 90 
90 24 60 75 23 27 
81 83 27 14 55 22 
79  7 23 82 83 27 
 1  7 78 38 16 82 
43 20 44 45 48  6 
82 16 83 77 30 55 56 
16 79 78 83 81 
77 81 82 78 27 
 3 25  4 32 15 97 
64 46 86 59 42 
46 85 59 34 31 10 
88 40 61 20 15 
87 40 61 62 74 29 
69 90 45 24  6 
76 24 75 69 89 
52 94 95  8 11 22 
67 93 70 34 38 
 1 47 38 67 92 
 2 54 95 91 52 
54 94 18 22 91 
61 63 32 97 
15 84 32 96 61 
36 41 99 37 49 
50 65 49 98 41 33 
