94 82 33 62 44 63  4 
77  7 25 45 36 91 
50 11 92 24  4 52  8 
41 11 19 24 82 14 
24  2  9 44 82  0  8 
18 51 17 13 58 12 
46 78 43 87 64 23 
22 70 25 76 77  1 
52  2  4  9 69 
84 44 30 69  4  8 
89 50 49 34 39 99 98 
50 49  2 41  3 24 
20 18  5 67 73 58 
26 58 75  5 17 21 
85 59  3 82 19 95 
29 79 57 77 36 80 
55 56 25 27 45 66 
51  5 13 21 93 52 
69 51 68 20  5 30 12 
41 78  3 85 38 14 43 
28 37 67 68 18 12 
17 13 75 53 98 89 93 
70  7 74 23 71 76 26 
 6 64 88 87 74 22 71 
 3 82  2 11  4 
70  7 55 16 45  1 
74 58 81 75 76 22 13 
56 16 48 61 59 60 66 
67 38 86 72 37 20 
57 40 79 15 54 
68 18 32 84  9 69 
63 97 62 39 40 54 
57 36 84 68 30 90 
 0 94 61 48 63 
49 35 96 39 10 
47 46 42 49 96 34 
77 15 57 32 90  1 91 
72 28 20 68 65 
67 28 86 85 19 43 
34 96 97 31 10 99 54 
31 62 83 57 29 54 
49 11  3 19 78 42 
46 78 35 49 41 
19 78 38 67 87  6 
 0 62 83 84  9  4 
25 16  1 66 65 91 
47 35 64  6 78 42 
46 35 64 96 97 48 56 55 
97 47 33 61 63 56 27 
42 35 41 11 50 34 10 
49 11  2 10 92 89 
18  5 17 69 52 
92  2 69 51 93 17  8 
75 21 79 98 99 54 
40 31 39 99 29 53 79 
56 16 25 70 71 64 47 
48 47 55 16 27 
36 32 84 83 40 29 15 
73 74 26 12  5 13 
85 86 60 14 27 61 95 
86 59 72 27 66 
33 94 48 27 59 95 
 0 44 83 63 31 40 
48 33 97  0 62 31 
46 47  6 23 71 55 
68 37 90 72 66 45 91 
45 16 27 60 72 65 
28 38 20 12 73 43 87 88 
20 37 18 30 32 90 65 
51 18 30  9 52  8 
22  7 25 71 55 
70 22 23 64 55 
28 37 86 60 65 66 
74 58 12 67 88 
73 58 88 23 22 26 
13 26 21 53 79 81 
22  7 80 81 77 26 
36 15 80 76  7  1 
43 19 46  6 42 41 
53 75 81 15 29 80 54 
77 15 79 81 76 
79 75 80 76 26 
94  0 24  3 14  4 95 
62 44 84 57 40 
83 44 30 32  9 57 
86 59 19 38 14 
28 38 72 85 59 60 
43 67 88 23  6 
67 87 73 23 74 
92 50 98 21 10 93 
68 32 36 65 91 
90 36  1 65 45 
 2 50 89 93 52 
89 92 17 21 52 
 0 82 33 61 95 
94 82 14 59 61 
47 35 97 34 39 
96 47 48 63 31 39 
89 21 53 99 10 
98 53 39 10 54 
