60 59 31  4 78 90 42 
98 74 67 23 63 87 
49 88 47 10  7  4 22 
39 17 10 13 78 22 
78  0  7  2  8 42 22 
12 15 55 11 16 48 
43 61 75 41 83 21 
49  2  4  8 66 
 7  4 66 28 42 80 
95 37 32 94 85 47 46 
47  2  3 39 46 22 
 5 55 64 18 16 70 
 5 15 55 19 72 24 
 3 17 78 91 81 56 
76 74 97 34 54 27 
49 89 12  5 48 19 
11 18  5 65 48 28 66 
39 75 41  3 13 36 81 
64 11 16 26 65 35 
50 94 85 89 72 15 12 
73 99 67 24 71 21 68 
83  6 20 71 61 84 68 
10  2  3 78  4 
25 57 53 52 67 63  1 
55 71 73 77 12 20 72 
45 58 53 23 57 56 
64 18 36 82 35 69 
54 14 38 97 51 
66  8 30 65 16 80 
60 59 37 51 93 38 
65 28 54 34 80 86 
 0 60 45 58 90 
37 92 33 46  9 
32 46 92 44 43 40 
74 14 54 30 87 86 
26 18 65 62 69 
64 41 17 26 82 81 
29 51 93 92 95 32  9 
29 51 59 79 54 27 
75 17 40  3 10 46 
75 43 33 46 39 
75 17  6 64 36 83 
 0 59 79  4  8 80 
44 61  6 75 33 40 
45 53 93 92 52 61 43 33 
31 60 58 44 53 93 25 
10 47 32 33  9 40 39 
88  2 10 46  9 85 
15 49 66  5 16 
88 89  2 15  7 66 48 
97 51 95 94 96 72 19 
29 37 95 50 97 38 27 
44 53 61 23 67 68 
44 45 52 25 23 
38 79 34 14 30 80 27 
11  5 12 70 71 24 
91 58 25 57 82 81 13 
23 25 56 82 63 69 
45 31 90 91 25 56 
 0 60 29 38 79 42 
 0 59 31 45 29 93 
44 52 43  6 21 68 
35 65 63 69 87 86 
23 57 69 62  1 87 
11 18 36 41 83 84 26 70 
16 18 28 30 35 62 86 
 7  8 49 28 48 16 
52 23 20 99 98  1 68 
20 67 21 61 52 
63 62 35 57 82 26 
11 64 84 55 71 
55 70 24 20 21 84 
96 50 19 77 12 24 
76 77 74 20 99 98 24 
76 14 73 34 98  1 87 
39 17 41 40 43  6 
73 77 74 14 97 96 
73 76 96 72 24 
 4  0 90  3 13 22 91 
38 59 42 54 80 
42  8 79 28 30 54 
36 82 13 17 56 
36 26 81 57 56 69 
64 41  6 21 84 
70 71 21 83 64 
19 94 89  9 47 88 
87 62 34 30 65 
34 74  1 63 62 86 
49 89  2 47 85 
88 49 15 19 85 
78  0 31 58 91 
90 58 78 13 56 
37 93 44 32 33 
29 60 45 37 92 44 
50 95 19 85  9 
37 51 50 94  9 
76 97 50 72 77 
76 14 96 50 51 27 
73 99 74 67  1 
73 20 67 98 
