23 40 63 20  3 50 
95 16 18 87 13 31 
 5 10 40  4 57 20 
45 30 42 20  0 50 
33  5 28 57 82  2 29 
10  9 33  4  2 
45 42 58  7 27 15 
78 15  6 59 45 67 68 
94 16 34 90 55 24 91 
12 33 10 56 17  5 
56  9 40 54 34  5  2 
96 69 17 52 12 98 
33 65  9 96 17 11 
87 83  1 29 75 31 
66 19 61 80 81 
85 51 27  6 78  7 
 8 94 95 55 74 18  1 
24 52 56  9 12 11 
74 16 73 26  1 31 
66 14 21 39 64 43 80 
40  0  3 42 58 57  2 
19 39 64 48 22 38 
51 38 86 47 21 48 
53 54 40  0 63 41 
55  8 52 34 56 17 
83 35 82 28 27 85 
71 60 73 18 93 46 31 
 6 58 28 25 85 15 
82 25 58 57 27  4 
 4 82 33 83 13 75 
 3 50 45 67 37 81 
75 13 46  1 26 18 
72 39 71 38 79 60 
29  4 75 65 12  9  5 
53 54 90  8 10 56 24 
25 83 87 70 47 86 88 85 
77 76 92 44 97 65 46 
44 62 67 68 30 76 81 
21 39 22 51 78 79 32 
21 19 43 72 38 32 
23 54  0 20 10  2 
63 64 23 89 53 88 47 48 
45  6  3 20 58 
19 39 66 72 49 
62 37 97 69 36 76 
30  3  6  7 67 42 
93 26 92 75 65 36 31 
86 22 35 88 41 48 
41 64 47 22 21 
43 66 99 72 98 84 74 
80 63  0  3 30 81 
22 38 86 78 85 15 
55 84 98 24 17 11 
34 54 23 89 90 41 
53 34 23 40 10 
52 84  8 16 74 24 
10  9 34 24 17 
 4 28 58 20  2 
42 20 57  6 28 27 
79 60 78 77  7 68 
71 26 59 79 32 93 77 
66 14 99 69 62 81 
61 69 44 37 81 
80 64 23  0 41 50 
63 80 19 41 21 48 
33 12 96 97 36 75 46 
19 14 43 61 99 49 
45  7 68 37 30 
37 76 67 77 59  7 
98 99 97 96 61 62 44 11 
87 95 94 35 88 89 91 
26 60 72 73 32 
43 39 49 74 73 71 32 
72 74 71 18 26 
55 16 84 49 72 18 73 
29 13 33 65 46 31 
77 36 44 37 68 
59 60 93 92 36 76 68 
51 15 38 79 59  7 
78 38 59 60 32 
50 63 64 19 14 81 
80 50 30 14 62 37 61 
25 83 28  4 29 
25 35 87 82 13 29 
52 55 74 98 49 
86 51 27 25 35 15 
51 22 47 35 85 
83 35 70 95  1 13 
70 35 89 47 41 
90 53 41 88 70 91 
89 53 34  8 91 
70 94  8 90 89 
77 93 36 46 
26 60 77 92 46 
 8 16 95 70 91 
94 16 70 87  1 
97 65 12 69 11 
96 65 69 44 36 
52 84 99 69 11 49 
98 69 66 61 49 
