72 96 21 61 85 65 
47 86  3 20 45  6  9 
15 12 76 20  9 37 
99 40 76 20  1  6  7 
11 13 46 53 10 14 
73 39 59 41 81 19 
47 64  1  3  7 
 6 64 78 26 40  3 
93 35 30 44 45 83 92 
45 44  2 20  1 37 
16 62 53  4 14 68 
70 17 53 22 13  4 
54 79 15  2 89 76 
 4 11 47 46 17 87 
 4 10 46 16 63 26 64 
12 79 73 39 34  2 37 
24 62 10 33 63 14 
83 87 92 13 11 70 48 
22 69 71 97 19 66 65 
82 69 66 59  5 81 18 
76  3  2  1  9 
61  0 55 65 50 23 51 
53 69 71 75 11 18 70 
43 56 21 55 54 51 
80 67 33 16 62 34 
52 36 32 49 95 74 
63 14 64 78 28  7 
91 35 36 57 58 49 
63 26 84 78 52 32 
88 56 98 58 43 
44  8 31 90 35 
38 41 44 30 90 42 
28 84 52 25 85 72 74 
60 63 67 24 16 
24 62 39 80 79 15 
91 27 90 93  8 30 49 
52 77 25 57 27 49 
38 44  9  2 73 15 
73 41 31 44 37 
73  5 15 81 62 34 
77 78  3 99 57  7 
73 38 31 59  5 42 
91 90 43 50 59 31 41 51 
29 56 58 91 23 42 51 
31 38 30  8  9 45 37 
 1 86  8 44  9 83 
47 13 64  4 14 
46 13 64  1 86  6 87 
95 94 92 17 93 70 49 
35 27 93 36 25 95 48 
66 59 65 21 42 51 
42 43 50 23 21 
78 77 36 25 28 32 
69 68 10 22 11  4 
12 79 80 55 89 56 23 
61 67 80 54 21 23 
29 88 89 54 43 23 
36 27 77 40 99 98 58 
91 27 57 98 29 43 
 5 41 50 66 19 42 
63 84 61 67 33 85 
60 67 55 21  0 85 
16 24 10 81 82 39 34 68 
60 84 28 26 33 16 14 
26 14 46 47  6  7 
66 18 97 50 96  0 21 
50 59 19 18 65 
60 61 55 80 24 33 
53 10 82 62 69 
53 68 22 18 82 19 
75 94 22 11 17 48 
22 75 18 96 72 97 74 
96 71  0 85 32 74 
39  5 15 41 38 37 
32 25 94 95 72 75 71 
94 70 22 71 74 
88 99  3 20 89 12  2 
78 40 52 36 57 
77 40 52 28 26  7 
54 12 15 80 34 
24 67 54 79 55 34 
82 62 39  5 19 
69 68 62 81 19 
87 86 17 45  8 92 
60 63 28 32 85 
72  0 60 84 32 61 
 1 47 45 87 83 
17 13 47 86 83 
98 99 29 56 89 76 
54 56 88 12 76 
35 91 31 30 42 
35 27 90 58 43 42 
17 83 93  8 48 
35  8 49 92 48 
75 70 74 95 48 
49 25 74 94 48 
72 71  0 97 65 
71 18 96 65 
88 99 29 57 58 
88 98  3 40 76 57 
