93 69 81 59 98 48 
 9 43 19 45 82  3  6 
35 15  9 12 73 19 
19  1 38  7 95 73  6 
51 11 13 44 14 10 
57 39 18 70 78 37 
45  1  3  7 62 
24 62 75 38  3  6 
43 79 88 89 33 28 42 
35  2  1 43 42 19 
14 16  4 60 65 51 
51 20  4 13 17 67 
52 85 15  2 73 76 
45 83 44  4 11 17 
 4 44 61 16 24 62 10 
35  2 12 76 32 70 37 
31 22 61 60 14 10 
46 67 88 79 11 83 13 
57 63 96 78 97 66  5 
73  2  9  1  3 
68 72 66 11 51 67 
53 99 54 52 49 41 
64 77 32 31 16 60 
34 50 30 47 91 71 
 7 62 75 26 14 61 
47 34 55 56 33 87 
50 75 30 80 24 61 
84 54 94 56 41 
33  8 86 42 29 
86 28 36 39 42 40 
50 23 81 69 71 26 80 
64 22 16 58 61 
76 15 77 22 60 37 
 8 89 47 25 28 87 86 
23 50 47 25 55 74 
15  2  9 42 36 70 
35 42 29 39 70 
70 15 32  5 78 60 
74 55 75  7 94 95  3 
36 29 40 57 70  5 
57 39 29 86 49 48 41 87 
54 21 49 27 56 87 40 
 8 43 28  9 35 36 29 
 9  1 42  8 79 82 
45 62 13 14  4 
44 62 13 83 82  1  6 
90 91 47 89 67 88 17 
23 91 34 25 46 89 33 
98 99  0 93 49 63 57 40 
99 21 48 41 40 
34 23 30 74 75 26 
10 65 11 20 66  4 97 
54 85 21 53 12 76 77 
99 21 52 98 59 64 77 
52 85 21 84 27 41 
34 25 56 74 94 38 
55 25 94 27 87 41 
63 48 18 40 39  5 
81 59 64 80 31 61 
81 58  0 98 53 64 
32 22 16 37 78 96 65 10 
31 16 80 26 24 58 14 
44 45  7 24  6 14 
48 93 92 66 57 18 
59 58 53 77 22 31 
97 51 60 96 10 
68 20 92 51 63 97 18 
46 90 72 20 17 11 
72 20 92 69 71 66 
68 92 93  0 81 30 71 
36 39 35 15  5 37 
30 23 69 68 72 90 91 
68 20 71 90 67 
84 85 95 12  2 19  3 
34 50 55 75 38 
74 50 24  7 26 38 
12 15 52 32 77 
64 22 32 76 52 53 
 5 18 37 60 96 
43 82  8 88 17 83 
81 30 26 58 61 
30 69 59 58  0 80 
45 83  1 43 79 
45 13 82 79 17 
73 85 95 54 27 94 
52 54 84 73 12 
28 33 87 29 40 
56 25 33 41 86 40 
46 89  8 79 17 
46 47 88  8 33 
46 91 67 71 72 
23 47 46 90 71 
68 69 93 66 63 
92 69  0 48 63 
27 56 55 84 95 38 
73 84 94 38  3 
78 60 65 97 18 
51 65 66 96 18 
 0 59 53 99 48 
53 21 98 48 49 
