80 68 92 97 58 47 
44  6 81 19  3  9 
19 72 35 15 12  9 
72 94 19  7  6 38  1 
43 14 50 11 13 10 
39 69 37 56 18 77 
 7  3 61 44  1 
 6  3 38 74 24 61 
87 78 42 28 33 88 
35 42  2 19 81  1 
16 59 50  4 14 64 
20 66  4 13 50 17 
75 51  2 72 15 84 
11 17 44 43  4 82 
43  4 24 60 61 16 10 
37 32 75 69 35  2 12 
22 31 59 60 14 10 
82 78 87 45 13 11 66 
 5 56 62 65 96 95 77 
72  3  2  9  1 
71 66 67 65 50 11 
48 41 99 51 52 53 
32 76 63 31 59 16 
70 30 90 49 34 46 
14 60 26 74  7 61 
55 86 54 34 33 46 
24 74 60 30 79 49 
83 93 55 53 41 
29 85 36 42 33  8 
40 85 39 36 28 
70 23 68 80 79 26 49 
57 63 60 22 16 
37 15 75 76 22 59 
28 85 86 25 46  8 88 
54 25 73 49 23 46 
36 42 69 15  2  9 
39 69 35 29 28 42 
32 15 69  5 59 77 
94 93 54 73  3  7 74 
 5 69 56 40 36 29 
48 41 56 39 47 29 85 86 
48 21 40 53 55 27 86 
28 36 35  9 81 78  8 
13 44  4 14 61 
13 43 61  6 82 81  1 
46 90 87 17 89 66 88 
45 90 23 34 25 33 88 
48 98 40 56 97  0 92 62 
41 21 99 98 40 47 
26 30 23 74 73 34 
20 65 96 10  4 11 64 
75 76 52 21 12 53 84 
63 58 97 99 51 76 21 
51 21 41 27 83 84 
55 93 25 38 73 34 
27 93 41 86 25 54 
 5 18 39 40 47 62 
63 31 58 80 60 79 
63 57 80 52 97  0 
32 37 22 77 16 95 10 64 
57 31 24 26 14 79 16 
 6  7 24 44 43 14 
65 18 56 47 92 91 
57 31 58 22 76 52 
95 59 10 50 96 
67 20 62 18 91 96 50 
17 45 89 71 11 20 
70 68 71 20 65 91 
30 70 80 67  0 92 91 
15 35 37 39  5 36 
90 23 30 68 89 71 67 
89 66 70 20 67 
94  3 19 83  2 12 84 
38 54 74 49 34 
24  7 26 38 73 49 
51 76 32 15 12 
51 75 32 22 63 52 
59 37  5 18 95 
42 81 82 17 87  8 
30 26 80 57 60 
57 58 30 68 79  0 
82 44 78 42  9  1 
17 13 44 78 81 
94 93 72 27 53 84 
83 72 12 51 53 
40 29 86 28 33 
55 25 41 40 85 33 
17 78 45  8 88 
46 33  8 87 45 
70 90 71 45 66 
70 23 46 45 89 
92 68 67 65 62 
 0 68 47 62 91 
94 83 27 55 54 38 
72  3 83 93 38 
96 18 77 59 64 
65 18 95 50 64 
99 98 47 52 58  0 
99 97 48 47 
97 98 48 21 52 
