95 46 78 66 57 90 
79  9 43 18  3  6 
12 15 70 34  9 18 
37 92 70  1 18  7  6 
10 49 14 11 13 42 
38 67 36 75 55 98 94 
 1  3  7 43 60 
 3 37 72 23 60  6 
76 85 41 86 32 27 
79 41  1 34  2 18 
 4 49 58 16 14 62 
19 64  4 13 17 49 
 2 15 50 82 70 73 
42 43 80  4 11 17 
59 16 10  4 42 23 60 
12  2 67 36 34 31 73 
59 30 58 10 14 21 
85 76 80 44 64 11 13 
 1  3 70  9  2 
69 64 65 63 11 49 
50 51 97 52 96 47 40 
16 30 58 61 31 74 
33 45 29 48 68 88 
25 72 59 14 60  7 
45 32 84 33 53 54 
29 77 48 72 59 23 
91 81 54 52 40 
 8 32 35 28 41 83 
38 39 35 27 83 
68 66 22 78 77 48 25 
16 59 56 21 61 
21 58 36 15 74 73 
45 24 84 86  8 27 83 
24 53 45 71 22 48 
67 35  2  9 15 41 
38 67 28 34 41 27 
67  5 15 31 58 75 
 3 92 71 72 53 91  7 
28 39 35 67  5 55 
47 46 38 28 84 40 83 55 
54 84 26 39 47 52 20 
34  9 79 76  8 35 27 
60 43 14  4 13 
79  1 60 42 80 13  6 
86 85 64 87 45 17 88 
24 32 33 22 86 44 88 
95  0 39 47 96 55 99 90 
39 46 96 20 40 
29 22 25 33 71 72 
93 62 19 63 11  4 10 
12 82 51 20 52 74 73 
97 95 50 20 57 61 74 
50 20 82 81 26 40 
71 37 24 33 54 91 
24 53 84 91 26 40 
39 46 38  5 98 99 
59 30 77 78 61 57 
78 56 61  0 95 51 
10 16 21 62 31 36 75 
16 30 56 77 14 25 23 
42 43 14 23  7  6 
56 30 21 57 51 74 
10 58 93 49 75 
65 19 89 98 99 49 93 94 
87 69 44 17 11 19 
68 66 69 19 63 89 
29 68 78  0 65 89 90 
15 34 36 35 38  5 
88 22 29 66 87 69 65 
87 64 68 65 19 
 3 92 81 82 12  2 18 
37 72 53 33 48 
37 71 25 23 48  7 
74 31 12 15 50 
61 21 31 51 50 73 
36  5 94 58 62 93 
85  8 41 79 80 17 
56 59 29 78 25 
29 66 77  0 56 57 
41  9  1 43 76 80 
76 17 79 43 13 
70 92 82 91 26 52 
12 50 81 70 52 
84 39 28 27 32 
24 32 54 40 39 83 
76  8 17 86 44 
45 32  8 85 44 
68 69 64 44 88 
44 45 87 22 68 
65 63 66 99 90 
99 46 89  0 66 
81 92 26 54 53 37 
37  3 70 81 91 
62 75 49 63 94 
 5 75 93 98 63 
97 51  0 46 57 96 
47 46 95 97 20 
51 95 20 96 
 5 55 99 63 94 
98 63 89 55 46 90 
