91 54 74 63 86 43 
32 13 16 67 10  8 
 6 34 88 67 16  5 
11 39 12 61 17 46  9 
35 64 33 71 90 94 52 
16  2  6 40 75 57 
69 34 21 57  2  5 
30 82 25 81 38 72 
32 38  1 16 75 
59 46  3 14 55 12 
47 70  1 67 13 78 
39  3 61 15 76 40 
14 56 21 57 39  3  9 
33 64 29 70 32  1 10 
28 56 19 55 12  9 
41 61 81 11 72 76 
 1 67  2  8 75  5 
 3 46 60 66 61 62 
48 93 92 37 49 47 44 
29 55 14 28 58 97 
45 31 42 84 65 27 
56 12 69  6 23 57 
30 42 31 80 51 50 
21 56 73 27 45 69 
87 51 37 49 77 
30 79  7 26 98 38 
35 99 25 79 98 36 
74 73 63 65 20 45 23 
14 56 19 58 53 
19 55 33 13 70 97 
 7 82 42 25 79 80 22 
45 68 20 42 22 50 
98 38 99 64 13  1  8 
29 55 71 13 64  4 
50 68 87 69  6 88  2 
64 99 26  4 36 52 
26 79 80 37 35 44 43 52 
49 18 80 51 24 36 44 
98 32 25  7 72 75  8 
 3 12 11 40 57 
75 76 11 39 57  5 
83 84 42 82 81 61 15 
30 82 20 31 84 22 41 
44 36 92 86 95 91  0 52 
36 37 92 18 43 
68 31 20 27 23 69 
59  9  3 17 60 89 
70 96 49 18 48 10 78 
93 18 54 91 58 96 47 
37 18 24 47 77 78 
68 34 87 31 22 51 
37 80 22 87 24 50 
36 35 43  4 94 95 
28 56 73 58 54 74 
91 48  0 58 53 74 
19 29 14 33 71 59  9 
28 14 53 73 12 21 23 
39 12 21 40  6  5 
48 96 54 19 28 53 97 
89 46 71 55  9 
46 17 62 89 85 95 90 94 
17 66 83  3 41 15 11 
65 66 63 17 60 85 
74  0 27 65 86 62 85 
32 99 35 33 13  4 
83 66 27 20 63 62 84 
83 61 17 65 62 
88  2 77 16  1 10 78 
45 31 50 34 69 
68 34  6 45 23 21 
13 29 97 96 47 10 
33 55  4 59 89 90 
15 81 38 75  7 76 
53 56 74 27 23 
53 54 73  0 63 27 
72 76 38 40  8 16  5 
72 75 40 15 11 
24 87 88 49 67 78 
47 49 77 10 67 
25 30 80 26 36 
30 79 37 51 22 36 
 7 82 41 15 72 
30  7 42 81 41 
66 65 84 61 41 
20 42 65 83 41 
62 60 95 86 63 
63  0 85 95 43 
24 51 50 34 88 77 
87 34  2 67 77 
46 59 60 71 90 
89 60  4 71 94 
54 48 93  0 92 43 
93 18 91 44 43 
48 18 92 91 
90  4 60 95 52 
85 60 86 94 43 52 
58 48 70 97 47 
19 29 70 96 58 
32 99 26 25 38 
64 32 35 98 26 
