88 83 52 71 61 
13 10 65 16  8 32 
33 85  6  5 65 16 
45 17 59 11 38  9 12 
99 62 34 50 91 87 68 
55 39  6  2 72 16 
55  5  2 33 21 67 
37 25 30 69 78 79 
16 72  1 37 32 
53 57 45  3 14 12 
97 75 93 65  1 13 29 
15 73 39 38 59  3 
38 55 14 54  9  3 21 
 1 10 29 98 99 62 32 
54 28 53  9 12 19 
11 73 69 78 59 40 
65  2 72  8  1  5 
 3 45 60 64 59 58 
36 47 43 46 90 96 89 
14 53 28 56 92 93 29 
44 31 27 81 63 41 
12 55  6 54 23 67 
48 49 31 77 30 41 
54 70 27 44 67 21 
36 49 47 74 84 
94 26 76 37 30  7 
94 25 76 35 34 95 
71 70 23 44 20 63 61 
51 56 54 14 19 
13 98 19 93 10 53 
76 25 77 22  7 41 79 
48 22 66 44 20 41 
 1 13 62 95  8 94 37 
 2 85 48 66  6 84 67 
35 26 50 62 95  4 
77 76 26 43 36 34 50 42 
49 24 47 18 43 77 35 
94 25  7 32 69 72  8 
39 55 12  3 11 
55 38  5 72 73 11 
79 78 41 81 80 59 15 
30 22 31 20 81 79 40 
35 43 50 89 88 83 91 
36 18 35 89 42 
67 23 66 31 20 27 
 3 17 86 57 58  9 
52 56 90 18 96 88 92 
36 18 24 97 75 74 96 
33 66 49 22 84 31 
36 24 48 22 84 77 
35 34 42 91  4 
28 56 52 54 70 71 
46 56 51 88 71  0 
57  9 14 19 29 98 68 
51 70 28 23 14 12 21 
39 38  5 12 21  6 
52 46 28 51 19 92 
53  9 45 68 86 
45 17 86 60 82 87 91 
17 64 80 40  3 11 15 
64 17 63 82 61 58 
82 60 63 83  0 71 27 
95 32 34 13 99  4 
20 27 64 60 61 81 80 
60 17 63 59 80 
75 10  2 85 74  1 16 
33 48 67 31 44 
21 23  6 33 66 44 
99 98  4 87 53 57 86 
 7 78 37 72 73 15 
51 54 27 71 23 
27 70 51 52  0 61 
73 69 39  5 16  8 37 
72 69 39 15 11 
47 24 75 84 85 65 
97 47 10 74 65 
25 26 30 77 35 
36 49 30 76 22 35 
 7 69 79 40 15 
 7 78 30 41 40 
59 64 40 81 63 
63 20 41 40 80 
61 60 83 91 58 
88  0 61 82 42 91 
33 85 48 74 24 49 
33  2 84 74 65 
45 57 68 87 58 
 4 91 86 68 58 
46 90 52 89  0 83 42 
88 90 18 43 42 
46 18 88 89 
82 83 42 50  4 87 58 
96 97 93 46 56 19 
97 10 92 19 29 
25 26 37 32 95 
32 94 62 34 26 
47 18 97 46 92 
47 75 10 96 93 92 
29 13 53 99 68 
13 62 98  4 68 
