 3 49 19 39 22 61 
17 30 15 93 12 85 
 4 55  5  9 39 19 
41 44  0 49 29 19 
80 28 32  5 27  2 55 
32  4  2  9  8 
41 56 26 14 44  7 
65 44 76 57  6 66 14 
16 11 99 32  5  9 
39 53  2 33 99  5  8 
16 11 67 96 51 94 
16 10 94 63 32  8 
 1 30 73 28 81 85 
59 64 79 78 18 
 6 26 50 76 83  7 
72 54 17  1 93 92 
51 23 10 11  8 99 98 
72 71 25 30 15  1 
38 42 20 64 13 78 62 
56 55 41  2 39  0  3 
38 37 18 62 21 47 
20 37 47 50 84 46 
39 53  0 61 40 52 
51 54 16 92 98 33 88 
80 81 27 26 83 34 
71 69 58 91 17 30 45 
 6 56 14 27 24 83 
80 24 26 56  4 55 
32 73 80 81 12  4 
49 79 36  3 44 65 
45 73 25 17  1 12 
70 69 38 37 77 58 
 4 28  5 63 11  8 73 
 9 53 99 98 23 52 88 
24 81 83 84 46 86 68 85 
45 63 95 43 74 75 90 
60 79 29 74 66 65 43 
38 31 77 76 20 50 21 
70 42 31 37 20 18 
 9 53  2 19  0 22 
22 61 47 46 62 87 52 86 
 3 44  6 56 19 
48 70 64 38 18 
95 67 60 35 74 36 
29  3 65 41  7  6 
30 73 63 35 90 91 25 
84 21 47 34 40 86 
20 21 46 40 62 
70 42 64 97 82 72 
29 79  3  0 61 78 
37 21 76 14 84 83 
82 96 23 54 16 10 
89 87 33 53 22 40 88 
 9 39 33 22 52 
51 23 82 72 15 92 
27 56  4  2 19 
 6 41 26 19 27 55 
76  7 77 58 75 66 
91 75 57 77 31 69 25 
97 64 13 67 60 79 
36 79 59 67 43 
22 40  0 49 78 62 
47 20 18 78 61 40 
45 35 73 95 94 32 11 
48 42 97 59 13 18 
29 36 44 66  7 
74 75 57 65  7 36 
10 96 97 94 95 59 60 43 
89 87 93 86 34 85 
70 71 31 58 25 
48 42 71 69 38 72 31 
70 69 72 17 25 
48 70 71 82 54 17 15 
45 30 63 28 32 12 
75 35 43 66 36 
74 35 58 91 57 90 66 
77 37 57  7 50 14 
31 37 76 57 58 
61 49 79 13 18 62 
36 60 49 29 59 13 78 
24 81 28  4 27 
24 80 28 12 34 85 
51 96 54 97 48 72 
26 14 50 84 24 34 
50 21 83 34 46 
34 81 68 12  1 93 
87 40 46 34 68 
89 52 40 68 86 
52 33 89 23 92 
92 93 52 87 68 88 
75 35 91 45 
58 75 90 45 25 
23 54 15 93 89 88 
 1 15 92 89 68 85 
10 11 67 95 63 
94 67 63 35 43 
51 82 67 10 97 
64 48 82 96 67 59 
33 23 99 16 
 9 33  8 16 98 
