56 76 65 48 82 77 
60 15 30 12  9  7 
31  6 79 60 15  5 
11  8 36 52 16 54 10 
81 62 57 32 93 85 46 
 2  6 51 37 66 15 
31 61  2 98 51  5 
66 15 35  1 30 
13 49 11  3 52 
60  1 87 91 12 27 69 
14 54 67 37 36  3 
13 50  8  3 36 99 51 
93 57 30  1  9 27 92 
49 18  8 11 50 26 
54 38 63 67 10 72 
 1 60 66  7  2  5 
 3 52 54 80 55 59 53 
43 90 34 84 83 41 
87 27 49 13 86 26 
94 95 25 75 58 29 39 
45 44 71 29 28 39 
94 25 64 50 99 61 98 
45 78 34 43 68 
63 35 88 24 70 72 73 28 
33 32 89 88 23 70 
21 94 58 56 65 19 64 
13 50 18 86 42 47 
18 87 49  9 12 92 
70 23 73 20 71 39 
20 44 95 19 97 39 
12  1 57 89  7 35 88 
78 79 61 97  6 96  2 
57  4 33 24 89 46 
34 71 32 24 46 40 70 41 
43 17 22 45 71 33 41 
30  7 63 23 66 88 
10 37  3 11 51 
10 67 66 36 51  5 
54 74 14 75 72 73 39 
29 20 28 73 75 19 38 
46 33 85 77 83 41 
34 17 83 40 33 
26 86 90 84 47 48 82 
90 17 91 34 22 68 69 
78 45 97 96 20 29 
78 44 22 34 71 20 
32 33 40  4 85 
42 48 26 65 64 50 
65  0 42 47 82 
18 27 13  8 52 62 92 
13 11 26 21 64 99 47 
11 99 36 37 98  6  5 
 3  8 49 62 80 16 
80 16 55 76 81 85 
14 10  3 16 38 74 59 
56 58 76 59 16 53 
58 25 65  0 76 55 
30 12 32  4 93 89 
56 25 75 74 55 19 59 
58 74 55 16 54 
 1 15  9 68 79  2 69 
31 97  6 95 98 21 94 
81  4 80 52 49 92 93 
67 14 23 35 66 72 
21 25 65 50 47 
56 25  0 48 64 47 
35 63 67 37  7 15  5 
63 14 10 37 66 
60 79 22 43 78 69 
 9 60 68 91 43 
23 24 33 71 28 
45 34 33 20 70 28 
23 63 38 14 73 
72 23 38 28 39 
38 54 75 59 58 
38 74 58 19 39 
 0 56 55 53 85 77 
85 40 83 76 82  0 
45 44 22 31 79 68 96 
78 31 60 68  2 
16 52 62 81 53 
62  4 80 53 85 
83 84  0 48 42 77 
84 17 82 77 40 41 
90 17 42 83 82 
53 76 81  4 46 40 77 
87 18 91 90 26 42 
18 27 86 91  9 
23 35 24 89 30 
32 24 57 30 88 
43 17 91 86 84 42 
90 43 86 87  9 69 
62 93 49 27 12 
 4 57 12 62 92 
61 21 95 25 19 
61 97 94 19 29 
31 97 78 44 
61 31 95 96 44 29 
99 21 61  6 51 
21 50 11 51 98 
