54 63 46 74 80 75 
 6 14 58 28 11  8 
77 29 99  5 14 58 
 9 52 34 10  7 15 50 
44 83 79 91 55 30 60 
99  2 64 35 49 14 
 1 14 64 33 28 
12 47 10  3 50 
11  1 85 25 89 67 58 
52  3 13 65 35 34 
12  7 48  3 34 49 97 
91 55 25 90 28  1  8 
17 24 48 47  7 10 
36 52  9 65 70 61 
 5  2 64  6  1 58 
57 52 53 78 50 51  3 
82 81 88 32 41 39 
12 24 25 47 84 85 
27 37 93 73 56 23 92 
27 37 42 43 69 26 
92 23 62 59 96 97 48 
43 32 41 76 66 
71 26 70 61 86 33 68 
56 18 54 63 92 62 20 
17 12 48 84 40 45 
47 90 17 85 11  8 
19 37 69 71 22 68 
19 37 42 95 18 93 
33 86  6 87  1 55 11 
95 94 59 77  2 98 76 99 
44 31  4 55 87 68 
69 32 39 38 44 30 68 
43 21 41 16 69 31 39 
86 22 61 64  6 28 
10  3  9 35 49 
 9 65 64 34 49  5 
72 52 13 73 37 71 70 
27 19 18 26 73 36 71 
75 81 83 39 31 44 
38 81 31 32 16 
80 82 88 46 84 24 45 
32 16 21 88 89 67 66 
19 43 27 95 94 76 
21 32 19 42 69 76 
38 83 31 30  4 
46 63 48 24 40 62 
80 40  0 63 45 
25 90 17 12  7 50 60 
12 24 10 45 62 97 20 
34 35 98 96 97 10 99  5 
47  7  3 15 78 60 
15 53 78 74 79 83 
57 72 13  9 36 15  3 
54 74 57 56 15 51 
23 63 56 53 74  0 
91 11  4 30 87 28 
73 72 18 57 23 54 53 
56 72 52 53 15 
 1 14 77  2 66 67  8 
29 95 20 96 98 93 92 
90 47 78 50 79 91  4 
70 22 13 65 33 64 
23 63 45 48 20 
23 54  0 46 45 62 
65 35 61 33  5 14  6 
61 13  9 35 64 
76 21 77 41 67 58 
41 89 66 58  8 
30 31 87 69 86 26 22 
43 32 31 19 26 68 
22 71 36 13 61 
26 37 36 22 70 
52 57 56 36 73 
56 72 18 37 36 
83 75 54 53  0 51 
83 74 80 81 38  0 
29 94 77 42 21 43 66 
29  2 76 66 58 
15 50 51 79 60 
51 78 83  4 60 
81 82 40 75 46  0 
82 16 80 75 38 39 
81 16 80 40 88 
75 74 38 44 51 79  4 
88 40 17 24 89 85 
84 89 25 17  8 
33 22 87 28 68 
30 55 28 86 68 
40 82 16 41 89 84 
88 41 84 85 67  8 
47 25 60 91 11 
60 90  4 55 11 
93 18 23 20 59 
95 59 27 18 92 
42 95 29 76 
42 94 27 29 59 93 
20 59 97 98 49 
10 48 96 49 20 
96 59 29 49 99 
29  2 98 49  5 
