62 45 78 72 73 53 
27 11  6  8 57 14 
14  5 57 75 28 97 
 7 10 49 15 51 33  9 
54 89 29 43 81 77 59 
63 14 34 48  2 97 
27  1 14 63 32 
12 10  3 49 46 
24 83 11 87 99  1 57 
51 13  3 34 33 64 
47 12 95 48  7  3 33 
27  1 24  8 88 89 54 
47 10 23 17  7 46 
35 51 68 64 60  9 
63  5  6  1 57  2 
51  3 56 52 50 49 76 
79 38 31 40 86 80 
23 12 82 83 24 46 
90 22 91 26 71 36 55 
26 36 67 42 25 41 
31 42 40 65 74 
25 66 69 68 60 84 32 
53 62 55 61 90 18 
47 44 12 17 82 39 
 8 83 11 17 88 46 
19 36 21 66 67 69 
19 36 18 91 93 41 
11  1  6 32 84 85 54 
93 92  2 75 74 58 96 97 
85 54 30 66 43  4 
31 38 67 66 37 29 43 
38 16 40 30 20 42 67 
84 27 21 60 63  6 
34  9 48 10  3 
63  5 48 33  9 64 
71 36 69 68 13 51 70 
26 19 71 18 35 25 69 
30 38 79 73 43 81 
79 16 31 30 37 
86 82 80 23 78 45 44 
31 16 87 98 86 20 65 
19 26 93 92 42 74 
20 31 67 19 74 41 
37 30 29  4 81 
23 47 62 45 61 39 
62 44  0 78 39 
 7 49 17 24 88 59 12 
12 10 23 44 61 95 
94 95 34  5 10 33 96 97 
 3  7 15 46 59 76 
15 52 72 76 77 81 
35 70 56  9  3 13 15 
55 56 53 72 15 50 
 0 62 55 52 72 22 
85 27 29 11 89  4 
56 70 52 71 53 22 18 
55 70 52 51 15 
 8  1 99 14 65 75  2 
28 93 96 91 94 90 
49 46 76 88 77 89  4 
68 21 64 13 32 63 
47 44 62 95 94 90 22 
45 44 61  0 53 22 
14  5  6 34 32 60 64 
63 60 34 13  9 
57 75 40 98 20 99 74 
67 30 21 25 84 85 29 
19 42 30 66 31 25 
69 35 21 60 13 
35 36 25 21 68 
55 71 56 35 51 
18 36 35 55 70 
 0 73 53 52 50 81 
79 78  0 72 37 81 
65 75 20 42 41 92 28 
57 65 74  2 28 
50 77 15 49 59 
50 76  4 81 59 
79 73 80  0 45 39 
38 16 78 73 80 37 
78 79 16 86 39 
43 37 73  4 77 72 50 
87 83 86 17 23 39 
87 82  8 24 17 
21 66 32 27 85 
84 66 54 27 29 
87 82 40 16 80 39 
83 82 99 98 86  8 40 
59 89 11 24 46 
11 54 88  4 59 
61 22 94 18 91 58 
18 90 26 93 58 
41 93 74 28 
26 91 41 92 28 58 
61 95 48 90 96 58 
61 94 47 10 48 
48 94 28 58 97 
28  2 96  5 48 
99 87 40 65 
87 98  8 57 65 
