76 44 71 70 52 61 
56 14  8 27 11  6 
93 28 73 56 14  5 
48  7 15 50  9 33 10 
53 86 75 96 58 29 42 
 2 14 93 47 34 62 
32 27  1 14 62 
48  3 45 12 10 
56 95 84  1 11 80 24 
63 13 50 34 33  3 
 3  7 33 91 46 12 47 
 1 27  8 86 85 53 24 
23 17 45  7 46 10 
59 63  9 66 68 50 
 1 56  2  6  5 62 
48 74  3 50 55 51 49 
83 78 39 31 37 77 
23 79 80 12 45 24 
35 69 26 22 54 88 87 
35 25 26 40 41 65 
73 72 94 39 31 41 
59 32 67 25 64 66 81 
87 18 54 60 52 61 
79 17 38 12 46 43 
 8 11 80 85 17 45 
35 19 67 21 64 65 
19 40 35 90 18 88 
32 81  1 11 82  6 53 
89 72 57 73 92 93  2 
82 53  4 64 30 42 
37 36 31 64 65 29 42 
39 16 20 41 37 30 65 
62 59 21 81 27  6 
 9 34  3 10 47 
47 33  5 62 63  9 
19 25 67 69 26 18 
71 96 37 30 77 42 
36 30 31 16 77 
78 83 76 79 44 23 43 
94 84 83 16 20 31 
89 72 19 26 41 90 
31 20 40 72 19 65 
29  4 36 96 30 
23 46 60 44 38 61 
76  0 38 43 61 
48  7 85 58 12 17 24 
91 60 23 12 43 10 
10 33 91 34 98 92 93  5 
 3  7 45 15 74 58 
15 74 51 70 97 75 
 9 13 15 55  3 68 
15 55 54 49 70 52 
54 22 51 70  0 61 
11 86  4 27 82 29 
51 55 18 22 69 68 52 
50 15 51 54 68 
 8 95 94 73  1 14  2 
28 89 92 98 90 99 88 87 
48 74 45 75 85 86  4 
13 63 62 32 21 66 
87 22 99 91 46 43 61 
60 22 44  0 43 52 
 6 14  5 32 59 34 63 
13 59 62 34  9 
21 25 65 30 29 82 81 
19 25 41 64 30 31 
59 13 68 21 67 69 
35 25 69 21 66 
69 54 66 13 55 50 
35 67 68 54 18 66 
71  0 97 51 49 52 
36 96 76  0 70 97 77 
40 89 28 73 20 41 
28 72 94 56 20  2 
15 48 58 75 49 
58 74  4 96 97 49 
38 78 44  0 71 77 
71 36 37 76 78 16 
83 16 38 76 77 
84 83 38 23 17 80 
 8 84 79 17 24 
27 32 82 21 64 
27 53 29 64 81 
78 16 38 84 79 39 
 8 95 94 79 83 39 80 
86 11 58 45 24 
11 53 58 85  4 
99 57 88 60 22 18 
90 57 26 18 87 
40 72 28 57 90 
89 40 26 57 88 
99 98 60 46 10 47 
28 57 93 98 47 
92 28  2 47  5 
56 95 84 73 20 39 
56  8 84 94 
36 71 75  4 97 42 
75 96 71 70 49 
92 57 47 91 99 
91 60 98 57 87 
