74 43 99 60 69 51 
13  6 55 26 11  8 
71 27 91 55  5 13 
47  7 14 49  9 32 10 
52 84 41 94 28 57 73 
91  2 61 33 46 13 
61 31 13  1 26 
44 47 16  3 10 45 22 
 1 55 93 11 23 78 82 
12 49  3 32 62 33 
 3  7 32 46 89 45 
83 23 84 52 26  1  8 
65 67 62  9 58 49 
55  2  6 61  1  5 
48 50 49  3 47 54 72 
75 36 30 38 76 81 
44  7 23 78 77 22 
86 85 68 53 21 25 34 
24 34 25 39 64 40 
71 70 40 30 38 92 
79 31 65 66 58 63 24 
51 60 85 17 53 59 
42 37 77 16 45  7 
16 78 44 83 11  8 
34 66 63 64 20 18 
88 39 86 17 34 18 
52 11  1 80  6 79 31 
71 70  2 87 56 90 91 
29 41 63 80 52  4 
30 36 41 28 35 64 63 
40 19 36 15 38 29 64 
79 20 26  6 61 58 
 9  3 33 10 46 
 9 62 32 61 46  5 
66 68 17 25 24 18 
94 98 41 75 36 29 
75 15 30 29 35 
74 43 76 42 81 77 22 
30 15 19 92 82 81 
40 70 87 88 25 18 
19 70 39 30 64 18 
29 28 35 94  4 
37 43 60 22 45 59 
 0 74 37 60 42 
47 57  7 16 23 83 
10  7 89 42 22 59 
33 32 90 96 10 91 89  5 
44 57  7 72 14  3 
14 50 69 95 72 73 
 9  3 12 67 14 54 
14 48 69 51 53 54 
60  0 50 53 69 21 
80 26 28 11 84  4 
17 68 67 50 51 54 21 
14 50 49 67 53 
71  2 92 13  1 93  8 
96 97 85 27 87 90 86 88 
84 83 44 47  4 72 73 
31 61 62 20 65 12 
45 89 42 97 60 85 21 
 0 43 51 42 21 59 
33 62 58 31  6  5 13 
12 58  9 33 61 
64 29 28 80 79 20 24 
30 40 29 63 24 18 
68 67 66 20 58 12 
65 20 68 34 24 
54 53 68 65 49 12 
67 53 17 65 66 34 
99  0 48 50 95 51 
71 19 27 40 39 87 
19 70 27  2 55 92 
57 47 14 48 73 
 4 57 72 95 94 48 
75 98  0 43 99 37 76 
36 15 74 98 76 35 
37 74 75 15 81 
16 78 82 81 37 22 
23 16 77 82  8 
31 20 26 80 63 
79 26 63 28 52 
77 37 76 82 38 15 
77 78 38 92 81 93  8 
23 11 44 57 84 
57 83 11 52  4 
56 97 59 86 17 21 
85 56 17 88 25 
27 56 39 70 88 
87 39 56 86 25 
96 46 10 97 45 59 
96 56 27 46 91 
27  2 90 46  5 
38 82 55 71 19 93 
92 82 55  8 
35 98 41 95  4 73 
94 98 99 69 48 73 
56 97 90 46 89 
96 56 85 59 89 
75 74 99 94 35 95 
74 98  0 95 69 
