48 55 40 91 69 64 
98 66 24 10  4 85 
46 11 29  7 44 93 
79 53 68 49 88 38 25 
10  1 85 43 30 56 
23 97 10 74 28 56 
96  8 77 73 99 20 87 
83 42 29  2 43 93 92 
49 79  6 96 20 23 78 
57 30 29 46 60 62 
98 99 97  1  4  5 56 
45 67 44  2 47 51 46 
35 76 27 71 33 70 
72 73 20 41 19 92 
80 18 81 22 31 63 50 
31 22 36 37 59 21 
65 66 86 35 27 37 
28 60 61 74 58 21 
14 50 48 55 80 54 
39 42 13 72 34 92 
 6  8 73 13 41 78 
58 59 15 17 61 31 
81 82 14 31 36 15 
75 49 96  8 97  5 74 
65 66  1 82 52 84 85 
38 26 75 49  3 58 
32 38 33 27 59 25 58 
35 12 16 33 26 37 59 
57 56 60 17 74  5 
43  7  2 46 30  9 
43 29  4 56 57  9 
14 22 63 61 15 21 
38 26 88 33 70 90 
32 26 27 12 70 
40 69 19 72 39 76 71 
86 77 76 12 16 27 
82 65 37 22 15 
65 16 27 36 59 15 
32 26 88  3 25 
55 40 19 42 34 54 
39 55 34 69  0 
53 44 13 20 93 78 92 
 7 83 39 19 54 92 
 7 29 84 95 85  4 30 83 
 2 11 67 53 41 93 
68 89 67 11 47 64 
 2 11 51  9 29 62 
50 51 48 11 45 64 
50 18 55  0 47 64 
 8 79  3 75 25 23 
14 18 63 48 62 51 47 
50 62 47 11 46 
80 94 82 24 81 84 95 
68 67 44 41 78 79  3 
80 94 39 55 18 42 83 
39 40 48 18  0 54 
 4 10  5 28 30 57 
30 56  9 60 28 
59 26 25 75 74 17 21 
27 26 37 58 15 21 
 9 57 28 17 62 63 61 
60 17 63 31 21 
60  9 46 51 63 50 
14 31 50 60 62 61 
 0 48 47 91 45 89 
16 66 24 82 37 36 
16 65 24  1 98 86 
68 53 45 44 11 
67 53 45 89  3 88 
34 40 71  0 91 70 90 
71 69 33 32 12 90 
76 12 34 69 70 
77 73 13 19 34 76 
77  6 72 20 13 
28 17 58 75 23  5 
25 49 58 74 23 
72 77 34 35 12 71 
 6 73 72 76 87 86 35 
53 41 20 79  8 
78 53  8  3 49 
52 94 54 18 14 81 
82 22 52 80 14 
52 24 65 81 22 36 
95 43 94  7 42 54 
52 24 95 43 85 
 4  1 24 84 43 
98 66 16 87 77 35 
 6 77 86 99 98 
68 89  3 38 32 90 
45 68 88 91 64 90 
91 69 70 32 88 89 
 0 69 64 89 90 
13 19 42 41 93  7 
44 41  7  2 92 
52 80 54 95 83 
52 94 84 43 83 
 6  8 99 97 23 
96 99 10 23  5 
 1 66 86 10 99 87 
96  6 97 98 10 87 
