98 85 45 60 37 52 
92 10  4 62 22 80 
87  7 26 43 11 41 
50 64 83 35 23 46 74 
10 53 27 40  1 80 
69 21 91 10 53 25 
72 82 68 73 93  8 90 
39 86 87 78 40  2 26 
21 46 74  6 73 90 
27 26 43 95 56 94 58 
 4 53 93 92  1 91  5 
 2 41 63 43 42 44 48 
32 71 66 65 30 97 
19 86 38 73 67 68 
76 28 59 75 18 47 
28 20 33 34 55 
62 81 32 61 34 97 
54 69 20 25 56 57 
47 14 45 75 51 52 
13 86 39 67 31 36 
55 54 17 28 15 57 
70 46  8 69  5 91 90 
49 79 62 61  1 77 80 
 3 46 35 24 54 70 
23 35 96 30 55 29 54 
17 56  5 53 69 95 94 
40  7 27  2  9 43 
 4 53 40 26  9 94 
76 14 33 15 20 59 57 
65 30 83 35 85 24 
65 12 29 24 96 97 
71 67 19 66 99 36 37 
71 12 72 81 16 97 
28 76 61 34 15 77 
33 61 16 96 55 15 97 
83  3 23 29 24 
39 51 19 31 37 52 
98 99  0 31 36 52 
13 86 87 73 41 50 
86  7 19 78 51 36 
78  7 89 79  4 27 26 80 
38 87  2 11 63 50 
84 64 63 60 44 11 
 2 11 48 26  9 58 
45 47 60 42 11 48 
47 44 60  0 18 52 
23  3 74 70 21  8 
59 14 45 44 48 18 58 
47 44 11 43 58 
79 22 89 77 76 75 88 
64 63 74  3 38 73 41 
39 78 36 88 75 18 52 
37  0 45 18 51 36 
10  4 27 94  5 25 
55 20 24 23 17 69 70 
96 34 24 54 20 15 
17 25 59 57 95  9 58 
28 20 59 56 17 
43  9 48 56 59 47 
28 14 57 56 58 47 
45 44  0 85 84 42 
62 22 33 34 16 77 
81 16 92 61 22  1 
41 11 50 64 42 
63 50 84 42  3 83 
66 12 30 99 98 85 29 
71 12 31 99 65 
71 72 31 19 13 68 
67 13 73  6 72 
21  5 17 54 70 25 
54 69 23 21 46 
32 12 72 67 31 66 
71 32  6 82 81 67 68 
38 13 68  6  8 74 50 
 3 46  8 73 50 
76 49 14 88 51 18 
28 14 33 77 49 75 
76 49 33 22 61 
39 51  7 40 89 88 
49 22 89 40 80 
 1  4 40 79 22 
62 16 32 72 82 92 
 6 72 81 92 93 
84 64  3 35 85 29 
60 85 42 64 83 
98  0 60 84 83 65 29 
39  7 87 19 13 38 
86  7 38  2 41 
49 89 75 51 78 
79 49 78 40 88 
93  6 91  8 21 
93 10  5 21 90 
81 82 62 93 10  1 
 6 82 92 10 91 90 
27 53  9 25 95 
 9 56 25 94 
55 34 24 30 97 
30 12 96 32 16 34 
 0 85 37 99 65 
66 31 37 98 65 
