83 96 50 43 35 58 
10 90 78 21  4 60 
41 25 11  7 39 85 
44 72 33 81 62 22 48 
78 38 26 51 10  1 
24 51 67 20 89 10 
70 66 80 88  8 71 91 
25 38 76  2 37 85 84 
72 71 20 44 88  6 
25 26 92 93 54 56 41 
 5 89 51  4  1 90 91 
41  2 40 42 61 46 39 
66 65 71 36 18 84 
74 27 73 57 45 17 
27 31 32 19 53 
99 98 79 95 59 60 32 
24 67 52 19 55 54 
50 49 43 45 73 13 
37 34 12 65 30 84 
27 14 55 53 52 16 
44  8  5 89 67 68 88 
47 77 78 60 59  1 75 
44 68 33 23  3 52 
28 33 29 94 22 53 52 
 5 51 92 93 67 54 16 
38  7 26  2 41  9 
38 25 92 51  4  9 
74 13 31 14 19 55 57 
33 81 23 29 63 83 
63 28 23 94 95 98 64 
69 65 64 97 18 34 35 
27 74 14 32 59 75 
59 15 95 31 14 94 53 
28 81 23  3 22 
37 49 50 18 30 35 
50 34 97 96 30  0 
12 71 48 39 85 84 
49 34 76  7 18 84 
87 76  7 25 26 78 77  4 
11  2 61 48 36 85 
11 42 61 58 82 62 
25  2 11  9 56 46 
43 45 58 11 40 46 
42 45 50 17  0 58 
 8 72  3 22 68 20 
42 43 17 13 57 56 46 
11 42 41 56 45 
87 77 21 86 75 74 73 
71 72 36 61 62  3 39 
37 34 76 86 50 17 73 
49 34 35 17 43  0 
92 24 26  5 10  4 
67 68 53 19 22 23 16 
19 14 32 94 23 52 
93  9 24 57 55 56 16 
27 19 54 57 16 
54  9 57 41 46 45 
54 55 27 13 56 45 
 0 83 42 43 82 40 
60 15 21 32 31 75 
59 15 79 90 21  1 
48 62 40 11 39 
 3 81 61 48 82 40 
97 96 64 29 28 83 
69 98 97 63 30 29 
70 66 69 30 12 18 
70 65  6 71 12 
20 68  5 24 52 16 
22 44 20 67 52 
70 65 99 98 30 64 
66 65 69 79 80 99  6 
72  8  6 66 12 36 48 
71  8 44  3 48 
74 47 86 13 49 17 
27 13 31 75 47 73 
74 47 31 21 59 
87 38 86 49 37  7 
78 38 87 47 21 
77 38 21  4  1 
80 90 70 99 15 60 
79 90 70  6 91 
33 28 83  3 62 82 
83 81 58 62 40 
63 96 28 81  0 58 82 
 7 37 85 18 12 36 
 7  2 39 36 84 
87 76 49 47 73 
38 76 77 47 86 
20 89  8  6 91 
 5 20 10 88 91 
80 79 60  1 10 91 
88 89 80 90  6 10 
24 51 26 93  9 
 9 92 54 24 
29 23 95 32 53 
15 98 29 94 32 
63 97 83 35  0 
63 96 64 30 35 
99 69 15 95 64 29 
69 98 70 79 15 
