58 20 76 88  9  3 
39 10 23  6 83 37 
79 60 42 70 21 31 46 
76 36 24  0  9 49 
 9 87 65 22 19 49 
68 78  7 69 89 64 86 
74 35 36 23  1 83 82 
70 42 69  5 86 19 
52 54 91 39 23 24 90 
88  0 89 87  4  3 49 
 1 39 44 40 38 59 37 
69 34 82 17 64 63 
16 43 55 71 72 25 
25 29 30 51 18 
97 96 77 93 58 57 30 
50 65 52 53 22 18 
47 48 41 43 71 12 
32 35 82 11 28 63 
53 15 13 51 25 50 
65 66 87 86 42  7  4 
58  0 73 57 76 75 45 
98 99 42 66  2 31 50 
52 15 49  4 65 91 90 
 1 39  6 36 24  8 
23 36  3  8 49 90 
29 72 13 12 55 53 18 
99 27 81 79 61 31 
93 96 62 92 26 99 61 
62 67 95 32 17 33 63 
73 57 72 25 13 30 
92 93 13 51 29 57 14 
79 26 99 21  2 
17 35 47 48 28 33 
28 95 32 48 94 
69 11 82 83 46 37 
32 17  6 74 47 82 
76 75 85 74  6 23 24  3 
34 83  1 46 59 10 
60 80 56 40 10 59 
23  1  8 44 54 10 
44 43 38 56 41 10 
40 43 16 56 48 
66 19  2 70 21  7 
44 40 41 16 55 54 12 
40 43 54 39 10 
20 75 73 85 84 71 72 
 2 60 70 59 69 34 37 
74 35 32 16 48 71 84 
47 16 32 41 56 94 33 
 3 24  4 22  9 90 
98 51 66 21 65 15 18 
92 98 13 30 50 18 
54 55 53 15 22 91  8 
25 55 52 15 18 
44 39 55 43 52  8 
12 43 25 54 52 53 
38 80 40 41 48 81 94 
29 73 58 14 20 30 
14 57 77 20  0 88 
46 60 38 10 37 
38 80 79  2 46 59 
81 26 62 95 27 94 
27 96 67 28 95 61 
28 67 68 64 17 11 
69 11  5 68 63 
66 19  4 50 15 22 
42 19 21 50 65 
97 96 68 62 28 63 
78  5 97 67 77 64 63 
34 11  7  5 70 46 64 
 7 42 69 46  2 
45 84 72 12 16 47 
73 29 45 71 12 25 
29 57 72 20 45 
36 85  6 35 47 84 
76 36 20 85 45 
75 36 20  0  3 
97 14 68 78 58 88 
68  5 77 89 88 
60 80 81 26  2 31 
38 60 56 81 79 
56 80 79 26 61 94 
17 35  6 83 11 34 
 1  6 82 34 37 
85 45 71 47 74 
75 36 45 84 74 
 7  5 89 87 19 
86 89  9 19  4 
58  0 77 78 89  9 
78  5 88 86 87  9 
49 24  8 91 22 
22 52  8 90 
93 27 98 51 99 30 
27 96 14 92 30 
81 56 48 61 95 33 
62 28 61 94 33 
97 67 14 27 93 62 
67 96 14 77 68 
92 51 99 21 50 
26 27 92 98 21 31 
