57 86 20 75  3  9 
 6 23 39 10 37 82 
31 78 46 69 42 21 59 
24 36 75 48  0  9 
64 19 85 22 48  9 
63 68  7 99 67 77 87 98 
 1 23 73 35 81 82 36 
 5 99 68 19 42 69 
23 39 89 51 53 24 88 
 3 48  0  4 85 86 87 
 1 39 40 38 37 44 58 
34 68 63 62 17 81 
16 43 25 71 70 54 
29 30 25 18 50 
56 30 91 94 57 76 
52 51 18 49 64 22 
43 12 41 96 97 47 70 
32 28 62 11 81 35 
25 13 50 52 15 49 
 7 99 42 65 64  4 85 98 
56 72 57 45  0 75 74 
65 42  2 31 95 49 
15 51 89  4 64 48 88 
 8 24 39 36  6  1 
88 48  3 36  8 23 
29 71 13 18 12 52 54 
95 27 80 78 31 60 
91 94 61 26 95 90 60 
32 17 33 93 62 66 61 
72 71 56 30 13 25 
56 14 29 13 91 90 50 
26 95 78  2 21 
28 17 33 35 47 97 
28 32 93 92 96 97 
46 68 37 11 81 82 
47 32 73 17 81  6 
84 73  6 74 75 24  3 23 
58 10  1 46 34 82 
79 55 40 10 58 59 
 1 10 44 53  8 23 
38 55 10 41 43 44 
96 55 16 40 43 
65 19 69  2 21  7 
54 12 16 41 40 44 53 
40 43 10 39 53 
72 71 83 84 70 20 74 
37 34 68 58 69  2 59 
73 83 35 32 97 16 70 
88 22 24  4  3  9 
65 64 15 18 50 21 95 
90 95 18 13 30 49 
54 52 15 89  8 53 22 
18 25 54 51 15 
54 51  8 44 43 39 
12 25 52 43 51 53 
38 79 80 40 96 41 92 
14 30 29 72 57 20 
56 14 76 86 20  0 
10 38 37 46 59 
46  2 58 78 79 38 
26 80 92 93 61 27 
66 94 27 28 93 60 
28 17 66 11 63 67 
 5 68 11 62 67 
19  4 65 49 15 22 
19 64 42 21 49 
62 28 61 94 67 
63  5 77 62 66 94 76 
63  5  7 46 34 11 69 
 7 42 68 46  2 
45 71 83 12 16 47 
72 29 45 25 70 12 
29 71 56 45 20 
47 83 35  6 36 84 
84 45 20 75 36 
 0 20 74 36  3 
77 86 57 14 94 67 
67  5 87 86 76 
80 79 26 31  2 59 
80 78 38 55 59 
79 78 55 92 26 60 
11 17 34 35  6 82 
34 37 81  1  6 
84 45 70 47 73 
83 45 73 36 74 
 4 19 98 87  9 
87 77 76 57  0  9 
77 86  5 85 98  9 
48 22 24 89  8 
 8 51 22 88 
91 30 27 95 50 
14 94 27 30 90 
93 33 96 55 80 60 
28 33 61 92 60 
91 14 27 66 61 67 76 
26 27 90 50 31 21 49 
41 55 16 92 33 97 
96 16 47 32 33 
85 87  5 99 19 
 7  5 19 98 
