84 55  9  3 20 73 
10 35 80 37 23  6 
67 40 96 76 57 44 
24 46 34  9  0 73 
19 83 62  9 46 22 
61 65 75 85 95  7 66 
80 79 34 71 23  1 33 
95  5 67 40 19 66 
23 37 51 24 86 87 
46  3  0 83  4 84 85 
38 36 56 35 37  1 42 
60 61 32 79 17 66 
68 69 16 25 52 41 
30 48 25 29 18 
55 54 74 89 92 30 
18 50 49 47 62 22 
41 39 45 94 93 12 68 
60 28 33 79 11 31 99 
25 13 50 48 15 47 
63 62  4  7 95 83 40 
55 54  0 70 43 72 73 
88 97 48 40 63 96 47 
87 86 15 49 46  4 62 
 8 37  1  6 34 24 
46  3 23  8 34 86 
12 52 69 50 29 13 18 
97 88 27 58 78 76 
26 88 89 92 59 58 
64 60 59 91 17 99 
25 13 70 54 69 30 
14 54 89 48 13 29 
33 17 98 94 45 99 
80 79 44 35 11 66 
17 79  6 71 45 31 
 6 23 24  3 71 82 72 73 
10  1 80 56 44 32 
77 53 38 10 56 57 
 8 51 23  1 10 42 
53 39 36 41 10 42 
16 41 93 53 38 
63 19  7 21 67  2 96 
16 39 52 51 12 38 42 
41 51 38 37 10 
68 81 69 70 20 72 82 
 2 57 56 35 32 67 66 
81 71 16 94 33 68 31 
24  3  9  4 22 86 
48 21 18 63 15 62 
88 21 30 13 89 18 47 
51 52 50 15 87 22 
25 52 18 49 15 
 8 37 42 41 52 49 87 
12 25 50 51 41 49 
77 78 90 36 93 39 38 
55 14 20 70 30 29 
14 54 74  0 84 20 
10 36 35 57 44 
36 77 56 76  2 44 
91 59 27 26 78 90 
64 28 92 91 27 58 
64 28 65 61 17 11 
60 65  5 11 66 
63 19  4 47 15 22 
19 62 40 21 47 
65 92 60 28 59 
64 92 74 60 61  5 75 
32 44 67 11 61  7  5 
 2 40 44  7 66 
43 81 69 12 16 45 
68 43 12 70 25 29 
43 69 20 54 29 
34 82 81  6 45 33 
20 43 82 34 73 
20  0 72  3 34 
65 92 75 14 55 84 
74 65  5 85 84 
77 78 26 97 96  2 57 
53 78 76 36 57 
53 77 90 26 58 76 
32 80  6 33 17 11 
 1 35 32 79  6 
43 68 45 71 82 
71 34 72 81 43 
19  4 95 85  9 
 0 55 75 85 74  9 
 5 75 95 83 84  9 
22 46 24  8 87 
 8 51 49 86 22 
97 21 26 48 89 27 
14 92 30 88 48 27 
53 78 98 91 58 93 
59 28 98 90 58 99 
65 64 74 89 14 59 27 
16 39 94 53 90 98 
45 16 93 98 31 
 5 85 83 19  7 
76  2 97 40 21 
88 21 26 76 96 
90 91 93 94 31 99 
17 28 31 98 91 
