 9  3 69 80 52 20 
10 97 22 33 76  6 
54 41 72 64 37 91 
 9  0 69 23 43 96 
82 15 59 19 79  9 43 
71 81 62 58 63 90  7 
76 75 32 67 95 22  1 
37 64 90  5 63 19 
83 48 22 23 82 97 
 4 79  0  3 81 43 80 
97 39 53 34  1 35 33 
63 31 58 57 17 75 
24 49 38 65 16 
28 24 29 18 45 
29 51 70 88 85 52 
47 18 44 59  4 46 83 82 
89 36 65 77 12 38 98 42 
94 27 30 75 32 57 11 
13 24 47 15 44 45 
59  4 60 37  7 90 79 
69 68 66 51 52  0 40 
44 60 45 84 92 91 
 1 97  8  6 23 95 
 8 22 82 43  3 96 95 
49 12 47 28 13 65 18 
26 84 55 74 72 92 
56 55 88 85 84 25 
94 17 87 57 56 61 
13 24 29 51 65 66 
14 51 28 13 85 45 
94 17 32 42 99 93 
76 75 41 33 63 11 
75 17 30 42 67  6 
10  1 76 41 31 53 
50 35 10 53 54 73 
50 34 36 38 39 10 
50 89 35 16 38 
19 60  7  2 64 91 
35 36 39 16 12 48 49 
97 48 35 38 10 
77 65 66 20 68 78 
 2 64 33 31 63 53 54 
67 77 30 99 32 98 16 
23 82  3  9  4 
18 15 45 59 60 21 
29 13 85 84 18 44 21 
47 15 83 49 48 
49 24 18 15 46 
38 49 39 46 83  8 97 
24 12 47 38 48 46 
89 86 36 35 34 74 73 
14 29 28 66 52 20 
80  0 14 51 70 20 
33 41 10 34 54 
53 41  2 72 34 73 
87 86 26 56 25 74 
26 55 87 27 88 61 
27 17 58 62 61 11 
 5 62 57 63 11 
 4 15 44 60 19 
59 44 21 19 37 91 
56 27 57 62 88 
70 88 71  5 58 57 61 
41 64 31 58  5 11  7 
37  2 41 63  7 
24 12 28 66 77 40 16 
65 28 51 40 20 
42 77 32 95 78  6 
69 20 40 78 96 
 0  3 20 68 96 
14 88 62 71 80 52 
 5 81 62 70 80 
25 74 92 54  2 73 91 
50 34 74 54 72 
55 86 50 25 72 73 
76 31 32 17  6 11 
75 31 33  1  6 
40 65 42 67 16 78 
67 77 40 68 96 95 
90 81  4 19  9 
71 81  9  0 70 52 
 5 71 90 79  9 80 
43  4 15 83  8 23 
46 15 48  8 82 
85 26 45 21 25 92 
29 14 26 84 88 45 
89 50 55 87 74 93 
55 86 94 27 56 93 
14 70 62 56 26 85 61 
50 86 36 16 98 99 93 
 5 81 79  7 19 
 2 72 92 37 60 21 
25 72 21 84 91 
87 86 94 89 99 30 
27 17 30 87 93 
78 67 96  6 22 23 
69 68 78 23  3 95 
39 48 22  1  8 10 
89 99 16 42 
98 89 30 42 93 
