40 75 18 65 48 76  3 77 
 6 20 93 96 72 31 
50 39 68 60 87 35 
92 65  0 40 21 
13 55 17 75 40 78 
67 58 54 59 86  7 77 
91 20  1 30 71 72 63 
17 35 86 60  5 59 
20 21 93 45 79 78 
59 29 71 15 53 54 
22 61 46 36 34 14 
27 26 22 16 42 
66 84 48 47 27 81 
41 55 43 44 79 16  4 78 
94 95 34 98 73 10 61 
90 25 28 30 71 53  9 
13 44 41 22 11 42 
 4 75 55 56 35 86  7 
64 65  0 48 47 62 38 
42 41 80 88 87 56 
 1  6  8 93 21 91 
20  8  3 92 78 40 91 
61 26 10 46 44 11 16 
51 70 68 24 80 88 
51 52 23 80 81 84 
83 52 57 90 15 53 
22 61 62 47 27 11 
47 12 26 11 81 42 
95 89 90 15 30 99 98 
72 71 59 39 31  9 
71  6 28 99 15 63 
49 96  1 72 29 39 
50 49 69 97 33 
97 32 37 69 85 34 36 
85 94 33 36 14 10 
60  2 87  7 17 56 
33 34 37 45 46 10 
93 97 33 36 45 
73 61 62 74 64 18 
60  2 59 29 31 49 50 
 0 75  4 78  3 21 
13 55 16 42 19 56 
81 27 11 19 41 16 80 
13 44 79 46 45 
46 22 13 43 16 
43 46 37 36 79  8 93 
10 36 22 44 43 45 
12 48 27 18 62 26 
76 66  0 18 12 47 
39 50 32 31 96 97 
39 49 32 69 68  2 
83 52 82 70 23 24 
25 83 57 84 51 24 
57 25 58 15  9 54 
 5 58 53 59  9 
13 41  4 17 56 
87 19 35 41 55 17 
52 84 25 58 53 
66 84 57 53 67  5 54 
39 29 60  9 54  5  7 
 2 39 35 59  7 
22 26 62 73 38 10 14 
61 26 47 18 38 
30 99  6 91 74 73 
18 65 92 74 38 
18 64 92  0  3 
58 84 48 76 12 67 
 5 58 76 66 77 
69 70 50  2 23 87 88 
50 32 33 85 82 70 68 
82 69 51 68 23 
30  6 15 72 29  9 
71  6  1 29 31 
99 63 74 38 61 98 14 
73 63 92 64 91 38 
 0 40  4 17 86 77 
48 66  0 67 77 
86  5 67 76 75  0 
 4 40 21  8 13 79 
43 13 45  8 78 
42 19 81 24 23 88 
12 84 27 42 80 24 
69 70 85 89 83 51 
25 52 51 90 89 82 
57 52 66 58 12 81 24 
94 34 89 33 69 82 
17 75  7  5 77 
 2 68 88 19 35 56 
23 68 87 19 80 
28 95 83 90 94 85 82 
83 89 28 25 15 
20  6 63 21 92 74 
64 65  3 21 91 74 
 1 96 97 37 20  8 45 
85 34 95 89 14 
28 89 94 14 98 
31 49  1 97 93 
96 49 32 93 37 33 
73 99 14 95 28 
28 30 63 73 98 
