76 74 75 39  3 47 64 18 
91 20  6 71 94 
49 67 85 38 59 34 
21 39  0 90 64 
77 13 74 17 39 54 
57 66 53 58 76 84  7 
71  1 70 62 89 20 30 
17 84  5 58 59 34 
91 44 78 20 21 77 
70 29 52 53 58 15 
45 22 60 33 14 35 
27 41 16 26 22 
46 47 65 82 27 80 
42 78 43 16 40 77  4 54 
96 72 93 92 60 10 33 
 9 70 28 88 52 25 30 
40 41 43 22 11 13 
84 74  4 54 55  7 34 
 0 47 64 46 61 37 63 
40 41 79 86 55 85 
89  6  1 91  8 21 
 8 77 39  3 20 89 90 
45 10 43 60 26 16 11 
69 67 86 79 50 24 
79 23 50 51 80 82 
56 52 81 88 51 15 
46 61 60 22 27 11 
46 12 26 80 41 11 
87 88 93 96 97 15 30 
38 58 71 70 48  9 
 6 70 62 15 28 97 
68 32 95 48 49 
83 33 68 31 35 36 95 
32 83 92 14 10 35 
59  7 85 55 17  2 
36 44 45 32 33 10 
44 91 35 32 95 
60 61 72 73 18 63 
49 48 58 59 29  2 
 4 74 77 21  3  0 
41 19 55 16 13 54 
40 19 79 16 27 80 11 
45 44 78 43 13 
45 22 16 42 13 
91 36 35 45 42 78  8 
10 22 43 35 44 42 
26 61 47 12 27 18 
46 12 65 75  0 18 
31 95 49 38 29 71 94 
68 67 31 48 38  2 
69 23 51 81 99 24 
50 81 56 82 24 25 
57 53 56  9 25 15 
57  5 58 52  9 
13 40  4 55 17 
40 19 85 34 17 54 
52 57 82 51 25 
65 82 66  5 53 52 56 
38 29 53  5  9  7 59 
 2 38 58  7 34 
26 61 22 10 14 72 37 
46 26 60 37 18 
73 89 97 72  6 30 
90 73 64 37 18 
 0  3 90 18 63 
75 66 12 82 47 57 
65 75 57  5 76 
69 68 23 86 85 49  2 
83 98 32 69 67 31 49 
68 98 67 23 99 50 
71 29  9  6 15 30 
70 29 48  6  1 94 
73 62 14 96 60 97 37 
89 62 72 37 90 63 
84 76 17  4 39  0 
65 66 47 76  0 
84 74 75 66  5  0 
 8 78  4 39 21 13 
42 44  8 13 77 
86 23 41 19 80 24 
27 41 79 12 82 24 
87 88 99 50 51 25 
12 65 57 56 51 80 24 
32 33 68 98 87 92 
76 74  5 17  7 
86 67 19 55 34  2 
23 67 79 19 85 
81 88 83 98 28 93 92 99 
87 81 28 25 15 
73 62  6 20 21 90 
21 89  3 73 64 63 
36 44 20  1 95 94  8 
83 33 87 93 14 
87 28 96 92 14 
 1 91 95 71 48 
36 32 31 91 48 94 
97 72 28 93 14 
96 72 28 62 30 
83 68 87 69 99 
87 98 81 69 50 
