72 71 43 17 60 70 35  3 
67  6 94 89 95 86 
30 55 81 34 45 63 
85 60 19 35  0 
50 16 70 35 73 12 
62 72  7 54 49 53 80 
84 58 94 26 67  1 66 
54  5 55 30 16 80 
40 74 86 95 19 73 
54 25 49 66 14 48 
29 31 13 56 20 41 
24 23 37 20 15 
38 39 74 36 50 73  4 15 
56 68 10 91 29 87 88 
26 83  9 66 48 22 
37 36 11 39 12 20 
30  7 51 80 50 70  4 
33 57  0 60 43 59 42 
81 51 75 36 37 
95 84 73 35  8 85  3 
10 56 23 41 39 11 15 
96 75 81 46 65 63 
52 48 14 77 47 83 
57 56 20 42 24 11 
98 76 42 23 37 11 
54 34  9 67 66 44 
58  6 92 83 14 66 
64 45 44 90 28 
31 29 32 79 64 90 27 
31 28 79 10 87 13 
 7 55 51 81  2 16 
28 29 41 40 32 10 
28 31 40 86 90 
68 69 57 56 17 59 
44 45  2 55 25 54 
19 73  4 70  0  3 
51 18 50 12 37 15 
36 18 24 76 75 11 15 
39 12 74 40 41 
38 12 41 20 15 
86 32 38 74 31 41  8 
10 31 40 38 39 20 
99 98 24 43 17 57 23 
71 61  0 17 99 42 
90 89 34 45 27 25 67 
44 34 64 27  2 63 
77 47 93 65 96 21 
77 46 96 52 78 97 22 
 9 14 49 53 52 22 
54  5  9 53 48 
36 12 51 16  4 
81 18 30 36 16 50 
48 53 47 78 22 
62  5 49 61 78 48 52 
34 25 55  9  7  5 49 
 7 30  2 34 54 
33 57 68 13 10 20 23 
33 56 17 23 42 
84  6 69 68 26 92 91 
17 60 33 69 85 
 0 17 59 85  3 
71 62 43 99 78 53 
71 61 72  5 53 
 2 81 45 64 65 21 
79 28 93 65 27 45 63 
93 64 46 63 21 
67  6 26 25  9 14 
 1  6 89 66 25 44 
33 69 56 58 91 13 
33 68 58 84 85 59 
 4 35  0 72 16 80 
62 61 72  0 43 
62  5 71  0 70 80 
74  8 19 35  4 12 
38 12 73 40  8 
81 18 96 76 21 37 
98 78 96 75 97 24 37 
46 47 82 83 93 22 
76 98 99 61 53 52 47 97 
28 29 64 93 82 87 
16  7 72  5 70 
51 18 30 75  2 63 21 
88 83 77 79 93 87 
88 82 92 26 14 77 22 
 6 94 95 19 58 69 85 
19 84 69 59 60  3 
 1 89 32 40 95 90  8 
79 82 88 29 13 
82 83 92 87 91 13 
 1 86 90 44 67 
32 28 89 86 44 27 
88 92 58 68 13 
88 83 26 58 91 
79 82 77 64 65 46 
84  6 95  1 
86  8 84 94  1 19 
75 76 46 47 21 97 
76 78 96 47 
76 78 99 24 42 
43 61 78 98 42 
