47  3 97 17 37 20 96 
81 11 16 28 14 88 
 8 37 17  5  4 53 
42 27 39 47 17  0 
53  2  5 30 26 76 25 
 7 30  4  2  8 
13 72 63 62 98 42 55 
93  8 30 10 92 15  5 
93  7 51 37 31  2  5 
15 10 49 91 58 41 89 
60 30 15  9 90  7 89 
69 28 26 77 81  1 
75 74 57 61 94 95 
98 99 72 48  6 79 24 
68 52 16 88  1 
 9 10 92 21  7 49 
68 14 67  1 28 23 
 3 39 54  2 37  0 53 
35 19 36 94 45 95 59 
80 48 18 45 44 35 
50 38 51 96 37  0 
15 92 84 52 49 31 
77 76 32 79 25 24 
67 16 28 65 87 43 
79 22 25 54 99 13 
22 76  4 53 54 24 
11 69 76  4 30 77 
62 34 75 42  3 47 
69 43 11 16  1 23 
73 35 36 66 65 56 
 5  4  7 26 69 60 10 
51 50 84 93  8 21 92 
22 77 44 80 81 79 82 64 
41 90 70 60 43 86 71 
27 62 75 63 70 58 41 
19 18 36 48 73 29 72 
35 18 29 94 40 66 
51  8 20  2 17  0 
83 50 96 59 45 44 20 82 
98 42 99 54  3 17 
61 46 94 36 66 
58  9 33 70 90 34 89 
98  6 62 27  3 39 
69 28 60 86 87 33 23 
45 38 80 32 19 82 
59 38 18 44 19 
61 91 78 68 40 66 
75 74 27  3  0 97 
35 72 80 19 79 13 
78 91  9 15 21 52 
83 38 20 51 31 84 85 
 8 37 20 50 31 
14 68 88 78 21 84 49 
17 54  2 25  4 
25 53 17 39 99 24 
71 63 56 73  6 72 
65 87 71 73 29 55 
91 61 12 75 58 
75 34 57 91  9 41 
96 38 45 18 97 74 95 
30 69 43 10 90 33 
91 46 57 12 40 94 
42  6 27 34 63 
62  6 34 70 71 55 
81 88 85 32 82 83 
66 29 67 23 87 56 
40 46 68 67 36 29 65 
68 16 66 65 23 
14 52 16 78 46 67 66 
43 28 11 26 30 60 
63 71 34 33 41 
87 86 70 63 33 56 55 
 6 13 48 35 73 55 
35 29 72 56 55 
75 12 47 95 59 97 
12 74 57 27 34 58 47 
26  4 77 22 25 
26 76 11 22 32 81 
91 46 68 52 49 
80 32 22 48 13 24 
44 32 19 48 79 
77 11 32  1 88 64 
44 32 83 38 64 
50 38 85 82 64 
21 52 88 31 50 85 
84 50 83 88 64 
87 43 33 71 
86 43 71 65 23 56 
14 52 84 85  1 81 64 
41  9 90 10 
60 10 33 41 89 
61 46 57 78 49  9 58 
15 21  7 93 31 
 7  8 92 31 
36 18 40 12 61 95 
94 18 12 74 59 
59 38 97 20  0 
47 74 59 96  0 
 6 42 39 99 13 
98 39 13 54 24 
