71 70 69 35 42  3 59 17 
 6 66 87 84 93 92 
79 30 54 62 44 34 
19 35  0 59 83 
16 69 35 72 49 12 
61 71 78 52 48 53  7 
65 66 26  1 57 82 92 
 5 78 53 16 30 54 
19 72 93 84 40 73 
65 14 25 47 48 53 
31 29 13 55 41 20 
37 24 23 15 20 
 4 72 73 49 36 38 39 15 
67 55 89 10 29 85 86 
65  9 26 47 22 81 
12 36 39 37 11 20 
78 69  7 30 50  4 49 
58 59 99 56 42  0 33 
50 79 37 36 74 
72 35  8  3 83 93 82 
11 23 15 39 55 10 41 
74 79 94 45 62 64 
47 14 46 51 81 76 
98 24 56 55 11 20 
75 37 96 97 98 23 11 
65  9 66 43 34 53 
65 14  6 57 81 90 
44 63 43 88 28 
63 27 31 32 88 77 29 
10 13 31 28 77 85 
 7 16 50 79  2 54 
40 32 41 10 28 29 
84 88 40 31 28 
58 68 17 56 67 55 
53 54 43 44  2 25 
69  0 72  4 19  3 
37 18 50 49 12 15 
75 24 18 36 74 11 15 
73 40 41 39 12 
38 41 12 15 20 
31 32 84  8 73 41 38 
31 10 40 38 39 20 
70  0 97 60 99 17 
44 27 66 87 88 34 25 
63 27 43 62  2 34 
94 46 21 76 91 64 
51 95 94 22 45 76 
52 51 14  9 22 48 
 5 52 47  9 53 
50 16  4 36 12 
16 30 79 18 36 49 
60 95 46 52 47 22 
51 60 61 47  5 48 
48  5 25 34  9  7 54 
 7 30  2 53 34 
13 10 33 56 67 23 20 
17 99 33 98 23 55 
 6 26 82 68 67 89 90 
59 83 68 17 33 
58 83  3  0 17 
51 95 52 96 97 42 70 61 
70 60 52 71  5 
63 44  2 79 21 64 
44 27 62 28 64 91 77 
63 91 62 45 21 
14  9 26  6 66 25 
 6 65 25  1 87 43 
68 57 33 55 13 89 
58 83 33 67 57 82 
71  0 35  4 16 78 
71  0 42 60 61 
70  0 69 61 78  5 
 4 35 19  8 73 12 
 8 72 40 12 38 
18 79 94 75 37 21 
37 24 96 95 94 74 
81 22 46 45 91 80 
63 91 28 29 80 85 
69 71 16  5  7 
50 30  2 18 74 21 62 
76 91 77 81 85 86 
26 14 22 76 90 80 86 
93 19 92 83 68 57  6 
59 58 68  3 19 82 
88 32 87 40  1 93  8 
29 77 80 13 86 
85 80 90 81 89 13 
66 43 88 84  1 
84 32 87 43 27 28 
67 13 57 90 86 
81 26 57 89 86 
45 76 63 64 77 80 
 1 93  6 82 
19  8 84  1 92 82 
75 95 46 74 21 45 
60 51 46 96 75 94 
60 95 97 75 24 
96 60 24 42 99 98 
97 24 99 23 56 
42 97 17 56 98 
