70 68 34 58 17 41  3 69 
65 86 83 92  6 91 
30 78 61 43 53 
19 82 58 34  0 
12 48 71 34 68 16 
60 51 70 77  7 47 52 
26 56 81 64 65  1 91 
16 30  5 77 53 52 
39 72 83 92 19 71 
46 14 64 47 25 52 
29 13 54 31 40 20 
23 97 20 24 15 36 
48 35 15 38 37 72 71  4 
29 10 54 66 85 88 84 
22 46 80  9 64 26 
20 38 11 36 35 12 
48 49 30 77 68  7  4 
55 33 57 99 58  0 41 
35 36 49 78 73 
34 71 81 92 82  8  3 
23 11 40 38 54 15 10 
63 44 61 78 93 73 
46 14 80 75 45 50 
11 97 20 55 54 
11 97 98 36 74 95 96 
65 64  9 42 53 52 
56 89 64 14 80  6 
43 62 28 87 42 
76 62 32 87 29 31 27 
13 10 84 76 31 28 
49 16 78  2  7 53 
39 32 40 29 10 28 
83 87 39 31 28 
55 17 54 57 66 67 
 0 68 19 71  4  3 
36 18 15 48 12 49 
35 18 24 11 15 74 73 
39 72 40 38 12 
40 20 15 12 37 
83 32 31 40 37 72  8 
20 38 39 31 37 10 
99 98  0 17 96 59 69 
86 87 25 53 43 27 65 
61 62  2 53 42 27 
45 75 90 63 21 93 
44 75 50 94 22 93 
50 51 22 14  9 47 
46 51  9  5 52 
12 35 49 16  4 
35 18 48 16 30 78 
46 51 45 94 22 59 
46 50 60  5 47 59 
 5  7 47 53 25  9 
25 52  7 43  2 30 42 
20 23 55 33 66 13 10 
23 97 33 17 54 99 
66 67 26 89 88 81  6 
33 17 58 82 67 
 0 17 57 82  3 
96 41 95 50 94 51 60 69 
 5 51 70 59 69 
63 62 21 78  2 43 
63 90 76 61 28 43 27 
90 62 21 44 61 
 9 14 25 65 26  6 
42 86 25 64  1  6 
54 33 13 67 56 88 
57 82 81 56 66 33 
70  0 34 16 77  4 
59 60 41 70  0 
 0 68  5 60 77 69 
34 19  4  8 72 12 
39 37 12  8 71 
36 18 74 78 21 93 
36 24 95 94 93 73 
80 79 44 45 22 90 
90 79 62 84 29 28 
 5  7 70 16 68 
30  2 49 18 61 21 73 
80 75 90 85 76 84 
79 75 22 14 85 89 26 
 6 56 91 92 19 82 67 
81 19 58 57 67  3 
86  1 87 32 39  8 92 
29 13 85 76 79 
80 79 89 88 13 84 
42 87 83  1 65 
86 42 83 32 28 27 
85 89 13 66 56 
85 80 26 56 88 
79 75 44 63 62 76 
81 92  6  1 
91  1 81 19 83  8 
74 94 21 44 45 73 
50 45 74 95 93 59 
74 94 24 96 59 
41 98 24 95 59 
11 23 55 24 98 99 
24 97 99 41 96 
55 17 97 98 41 
