67 39 17 56 68 66  3 33 
81 84 90 63  6 89 
76 59 41 51 30 
19 80 56 33  0 
33 69 12 46 66 16 
45 49 58  7 75 68 50 
26 54 62 63  1 79 89 
30 51 16 75 50  5 
69 19 90 70 38 81 
25 62 14 44 45 50 
31 29 13 52 20 36 
23 95 24 35 15 20 
15 34 69 70 46 37  4 
82 29 10 52 64 86 83 
62  9 26 44 22 78 
34 12 37 35 11 20 
30  7  4 66 46 75 47 
97 39 56 55 53 32  0 
71 76 34 35 47 
 3 80 79 90  8 69 33 
10 52 23 11 15 37 36 
42 61 59 76 71 91 
44 14 48 43 78 73 
95 11 53 52 20 
95 11 96 94 93 35 72 
62  9 63 40 51 50 
 6 54 62 14 87 78 
85 40 28 60 41 
27 85 31 29 74 60 99 
10 31 74 82 13 28 
 2 76  7 51 16 47 
10 36 29 28 99 98 38 
53 52 64 65 55 17 
66  4 69 19  3  0 
15 12 46 35 18 47 
24 11 34 18 71 15 72 
70 38 37 31 10 20 
15 12 70 20 36 
98 31 70  8 36 81 
94 57 96 97 67 17  0 
25 63 27 85 51 84 41 
59 60 27 40 51  2 
21 61 91 88 43 73 
48 22 92 91 42 73 
45  9 14 22 49 48 
44  9 49 50  5 
34 12  4 16 47 
16 46 30 34 18 76 
57 92 49 44 22 43 
48 57 45 44 58  5 
 7 51 25 45  9  5 
25 50 40  7 41  2 30 
32 53 23 10 13 64 20 
23 95 32 52 97 17 
65 64 26  6 86 79 87 
65 80 32 56 17 
 3 80 55 17  0 
93 92 94 48 49 58 39 67 
57 49  5 68 67 
21 61 60 41 76  2 
59 61 28 27 74 41 88 
21 42 59 60 88 
 6 26 25  9 14 63 
25 62  1 84  6 40 
65 32 52 54 86 13 
79 80 54 64 32 55 
68 75 16  4 33  0 
58 68 57 39  0 
66 75  5 58 67  0 
70 12 33 19  8  4 
69 12 37  8 38 36 
76 21 18 91 35 72 
35 71 24 93 91 92 
78 22 77 43 42 88 
82 29 28 60 88 77 
68 66 16  7  5 
59 21 71 18  2 30 47 
78 83 82 74 88 73 
83 87 14 22 26 77 73 
54  6 65 80 19 90 89 
65 79 19  3 55 56 
98 85 84  1  8 90 38 
74 29 13 83 77 
87 86 13 82 78 77 
81 85 40 63  1 
27 40 28 98 81 84 99 
54 64 13 87 83 
26 54 86 83 78 
42 61 60 74 77 73 
 1  6 90 79 
81  1 19 79 89  8 
71 21 42 72 92 43 
93 57 48 72 91 43 
57 92 94 24 72 
57 93 24 96 39 
23 11 53 24 96 97 
24 95 94 39 97 
95 96 53 39 17 
81 85 99 31 38 
28 31 98 85 
