 3 56 67 39 66 33 98 17 
80 83 88 63  6 87 
51 41 59 75 30 
56 79 19 33  0 
68 12 33 66 16 46 
58 99 74 49 45  7 50 
62 63  1 87 78 54 26 
51 50 30 16 74  5 
80 88 38 68 19 69 
50 45 14 62 44 25 
29 31 13 36 20 52 
20 23 15 35 24 93 
37 15 68 69 34  4 46 
29 81 82 85 64 52 10 
22 77 44  9 62 26 
20 11 37 12 35 34 
30  7 74 47 66  4 46 
53 95 39 32  0 56 55 
35 70 75 34 47 
78 79 88  3 68 33  8 
11 23 15 37 36 10 52 
42 61 89 59 75 70 
72 77 43 14 44 48 
11 20 52 53 93 
35 11 92 91 94 93 71 
 9 50 63 40 62 51 
14 62  6 77 86 54 
41 40 28 84 60 
29 73 84 97 27 31 60 
28 73 81 13 31 10 
 2 51  7 75 47 16 
96 38 97 28 29 36 10 
65 64 52 53 17 55 
68  4 66 19  3  0 
15 12 35 18 47 46 
11 24 15 70 18 34 71 
10 31 20 37 38 69 
15 12 20 36 69 
96 31 80  8 36 69 
67 57 92  0 94 95 17 
63 25 83 41 27 84 51 
27 40 51 60  2 59 
61 21 43 72 89 
22 72 48 90 42 89 
49 45 14 22 48  9 
44 49 50  9  5 
47 34 12  4 16 
18 75 30 34 16 46 
44 22 43 49 90 57 
44 45 48 57 58  5 
 9 45 25  7 51  5 
25 40 41 50  2  7 30 
32 64 13 10 20 23 53 
52 23 32 17 95 93 
78  6 86 85 26 64 65 
17 56 32 65 79 
 3 79  0 17 55 
48 90 49 58 39 67 92 91 
49 57 67 99  5 
60 41  2 61 21 75 
41 27 61 73 28 59 
76 73 72 60 42 21 59 
63  6 14  9 26 25 
83 40  1 62  6 25 
65 32 13 85 54 52 
78 79 32 64 54 55 
 4 33 74 99  0 16 98 
58 99 39 57  0 98 
19  8 69 12  4 33 
68 12 37  8 38 36 
35 18 89 21 75 71 
35 24 70 91 89 90 
76 77 22 43 61 42 
29 28 76 81 61 60 
66 99 16  7  5 
21 59  2 70 18 30 47 
72 77 81 73 61 82 
76 72 22 14 82 86 26 
65 79 87 88  6 19 54 
65 78  3 56 19 55 
88  1 83 96 38 84  8 
76 73 29 13 82 
86 85 13 81 76 77 
63 40  1 80 84 
28 97 27 96 40 83 80 
82 86 13 54 64 
82 85 77 54 26 
 1  6 78 88 
87  1 78 19 80  8 
42 21 43 90 70 71 
48 43 57 89 91 71 
57 90 92 24 71 
39 57 91 24 94 
53 95 94 23 11 24 
92 24 39 95 93 
94 39 53 17 93 
80 38 84 97 31 
84 28 96 31 
66 99  0 67 
58 67 66 74  5 98 
