63 91 53  2 15 36 64 30 
 5 60 79 74 83 76 
53  0 75 17 30 
65 30 11 63 14 43 
46 55 47 42 92 70  6 
51 24 59 60 74  1 
47  4 70 48 14 27 
66 65 35 17 76 83 
23 59 13 47 41 42 
12 49 33 28 18 26 
18 34 21 99 22 32 31 
 3 65 66 34 31 43 
49  9 78 81 77 61 26 
59 24  8 41 20 73 
44 27 63 70  3  6 43 
52 29 53  0 36 89 50 
71 44 32 67 31 
83  7 74 65 75  2 30 
34 33  9 49 21 10 
39 58 84 67 71 56 
40 45 69 41 13 73 
98 99 49 50 18 10 
32 68 86 88 99 87 10 
60 37 59  8 47 48 
13 59  5 51 82 73 
38 57 93 90 37 80 
28  9 12 77 93 90 
44 71 48  6 14 94 95 
33  9 35 90 26 
62 52 15 50 49 61 
63  0  2 17 65  3 
32 16 44 34 11 43 10 
22 68 67 16 31 10 
66 35 28  9 34 18 
31 11 66 33 18 10 
66  7 33 28 90 76 
15 89 88 87  0 54 64 
25 38 48 23 60 79 80 
25 57 56 37 48 94 95 
58 69 19 40 84 
45 85 20 69 39 84 
13 20 45 46  8 42 
47  8  4 46 41 
14 44  3 31 11 
71 16 27 31 14 43 
54 85 46 40 20 41 
54 45 55  4 41 42 
23  8 42  4 48  6 
 6 47 23 27 37 38 94 
50 29 21 61 12  9 18 
15 29 89 49 21 98 
61 62 81  5 24 82 74 
62 29 15 53 75 
15 52  2  0 75 
45 85 46 86 87 55 36 64 
46 54  4 92 64 
71 19 38 57 58 95 
58 96 97 93 25 38 56 
57 96 39 69 72 19 56 
23  8 60 13 24  5 
23 37 59  5 79  1 
49 29 62 51 81 12 
52 29 74 51 61 75 
91  0 14 70 92 30  3 
55 54 36 92 91  0 
 3 30 11 66  7 17 
65 11  7 35 33 34 
84 68 19 32 16 71 
86 85 84 32 22 67 
58 39 72 40 20 73 
14 63 92  4  6 
44 16 27 67 19 56 95 
58 96 69 73 78 97 77 
20 69 72 13 78 82 24 
 1  5 51 62 83 17 75 
17  2 74 53 52 62 
 1 79 35  7 80 90 83 
97 93 72 78 12 26 
82 81 72 73 77 12 
60 37  1 76 80 
37 79 25 90 76 
51 61 78 82 12 
78 81 51 24 73 
76  7  1 17 74 
68 85 40 39 19 67 
54 45 68 86 40 84 
68 85 54 87 22 
54 86 22 88 36 
98 99 89 22 87 36 
88 98 15 36 50 
25 93 80 26 28 35 76 
63  0 92 64 
55  4 70 63 91 64 
97 57 25 90 77 26 
48 27 38 95 
56 38 94 71 27 
57 58 72 97 
57 96 93 72 77 
88 99 89 21 50 
98 88 22 21 10 
