62 90 63 30 35  2 52 
 5 59 78 73 82 75 
30 17 74  0 52 
11 64 42 14 62 30 
91 69 41 45 46 54  6 
58 24 59  1 73 50 
69  4 46 47 27 14 
64 65 34 75 82 17 
23 58 13 40 41 46 
18 32 48 12 28 26 
97 21 22 18 33 99 31 
64 65 33 99 42  3 
 9 26 77 80 60 76 48 
72 24 58  8 40 20 
 6 69 27 43 42 62  3 
35 88 49 29 51 52 
66 70 43 98 31 
74 73 82 64 30  2  7 
32 33 10 21  9 48 
70 55 66 57 38 83 
13 72 40 68 39 44 
96 97 49 48 10 18 
85 87 67 97 10 31 
59 36 47 58  8 46 
58  5 72 13 50 81 
79 36 89 92 56 37 
12  9 89 92 76 28 
 6 47 70 93 14 43 
32  9 34 26 89 
48 60 49 15 51 61 
62  0  3 64 17  2 
99 10 98 22 16 67 66 
33 65 18  9 28 34 
32 65 18 10 99 11 
32 65 28  7 75 89 
86 63  0 87 88 15 52 
59 78 79 25 23 47 37 
36 25 56 47 93 55 
39 68 57 83 19 
44 84 38 68 83 20 
13  8 20 44 41 45 
40  8 45  4 46 
43 14 11 99 98  3 
14 27 70 16 42 98 
39 84 53 20 40 45 
40 44 41 53  4 54 
41  4 23 47  8  6 
 6 27 93 36 23 37 46 
49 21 29 60 18  9 12 
96 21 88 15 48 29 
 5 24 73 61 60 80 81 
29 15 61 74 52 
51 74  2 15 35  0 
44 84 85 86 63 45 54 
63 53 45 91  4 
93 70 57 56 37 19 
57 55 94 25 92 37 95 
38 68 71 94 56 55 19 
 5 24 59 23  8 13 
23 36  5 58 78  1 
29 48 61 50 12 80 
60 50 73 29 51 74 
90  0 30  3 91 69 14 
90  0 86 53 91 35 54 
 7 65 11  3 30 17 
32 33 64  7 11 34 
83 67 70 16 19 31 
85 84 22 83 66 31 
38 39 57 20 72 71 
91  4 62  6 14 
93 55 27 66 16 43 19 
72 68 77 57 94 76 95 
13 24 20 68 81 77 71 
 5 50  1 17 74 82 61 
17 73  2 61 51 52 
79 78 89 34  1 82  7 
26 92 12 77 71 95 
80 12 81 72 71 76 
59 36  1 79 75 
75 78 36 25 89 
77 12 60 50 81 
72 24 50 80 77 
 1 73 17  7 75 
39 84 38 67 66 19 
44 39 53 85 67 83 
53 84 22 87 67 86 
85 87 53 63 35 
85 22 86 35 97 96 88 
35 87 15 96 49 
26 92 25 79 34 75 28 
62  0 63 91 
63 90 69  4 62 54 
26 89 25 76 56 95 
70 55 27 47 37 
57 71 56 95 
76 92 56 94 71 
97 87 21 49 88 
22 87 96 21 10 
43 42 99 16 31 
10 33 11 42 98 31 
