62 34 89 51  2 61 29 
58 77 74 81 72  5 
51 73  0 16 29 
63 29 61 98 13 41 
53 90 40 44 45  6 68 
23 49 72  1 57 58 
46 45  4 26 68 13 
74 81 33 16 63 64 
22 57 40 39 45 12 
17 31 47 11 25 27 
17 20 32 95 97 30 21 
75 76 79 59 25 47  9 
19 39 71  8 57 23 
61 68  3  6 26 41 42 
87 34 51 50 28 48 
69 65 30 42 96 
73  2  7 81 72 63 29 
 9 31 47 20 32 10 
69 65 54 56 82 37 
43 39 38 12 71 67 
17 47 94 95 48 10 
84 86 95 66 30 10 
46 35 45 58 57  8 
49 80 12 57 71  5 
36 55 35 91 88 78 
75 11  9 27 88 91 
69 54 36 46  6 13 42 
 9 31 25 33 88 
47 59 60 50 48 14 
63  3 61 16  2  0 
66 65 21 10 97 15 96 
 9 17 27 33 64 32 
17 31 64 10 97 99 
 7 74 27 31 64 88 
62  0 85 86 87 51 14 
58 22 46 36 24 77 78 
54 55 26 46 35 24 
82 38 18 56 67 
43 83 19 82 37 67 
44 40 43 19 12  8 
44 39  4 45  8 
98  3 13 99 97 42 96 
41 13 15 69 26 96 
44 39 38 83 19 52 
40 39 43 52 53  4 
46  6  4 40 22  8 
36 26 35 22  6 45 
 9 11 17 20 59 28 48 
87 94 20 47 28 14 
59 60 72 23 80 79  5 
60 28 73 51 14 
73 50  2  0 34 14 
84 83 43 44 53 62 85 
52 44  4 90 62 
69 26 36 55 56 18 
36 54 56 92 93 24 91 
54 55 18 37 67 70 92 
22 58  8 12 23  5 
77 35 22 57  1  5 
47 11 28 79 49 60 
59 49 72 50 28 73 
89  0 90 68 13  3 29 
52 53 90 34  0 89 85 
16 29  7 64  3 98 
63  7 33 31 98 32 99 
66 82 18 69 30 15 
82 65 21 84 83 30 
71 19 70 38 37 56 
61 90  4  6 13 
54 26 18 65 15 42 
71 76 75 67 56 93 92 
12 19 76 80 70 23 67 
60 49 73 16 81  5  1 
60 72 50 51  2 16 
 7 81 33  1 77 88 78 
76 11 70 93 25 91 
71 80 70 75 11 79 
78 35 58  1 74 
88 24 35 77 74 
49 80 59 76 11 
76 71 23 49 79 
 7 16 72 74  1 
38 83 66 65 18 37 
43 38 84 52 82 66 
52 83 21 86 66 85 
62 52 84 86 34 
84 21 95 94 85 34 87 
94 86 34 48 14 
27 25 33 74 91 24 78 
62 90  0 61 
 4 53 62 89 61 68 
88 25 93 75 24 55 
56 70 93 55 
75 70 92 55 91 
95 86 20 87 48 
94 86 21 20 10 
41 97 30 15 42 
32 10 30 99 41 96 
64 63  3 41 99 
32 97 41 98 64 
