95 94 19 46  3 36 16 
87 13 80 10 27 15 
 4  5 52  8 36 16 
 0 46 41 38 26 16 
 5  2 52 25 75 24 29 
 4 29  7  8  2 
54 71 62 12 61 41 96 
98 99 14  5 29  8 91 
 7  5 30 91  2 36 50 
14 48 99 57 40 90 88 
 1 80 76 27 68 25 
60 56 92 74 73 93 
71 47 78 23  6 96 97 
87  1 51 67 15 
48  9 99  7 91 20 
66 22  1 13 67 27 
36  0  3 38 53 52  2 
35 92 44 58 34 18 93 
79 47 17 44 43 34 
37 94  0 49 36 50 
83 30 91 51 48 14 
76 31 78 75 23 24 
27 42 64 66 86 15 
53 24 78 12 21 97 
23 53 52 21 75  4 
10 68 76 75 29  4 
74 46 61 41 33  3 
10  1 68 42 22 15 
35 34 64 55 65 72 
98  7  5 59 68 25  4 
49 83 91  8 50 20 
63 80 76 79 78 43 21 81 
85 70 42 59 89 40 69 
61 62 69 40 57 74 26 
35 28 17 18 72 71 47 
39 65 92 28 34 17 
 0 19  2  8 50 16 
58 44 94 43 19 81 82 49 
96 41 97  3 53 16 
35 65 92 45 60 
89 32 69 33 57  9 88 
38 96  3  6 61 26 
59 68 32 85 27 22 86 
37 44 18 79 31 81 
58 17 37 18 43 
67 65 77 39 90 60 
95  0  3 73 74 26 
79 18 78 71 12 34 
14  9 51 77 90 20 
84 82 83 30 37 19 50 
49 30  8 36 19 
87 13 48 77 67 83 20 
 4 24 53  2 16 
23 24 38 16 52 97 
55 70 62 72 71  6 
28 64 86 70 54 72 
57 90 60 11 74 
40 33  9 90 56 74 
17 93 44 73 37 94 95 
42 68 32 89 98 29 
90 45 56 39 11 92 
33 62  6 41 26 
54 70 69 33  6 61 
31 80 84 82 87 81 
28 55 65 66 22 86 
45 67 35 39 28 64 66 
67 65 64 22 15 
45 65 77 51 13 66 15 
59 42 27 10 25 29 
40 32 70 62 33 
85 32 86 55 54 62 69 
72 54 34 47  6 12 
28 55 54 71 34 
95 46 74 11 58 93 
11 56 57 33 73 46 26 
76 21 24 25  4 
31 80 10 21 75 25 
67 45 48 51 90 
79 47 31 12 23 21 
18 47 78 31 43 
 1 87 10 63 31 76 
37 82 43 63 31 
63 84 37 81 49 
84 87 51 49 30 20 
63 82 87 83 49 
32 70 42 86 
64 22 42 85 55 70 
 1 13 80 63 84 51 83 
40  9 89 99 
40 32 59 98 99 88 
48  9 77 57 56 45 60 
 7 14 30  8 20 
39 35 17 60 11 93 
73 58 17 92 11 
58 37 95 19  0 
58 94 73 46  0 
 6 41 12 38 97 
12 23 96 53 38 
59 29 89 99  7 
14  9 89 98 88  7 
