50 34 61  2 60 87 29 
 5 70 79 57 75 72 
50  0 16 71 29 
60 29 62 96 41 13 
40 44 52 88 66  6 
48 23 70  1 57 56 
66 13 26  4 40 45 
16 79 72 33 99 62 
12 39 40 56 22 
46 11 17 25 31 27 
17 20 93 95 30 21 32 
58 46 73 25 77  9 74 
23 69 39  8 56 19 
41 42  6 66 60 26  3 
85 34 50 47 28 49 
63 30 67 94 42 
62  7 70 71  2 79 29 
46 20  9 31 10 32 
37 55 53 67 63 80 
39 43 12 38 69 65 
46 47 92 17 93 10 
82 84 93 10 30 64 
40  8 35 57 56 45 
78 69 48  5 12 56 
36 35 54 86 76 89 
73 11 86 89  9 27 
36 45 53 67 42  6 13 
31 33 86 25  9 
47 46 58 59 14 49 
60  0  2  3 62 16 
63 15 94 95 10 21 64 
17  9 27 33 99 32 98 
10 95 31 17 98 97 
72  7 86 27 31 99 
83 84 85 50  0 61 14 
75 57 22 45 36 24 76 
45 35 24 26 53 54 
80 38 65 55 18 
80 81 37 65 43 19 
12  8 40 44 43 19 
39  8 44  4  6 22 45 
 3 96 94 95 42 13 97 
26 67 15 94 41 13 
44 51 38 81 39 19 
43 51 52 40 39  4 
40  6 22 26 36 35 
 9 11 47 20 28 58 17 
46 20 28 92 85 14 
78 23  5 70 59 58 77 
50 71 14 59 28 
 0 34  2 71 14 49 
82 81 83 44 43 61 52 
44 51 61 88  4 
26 36 67 54 55 18 
24 36 53 55 89 91 90 
37 65 68 54 53 18 90 
 5 23 57 12  8 22 
 1 75  5 56 35 22 
46 11 28 59 48 77 
58 48 28 70 71 49 
87 88  0 66 29  3 13 
83 51  0 34 87 88 52 
16  7 29 99  3 96 98 
15 30 67 64 80 18 
63 30 21 80 82 81 
37 38 55 68 69 19 
60 88 13  6  4 
53 26 15 63 18 42 
65 69 55 73 91 90 74 
23 78 12 68 65 19 74 
16 71  5  1 59 48 79 
70 16 59  2 50 49 
75  1 76 86 33  7 79 
91 68 11 25 89 74 
73 68 77 78 11 69 
 1 57 72 76 35 
86 24 75 35 72 
48 78 58 11 74 
23 69 48 77 74 
70  1 16  7 72 
38 81 37 63 64 18 
38 80 82 51 43 64 
51 81 83 84 21 64 
84 34 82 51 61 
83 34 82 85 92 93 21 
47 92 84 34 14 
76 24 89 25 72 33 27 
60 88  0 61 
87 60 61 66 52  4 
86 24 54 91 25 73 
68 55 91 54 
73 68 89 54 90 
47 20 85 84 93 
92 20 84 21 10 
95 30 15 42 41 
94 30 10 41 32 97 
 3 62 41 98 97 
32 95 41 96 98 
99 31 32 62 96 97 
33  7 31 62 98 
