29 58 34 49 59 85  2 
68  5 55 73 70 77 
16 29  0 49 69 
29 58 60 13 40 94 
43 51 39 86 64  6 
47 23 98 68 55  1 
26 44 13 39 64  4 
33 97 60 70 77 16 
99 22 12 43 39 
25 27 45 17 31 11 
32 17 20 91 21 30 93 
56 45 71 72  9 75 25 
98 23 99  8 67 19 43 
40 41  3 58 26  6 64 
49 34 83 48 46 28 
92 30 65 41 61 
77  7 60 29 68 69  2 
10 32 20 31 45  9 
37 54 52 65 78 61 
63 67 38 42 12 43 
10 17 91 90 46 45 
62 80 30 10 91 82 
44 35 55 99  8 39 
 5 47 98 76 67 12 
35 36 74 84 87 53 
 9 27 87 71 11 84 
 6 44 36 65 41 52 13 
33 84 31 25  9 
48 57 45 46 14 56 
58  0  3 16 60  2 
15 92 21 62 10 93 61 
33 97 27 32 17 96  9 
10 17 31 93 96 95 
27 84 31 97  7 70 
49  0 81 82 59 83 14 
44 36 73 74 22 24 55 
35 44 26 52 24 53 
54 18 63 78 38 
63 37 19 78 79 42 
44 22  8  6 43  4 
92 41 93 13  3 95 94 
15 65 92 40 13 26 
51 50 38 19 79 43 
42 51 19 12  8 39  4 
35 22 36 26  6 39 
20 17 46 28  9 11 56 
90 20 83 45 28 14 
 5 23 56 57 76 68 75 
69 57 49 28 14 
34  0 48 69  2 14 
80 79 81 59 51 42 
59 50 86 42 43  4 
54 18 65 26 36 53 
52 36 24 54 87 88 89 
37 18 63 66 52 53 88 
98  5 35 73 22  1 99 
47 57 75 28 45 11 
69 48 68 28 47 56 
29  0  3 85 86 13 64 
34  0 81 50 51 86 85 
 7 97 96  3 29 16 94 
78 62 30 15 18 65 
80 79 78 21 30 61 
67 66 54 37 19 38 
58 86 13  6  4 
52 18 15 41 61 26 
67 72 63 54 71 88 89 
72 66 76 23 63 19 12 
69 57 16 77  1  5 47 
48 57 49 68 16  2 
 7 33 77  1 73 74 84 
72 66 11 25 87 89 
67 66 76 71 11 75 
55 35  1 74 70 
73 35 70 84 24 
47 56 76 72 11 
67 23 72 47 75 
16  7 68 70  1 
37 18 62 79 61 38 
80 50 62 78 38 42 
50 79 62 81 21 82 
80 50 82 34 59 
81 80 21 91 34 90 83 
82 34 90 46 14 
27 33 25 87 70 74 24 
58  0 86 59 
51 59 85 58 64  4 
25 71 84 24 53 89 
54 66 53 89 
53 87 88 71 66 
20 91 46 82 83 
10 20 21 82 90 
15 30 41 40 93 
10 32 40 92 30 95 
 3 40 95 60 96 
93 40 32 96 94 
31 97 32 60 95 94 
33 31  7 60 96 
 5 23 55 99 12 
 8 22 55 98 12 
