19 91 92 44  3 35 16 
78 10 15 13 85 27 
 8  5  4 50 35 16 
26 44  0 39 37 16 
73 24 25  5 98 50 99  2 
 8  7  2  4 98 
59 39 52 69 93 12 60 
 5  8 14 96 95 88 98 
 5  7 88  2 29 48 35 
75 46 54 14 86 55 
 1 78 27 66 25 74 
90 89 58 54 71 72 
23 76 94 69  6 93 45 
 1 15 49 85 65 
96 86  7 88  9 46 20 
 1 13 65 64 27 22 
 2 50 35 51 37  0  3 
34 89 42 18 90 33 56 
41 42 77 45 17 33 
91 36  0 35 48 47 
14 46 88 49 29 81 
23 24 76 30 73 74 
27 40 84 15 64 62 
21 24 76 51 94 12 
21 23 51 73  4 50 
73  4 66 10 74 99 
39  3 44 59 32 72 
 1 10 15 66 40 22 
70 53 62 33 34 63 
 8 48 88 20 47 81 
61 78 79 41 77 76 21 74 
67 68 83 40 57 87 38 
38 67 60 55 59 26 72 
17 18 34 45 69 70 28 
17 89 97 33 63 28 
19 48  0  8  2 16 
42 56 91 41 79 19 80 47 
39  3 93 51 94 16 
31 67 87 86 32 55 
 6 93 37  3 59 26 
27 66 31 83 84 22 57 
36 79 42 30 77 18 
36 56 41 18 17 
97 58 63 65 75 
71 92  0  3 26 72 
77 76 12 18 69 33 
49 75  9 14 20 
29 48 80 82 19 36 81 
29  8 35 19 47 
85 13 65 75 46 20 81 
 4 24 51  2 16 
23 24 94 50 16 37 
53 68 70  6 69 60 
52 68 70 84 62 28 
75 58 11  9 55 72 
32 38 86  9 54 72 
42 36 91 92 17 90 71 
95 98 66 40 87 31 99 
97 89 43 75 54 11 
 6 60 39 32 26 
59  6 52 32 67 68 
85 78 82 30 79 80 
84 53 63 64 28 22 
97 34 62 64 43 65 28 
65 15 62 63 22 
49 13 15 64 63 43 75 
27 10 40 25 57 99 
31 68 60 32 38 
52 53 84 31 67 83 60 
52  6 70 45 33 12 
52 53 69 33 28 
11 90 56 92 44 72 
44 71 26 11 32 55 54 
21 24  4 25 74 
73 21 30 78 10 25 
58 54 43 65 49 46  9 
23 21 30 77 12 45 
30 41 76 18 45 
 1 10 85 61 30 74 
36 41 30 61 80 
61 79 82 36 47 
29 20 82 85 47 49 
61 85 80 47 81 
31 68 84 40 
53 68 62 83 40 22 
49 13  1 78 61 82 81 
96 14 87 38 55  9 
95 57 31 96 86 38 
14  7  8 20 29 
34 17 97 90 58 11 
17 89 11 56 71 
36 56 19 92  0 
91 56  0 44 71 
39  6 12 94 37 
51 23 12 93 37 
96  7 87 57 98 
14 86  7 95 87 
34 89 58 43 63 
 4  5 95 57 99  7 
57 98 66 25  4 
