82 17 14  3 83 32 93 
13 11 77 24 92 91 
44 14 32  4  5  7 
14 33  0 35 95 93 
23 67  5 89 22 44  2 90 
 4 89  2 99 98  7 
53 35 84 10 63 46 54 
32 43  2  5 79 26 98 
34 49 87 48 69 12 41 
80 81 52 48 66 65 
85 21 84 70 40 63  6 
59 97 13 77  1 
 8 87 18 79 99 41 98 
59 11  1 24 58 20 
45 33 44  3  0 32  2 
50 81 38 16 80 30 31 
37 71 38 40 30 15 
 0 82 32 43 42 73 
79 26 77 97 96 12 41 
70 27 67 68 21 22 
36 76 58 13 24 56 
45 22 10 85 70 19 
45 21 44 19 67  4 
67 68 24 60  4 90 
 1 13 92 68 23 60 36 20 
64 47 56 57 30 31 
74 77 18 79 42 43  7 
92 68 55 70 71 37 19 72 
34 61 78 51 75 62 
66 49 95 34 53 54 61 
64 25 16 15 40 63 31 
30 25 80 88 15 57 
 0 17 14 43  2  7 
14 45  3 84 35 85 
29 49 87 78  8 28 61 
53 95  6  3 33 84 
75 51 76 60 24 20 
27 71 16 38 73 72 
82 50 16 37 15 73 
57 88 52 69 59 58 
70 71 10 16 63 30 
 8 69 12 96 18 
43 17 74 26 73 
32 17 42 26  7 
14 45 22  4  2 
44 14 33 22 21 85 
64 47 62 63  6 54 
64 25 56 76 46 62 
52  9 66 49  8 69 
66 29 34  8 48 
15 81 38 82 83 65 
75 36 60 78 28 86 89 90 
80 88  9 39 69 48 
35 95 29 54  6 
46  6 53 62 61 29 
77 74 27 92 91 72 
76 47 25 57 58 20 
39 88 56 25 58 31 
13 59 56 57 39 20 
97 11 13 96 69 39 58 
36 51 23 24 90 
34 29 28 54 62 
46 47 76 75 28 61 54 
10  6 46 64 40 30 
25 47 46 30 63 
66  9 81 50 83 94 
29 49 95 48  9 65 94 
23 68 19 22  4 
92 27 24 67 23 19 
96 59 39 52 48  8 41 
10 21 27 71 40 19 
70 27 37 16 40 
73 37 27 55 74 
82 38 37 17 42 74 72 
77 26 55 42 73 72 
36 51 76 28 62 
56 47 36 75 20 62 
97 11 74 26 55 18  1 91 
86 87 34 51 28 
18 26 12 98  7 
15 81  9 52 88 31 
15 50 80  9 65 
 0 17 38 50 83 73 
82  0 50 65 94 93 
35 33 85 10  6 
10 21 84 45 33 
87 78 99 89 51 
86 78 34  8 99 12 
80 52 39 57 31 
99 86 51 90  4  5 
60 23  4 89 51 
77 55  1 92 
27 68 55 24  1 91 
94 95 83  3  0 
66 95 93 65 83 
29 66 35 53 94 93  3 
59 97 69 18 41 
59 11 77 18 96 
12 79 99  5  7 
87 86 89 12 98  5 
