12 10 84 85 21 
29 13  6  4  3 41 
88 87 13 30 32 86 
 1  4 62 97 20 83 41 
92 83 91  6  1  3 
43 58  9 49 48 32 78 
91 73 29 40  1  4 23 
81 38 64 47 45 31 
75 74 60 47 45 61 
58 37  5 78 65 19 79 
54 90 12  0 71 84 
81 38 17 73 91 92 
54 10 53  0 18 21 
30  2 86 42 29  1 41 
15 27 75 74 28 35 
27 37 14 35 66 34 
39 40 29 86 76 68 
89 38 90 71 23 73 11 
53 12 51 70 21 33 
65  9 95 20 79 42 
41  3 62 95 19 42 
63 85  0 12 18 98 55 33 
28 52 51 59 27 44 
17 71 73 39 40 94  6 
63 85 96 65 50 66 67 
46 72 31 69 57 56 
49 48 88 56 45 61 31 
15 14 59 58 28 37 22 
82 52 14 27 74 22 
86 13  1  6 40 16 
78 79 13  2 32 42 
56 25 81  7 45 26 72 
78 30 88 48  2  5 
21 18 55 70 69 46 
66 15 35 68 67 
14 75 15 77 76 68 34 
52 82 54 53 64 47 
27 58  9 65 15 66 
81  7 64 89 17 11 
23 40 94 93 16 68 
39 23  6 29 16 
 1 13 42 20  3 
79 30 13 41 20 19 
59 44 57 58 49  5 
51 70 57 43 59 22 
47  7  8 61 26 31 
80 72 83 25 55 69 33 
82 74  8 36 64  7 45 
49 26 88 32  5 
43 57  5 56 48 26 
24 85 84 94 93 67 
44 70 53 52 18 22 
82 36 53 51 28 22 
54 12 36 52 51 18 
90 10 12 53 36 89 64 
99 97 83 46 98 21 33 
49 57 25 26 31 
44 70 43 49 69 25 56 
59 27 37  9 43  5 
58 27 43 44 22 
 8 75 87 77 61 
45  8 60 26 88 87 
 3 20 63 96 97 95 99 
62 96 24 85 99 21 98 
54 36 89 38  7 47 
24 96  9 37 19 95 66 
65 24 37 15 34 67 
34 66 24 68 93 50 
39 93 35 76 16 34 67 
25 46 57 70 33 
44 51 57 18 69 33 
90 10 84 17 23 94 
31 81 25 80 46 
23 17 11 91  6 
14 75  8 28 82 47 
14 74  8 35 77 60 
77 35 86 16 68 
35 75 76 86 87 60 
 9  5 32 30 79 
30 78  9 19 42 
46 83 72 81 92 
38  7 31 11 72 80 92 
52 36 28 74 47 
80 46 92  4 97  3 55 
 0 10 71 85 50 94 
24 63  0 84 50 21 
87  2 13 77 76 29 16 
86 77 60  2 88 61 
32 48 26  2 87 61 
54 90 64 38 17 
54 10 89 71 17 
11 73 92  4  6 
91 11 80 81 83  4 
94 39 50 68 67 
23 71 84 39 93 50 
65 96 19 20 62 
62 63 24 65 95 
 3 62 83 99 55 
99 63 21 55 
63 62 97 55 98 
