99  9 82 83 19 
 3  4  5 27 39 11 
86 85 84 30 28 11 
 1  4 60 95 18 81 39 
90 81 89  3  1  5 
89  4  1 71 27 38 21 
79 36 62 45 43 29 
73 72 58 45 43 59 
56 35 76 63 17 77 
52 88 99  0 69 82 
79 36 15 71 89 90 
27  1 39 28  2 40 84 
13 25 73 72 26 33 
25 35 12 33 64 32 
37 38 27 84 74 66 
87 36 88 69 21 71 10 
51 98 49 68 19 31 
63  8 93 18 77 40 
39  3 60 93 17 40 
61 83  0 16 98 99 96 53 31 
26 50 49 57 25 42 
15 69 71 37 38 92  5 
61 83 94 63 48 64 65 
44 70 29 67 55 54 
47 46 86 54 43 59 29 
13 12 57 56 26 35 20 
80 50 12 25 72 20 
 5 38  1 14 84 11 
76 77 30  2 40 11 
54 23 79  6 43 24 70 
76 46 28 86  2 
19 16 53 68 67 44 
64 13 33 66 65 
12 73 13 75 74 66 32 
50 80 52 51 62 45 
25 56  8 63 13 64 
79  6 62 87 15 10 
21 38 92 91 14 66 
37 21  5 27 14 
 3 18  1 40 11 
77 28 11 39 18 17 
57 42 55 56 47 76 46 
49 68 55 41 57 20 
45  6  7 59 24 29 
78 70 81 23 53 67 31 
80 72  7 34 62  6 43 
30 76 47 24 86 41 
41 55 54 46 24 
22 83 82 92 91 65 
42 68 51 50 16 20 
80 34 51 49 26 20 
52 98 34 50 49 16 
88  9 99 98 51 34 87 62 
97 95 81 44 96 19 31 
47 55 23 24 29 
42 68 41 47 67 23 54 
57 25 35  8 41 76 
56 25 41 42 20 
 7 73 85 75 59 
43  7 58 24 86 85 
 3 18 61 94 95 93 97 
60 94 22 83 97 19 96 
52 34 87 36  6 45 
22 94  8 35 17 93 64 
63 22 35 13 32 65 
32 64 22 66 91 48 
37 91 33 74 14 32 65 
23 44 55 68 31 
42 49 55 16 67 31 
88  9 82 15 21 92 
29 79 23 78 44 
21 15 10 89  5 
12 73  7 26 80 45 
12 72  7 33 75 58 
75 33 84 14 66 
33 73 74 84 85 58 
 8 56 41 30 28 46 77 
28 76  8 17 40 
44 81 70 79 90 
36  6 29 10 70 78 90 
50 34 26 72 45 
78 44 90  4 95  3 53 
 0  9 69 83 48 92 
22 61  0 82 48 19 
85  2 75 74 14 27 11 
84 75 58  2 86 59 
30 46 24  2 85 59 
52 88 62 36 15 
52  9 87 69 15 
10 71 90  4  5 
89 10 78 79 81  4 
92 37 48 66 65 
21 69 82 37 91 48 
63 94 17 18 60 
60 61 22 63 93 
 3 60 81 97 53 
53 97 19 61 
61 60 95 53 96 
52 99 51 16 19 
52  9 98  0 19 
