75  9 76 89 17 92 
 5  4  3 36 11 25 
11 26 79 78 77 
54 16 88 36  1  4 74 
83 82  5  1  3 74 
35 19  4 82 65  1 25 
27 72 33 56 40 42 
66 67 53 40 42 78 
69 52 32 57 70 15 
75  0 63 91 48 81 92 
83 72 82 33 13 65 
 2 26 77 37 36  1 25 
66 67 24 23 98 99 30 
33 80 10 81 63 19 65 
92 17 91 48 46 28 62 
70  8 57 86 37 16 
54  3 36 37 86 15 
89  0 49 92 14 28 
24 47 46 23 39 97 96 
34 85 63 35 13  5 65 
58 59 45 76 55 87 57 
64 27 41 50 51 61 
44 50 27 53 79 40 43 
18 24 12 98 32 97 52 
18 47 73 66 23 12 
 1 11 77 95 35  5 
 2 11 79 43 37 70 
50 22 21 64  6 72 40 
61 41 49 17 14 62 
60 59 58 99 30 
99 12 29 60 67 68 93 
48 47 80 56 73 42 81 
58 98 23 52 57  8 
80 56 10 72  6 13 
84 85 60 94 19 35 
19 34 94 95  5 25 
16  3 37 11  1 
11 26 36 15 16 70 
43 69 51 44 39 96 52 
18 46 51 38 96 62 
53  7 27  6 22 42 
64 21 61 71 28 49 74 
31 56 73 40  7 66  6 
69 38 70 22 79 44 26 
51 38 43 22 50 
84 59 85 75 76 20 
18 47 48 39 14 62 
18 24 46 48 31 73 
46 47 31 91  9 81 14 
89 90 17 88 28 41 74 
44 22 51 21 27 
44 38 39 50 21 61 62 
23 32 97  8 69 96 38 
79 22 40  7 78 
55 90 87 88  3 16 86 
54 90 87 20 76 89 
80 31 33  6 42 
32 58 20 87  8 86 15 
29 59 99 98 20 32 57 
45 84 60 29 58 20 
84 59 34 94 29 30 93 
51 21 41 28 62 
39 51 61 46 14 28 
19 85 75  9 81 13 
71 72 27 21 41 
13 19  5 82 10 
 7 67 73 24 12 42 
 7 66 12 30 68 78 
67 78 30 77 93 
43 38 70  8 52 
69 43  8 26 37 15 
64 72 83 41 74 
64 71  6 27 83 10 33 
24 47 66 31 42 
41 71 83  4  3 88 49 
45 85 76  0  9 63 
75 45  0 20 55 89 
 2 11 68 78 93 95 25 
53  7 67 68 77  2 79 
53 22 26 43  2 78 
31 56 33 81 13 
63  9 48 31 80 13 
10 83  4  5 65 
71 72 10 82  4 74 
45 59 85 60 34 
84 45 34 75 19 63 
57 87 54 16 15 
54 55 20 57 86 
54  3 90 49 74 
17  0 76 55 90 49 
55 54 88 89 49 
48  9 92 14 
17  0  9 91 14 
30 60 68 94 95 77 
60 34 35 95 93 
35 94 93 77 25 
39 18 97 38 52 
23 18 96 52 
23 12 99 58 32 
98 12 58 29 30 
