73 72  8 88 16 86 
 4 96  3 35 24 10 
25 76 75 74 10 
85 71 97 96 15 35  1 
 1 96 62 18 34 24 79 
69 26 32 53 41 39 
64 63 41 75 51 39 
31 54 67 66 50 14 
47 78 88 60 72  0 
69 80 32 79 62 12 
25 36  2 35  1 24 74 
23 63 64 94 95 29 22 
60 78 18 62  9 32 77 
45 47 59 88 27 16 
36 67 15 83 54  7 
36 14 83 35  3 85 87 
88 13 27  0 86 48 
23 46 45 38 92 22 93 
62  4 34 33 82 60 12 
73 52 84 44 54 55 56 
49 98 58 26 61 40 
39 26 51 76 42 43 49 
94 31 23 17 11 50 93 
11 63 46 17 22 70 
 1  4 34 10 74 91 
42 76 67 36  2 10 
61 69 20  5 39 21 49 
59 13 16 58 40 48 
29 95 55 56 57 
64 65 11 89 95 28 57 
70 41 46 47 78 53 77 
54 55 22 50 94  7 
69  9  5 12 53 77 
34 90 18 82 81 57 
33 90  4 18 24 91 
15  3 36  1 10 
14 67 15 35 25 10 
99 98 38 92 43 42 50 66 
45 59 99 92 17 37 
51  6 41  5 26 21 
71 68 58 27 61 20 48 
 6 63 70 30  5 53 39 
37 43 21 76 25 67 66 
49 98 37 42 21 
73 72 19 82 81 56 
13 47 59 46 17 38 
23 17 45 47 70 30 
13 45 46 88  8 78 30 
40 27 71 16 85 86 87 
21 26 43 20 98 
37 92 31  7 22 93 66 
75  6 39 76 21 
73 19 84 83 86 87 
 5 41 32 30 77 
83 14 84 19 55 31  7 
54 19 31 94 28 95 56 
55 19 28 44 81 57 
29 28 89 90 33 81 56 
99 59 27 98 20 40 
45 13 38 99 27 58 
 8 78 72 82 18 12 
40 68 69 26 20 
 4 18 79  9 12 
23 11 64  6 41 70 
11 63  6 29 65 75 
74 75 64 29 89 
37 42 50 67  7 
42 66 36 14 25  7 
80 71 40 69 61 
80 68  9 61 26 32  5 
23 63 46 41 30 
80 68 40 48 85  3 97 
73  0 44  8 60 82 
 0 72 19 52 44 86 
75 65  2 10 24 91 89 
65 64  6 74  2 51 76 
 2 75 51 25 42 21 
12 78 32 53 30 
 8 47 60 30 12 77 
 4 96 62 97 80  9 
68 71 97 69  9 79 
82 33 44 56 57 
44 72 33 18 60 81 
15 14 84 52 54 87 
19 52 83 54 
 3 15 71 87 48 
16  0 73 52 87 48 
83 15 85 52 86 48 
13 47  8  0 16 
29 65 91 90 74 57 
33 34 91 89 57 
24 74 34 90 89 
38 17 37 50 93 
50 92 22 17 
22 11 31 55 95 
29 11 94 28 55 
97  3  1  4 79 
80 71  3 96 79 
37 99 49 43 58 20 
37 98 38 59 58 
