100
96
94
94
97
98
98
98
99
98
96
94
92
95
96
90
88
85
86
85
85
86
85
85
84
85
87
90
91
95
96
98
104
105
109
108
108
106
107
109
106
101
99
98
99
96
95
95
96
92
92
90
90
93
94
96
94
99
103
102
105
105
105
104
99
102
103
105
104
101
101
100
99
99
100
96
96
94
99
99
101
101
103
105
106
107
111
110
110
108
105
104
102
104
102
101
98
96
96
98
96
92
95
94
93
94
96
99
97
101
100
104
105
105
101
100
102
103
100
97
98
100
101
101
100
99
95
96
94
92
92
96
94
95
97
100
99
98
98
100
102
104
105
106
105
104
103
105
102
102
102
103
103
102
102
103
108
109
108
108
110
110
114
112
112
111
112
112
118
117
115
112
113
113
115
112
112
114
114
115
118
116
112
113
117
115
113
113
112
111
114
114
111
117
117
116
116
117
114
113
114
114
117
121
121
120
121
118
119
119
119
115
116
113
116
119
117
120
118
115
115
117
117
115
115
115
118
118
121
123
124
124
121
120
124
118
121
118
116
111
111
111
111
112
110
110
108
106
112
119
121
119
122
121
118
119
120
117
116
117
114
108
111
110
112
115
115
118
117
118
120
122
117
118
118
114
114
113
115
111
112
104
98
97
93
95
94
95
97
97
98
97
98
102
102
97
99
101
103
104
103
101
101
102
103
104
102
97
100
98
96
96
97
99
98
101
100
102
107
108
111
115
117
116
118
118
112
111
109
108
103
104
102
102
101
98
99
100
99
97
99
103
106
110
109
105
107
111
111
111
109
107
103
99
98
99
94
92
91
91
90
92
91
89
92
90
91
93
98
100
101
100
101
108
110
108
105
104
102
101
102
103
105
106
107
105
105
108
111
113
113
110
112
112
113
114
113
114
113
119
120
114
116
116
115
112
111
114
115
115
118
123
125
122
121
121
125
126
129
127
128
127
130
127
127
124
124
123
125
123
125
130
133
135
134
137
139
139
134
133
134
133
131
135
136
138
135
135
133
131
129
129
128
128
128
125
128
131
131
132
134
133
131
132
129
129
131
128
130
134
131
130
129
132
135
132
131
133
133
135
134
133
134
135
134
135
133
133
130
129
131
130
129
131
133
132
128
127
129
131
129
128
126
125
125
121
122
119
122
123
123
127
128
130
127
127
126
127
128
127
127
128
128
127
127
129
128
130
132
132
129
129
130
129
131
130
131
129
128
125
129
128
127
129
129
128
128
125
125
127
128
126
130
129
123
124
123
124
126
127
127
129
128
126
130
128
128
129
124
128
126
120
124
125
125
125
127
125
122
121
121
123
127
126
121
118
119
117
118
121
120
118
114
117
121
119
117
120
122
124
126
126
123
126
124
124
122
120
121
119
121
122
124
120
118
118
120
120
121
123
122
121
125
126
131
132
128
128
131
131
130
130
129
131
133
135
132
128
127
128
129
128
129
128
128
127
126
124
122
122
119
119
119
119
119
116
116
119
116
123
122
115
116
116
116
112
117
118
121
125
125
130
130
130
128
127
125
123
120
121
120
122
123
124
121
116
119
124
120
119
120
124
124
122
126
124
121
121
122
122
120
118
117
117
117
118
120
114
114
112
116
117
115
113
120
120
120
119
118
119
121
119
113
116
116
117
116
116
113
114
111
113
115
120
121
125
120
117
111
112
115
115
117
115
115
116
116
115
112
110
106
108
109
111
111
113
117
119
118
119
122
123
122
122
119
120
119
118
116
118
121
120
119
118
115
112
112
116
115
116
122
121
125
125
126
128
127
125
126
123
124
124
128
125
125
124
127
125
125
128
126
123
123
125
127
129
128
128
121
120
123
125
124
124
125
127
127
125
127
128
127
130
131
132
132
132
129
133
132
132
133
134
133
136
139
133
136
136
134
131
133
133
133
134
134
134
135
136
135
132
132
130
131
130
127
129
127
127
125
128
123
124
122
125
125
123
121
118
119
120
118
121
122
117
115
117
117
121
120
118
114
107
107
107
109
108
110
109
111
106
109
109
107
110
107
109
109
111
114
112
113
113
115
115
114
112
111
113
112
110
112
114
113
112
116
112
114
114
119
121
125
123
125
125
124
121
122
119
125
120
120
119
122
123
119
117
113
113
111
107
110
110
111
117
118
119
115
117
119
122
121
124
121
118
120
120
117
116
116
116
116
118
119
118
120
117
114
113
109
112
115
115
114
113
114
112
113
115
113
114
113
112
113
113
110
108
105
107
110
109
109
105
109
109
110
110
113
113
116
116
117
