100
99
96
96
97
97
94
94
96
97
95
98
101
101
105
105
106
106
104
105
103
102
100
98
102
101
98
95
92
90
90
87
90
90
93
92
93
91
89
86
85
87
83
83
80
80
79
80
80
82
87
88
85
83
83
83
87
87
91
92
89
89
85
86
83
83
83
82
83
84
86
89
86
89
92
95
93
98
98
99
101
101
99
97
93
93
90
91
90
87
87
91
90
92
92
94
92
92
96
100
103
101
100
100
100
99
96
97
93
91
89
85
85
87
87
85
86
87
88
93
93
99
107
107
110
117
115
114
113
116
118
113
109
108
105
103
98
98
96
96
97
100
98
100
99
106
110
106
108
104
102
101
97
95
94
95
93
92
92
91
88
89
90
88
91
93
95
99
100
100
106
106
105
105
106
105
105
106
101
104
102
103
102
100
98
99
94
99
98
97
101
102
106
110
113
113
110
113
117
115
114
113
114
109
106
105
103
102
105
106
110
113
115
115
115
116
118
119
120
122
122
124
127
123
121
119
120
117
118
120
122
123
122
121
120
117
122
125
126
124
124
125
124
119
115
118
113
114
115
108
105
105
100
99
99
101
100
101
102
102
98
95
101
103
103
106
105
104
107
104
98
95
90
89
91
87
85
85
84
85
83
81
77
77
76
77
77
82
85
83
82
82
87
87
91
90
90
90
90
91
94
91
94
94
91
89
89
89
89
86
87
89
89
86
86
88
88
90
93
90
89
89
89
89
88
87
84
85
83
85
89
90
89
86
87
87
86
85
86
88
88
93
94
97
100
102
99
99
99
100
100
97
95
97
95
92
93
93
94
92
92
90
88
93
92
95
98
101
102
102
101
103
102
101
102
96
98
97
95
94
88
82
80
78
79
78
80
80
84
83
85
88
89
93
94
100
101
103
103
104
105
107
109
106
105
102
100
99
93
93
98
97
103
103
102
99
100
102
105
106
102
103
101
102
104
104
105
103
102
101
96
91
89
90
90
92
91
92
98
100
100
102
103
105
107
107
111
112
112
112
109
109
106
108
108
108
105
106
107
106
108
112
113
109
113
112
112
111
117
121
117
119
117
117
119
117
120
115
112
112
110
107
108
107
106
107
107
104
106
109
110
116
121
125
125
125
123
123
119
122
120
116
115
113
116
116
117
118
117
118
118
113
115
114
113
117
119
121
125
125
123
126
125
123
122
123
120
120
120
119
121
121
124
123
125
122
124
127
126
128
127
133
136
134
132
131
131
132
133
134
132
132
129
125
125
123
121
120
123
119
119
117
120
121
124
127
128
125
120
119
119
115
118
115
112
114
113
109
108
109
106
104
103
104
114
116
117
117
120
124
121
117
118
117
113
111
114
113
110
112
108
107
104
102
102
104
107
112
116
117
121
120
121
120
122
127
123
124
122
123
123
125
126
126
125
125
123
122
120
118
120
122
124
129
128
131
129
128
126
129
131
131
128
128
129
129
127
126
125
123
124
125
122
121
124
126
132
130
128
126
125
129
132
132
130
126
122
121
123
123
123
127
128
125
124
126
127
126
126
127
126
127
126
125
128
127
131
133
135
136
134
134
134
136
132
135
133
133
133
132
131
129
133
130
126
128
126
123
122
122
126
127
127
130
130
127
129
129
130
129
132
131
131
131
132
130
131
131
128
128
131
132
133
129
128
130
133
130
127
126
126
129
126
134
135
137
137
133
130
130
127
123
122
122
122
117
115
117
121
119
120
116
119
117
124
124
130
132
132
129
127
125
126
127
129
128
129
130
135
132
133
132
129
128
126
123
123
122
120
121
125
124
127
124
127
126
122
122
120
118
118
121
120
123
127
126
123
120
119
121
122
119
116
115
110
109
113
112
113
109
106
106
109
112
108
111
108
108
111
112
117
117
114
116
113
110
112
111
110
111
110
110
108
111
114
113
116
111
112
112
110
108
109
115
119
122
122
122
125
123
118
121
118
118
118
117
116
115
115
114
114
114
111
111
110
109
110
112
115
115
116
117
115
114
110
110
110
110
105
105
106
109
108
108
103
103
102
103
104
106
106
108
111
105
103
106
103
99
103
100
99
97
100
103
110
110
108
111
109
109
110
109
105
104
103
105
107
104
96
94
95
91
94
92
92
95
96
97
102
101
101
100
98
95
96
96
99
99
99
97
97
98
95
91
87
86
86
87
86
86
84
87
88
93
94
92
94
94
92
90
90
94
96
98
97
94
100
100
97
96
93
94
95
92
91
93
91
94
91
94
94
95
97
97
99
99
99
94
96
99
96
