100
101
100
101
105
109
108
110
112
110
112
112
111
113
110
110
104
104
103
103
104
104
105
105
108
108
109
111
114
109
108
106
105
107
112
112
114
115
115
115
120
118
120
118
120
121
122
120
116
115
117
116
114
116
119
121
123
120
121
119
124
128
127
127
125
125
124
126
127
128
130
130
131
131
129
127
129
126
127
125
126
131
131
130
130
130
128
131
134
134
129
124
128
127
129
130
128
125
125
125
128
126
123
122
122
125
122
125
127
123
121
121
121
126
126
127
130
127
125
125
124
125
129
126
123
122
122
121
122
122
124
124
125
117
121
118
118
120
123
123
123
122
122
124
123
122
122
125
130
128
127
127
124
123
126
123
127
126
128
127
130
134
137
135
133
133
135
133
134
133
131
131
130
134
134
132
132
131
132
132
131
130
130
131
132
132
131
130
131
137
136
136
135
132
132
127
130
130
127
126
127
126
126
124
125
128
129
127
130
133
131
132
134
135
137
137
135
133
130
130
133
133
131
129
132
130
126
125
128
126
125
127
129
125
121
121
125
124
125
124
127
122
124
122
121
124
125
127
127
126
127
127
126
127
124
129
128
130
130
128
129
130
133
131
131
130
125
123
125
124
124
126
130
130
129
131
130
130
128
130
131
131
129
130
129
130
128
126
125
126
127
127
126
126
129
128
128
130
131
130
131
130
133
131
132
129
130
131
132
133
134
132
128
124
128
125
125
130
129
131
131
129
130
136
133
131
130
129
127
129
130
128
126
126
126
128
127
125
127
125
126
129
131
132
132
131
128
129
128
125
130
133
131
128
130
126
126
124
125
123
123
123
123
123
122
117
117
116
114
113
116
113
116
118
119
123
125
123
124
125
124
124
123
128
130
130
132
134
134
132
130
132
135
136
137
138
138
136
135
134
134
132
133
131
132
129
131
133
134
136
133
132
131
133
132
134
133
130
131
134
132
131
128
129
130
128
128
127
125
125
126
122
122
119
121
120
121
122
127
122
123
122
122
119
117
116
117
119
121
119
115
114
113
115
118
115
112
110
108
109
116
116
117
117
118
122
120
120
121
116
116
119
120
124
126
124
126
122
126
124
122
119
116
117
116
117
120
122
122
121
122
124
124
126
126
125
124
119
115
117
120
119
120
122
121
120
117
117
115
117
120
119
121
120
118
115
115
116
125
127
127
125
125
125
127
128
124
123
125
124
125
126
128
128
126
129
126
125
128
128
129
129
130
126
125
124
126
126
124
125
128
126
127
128
128
130
129
129
128
129
133
133
132
133
134
133
132
126
121
120
123
123
120
120
116
113
111
112
112
114
114
113
114
116
119
120
119
113
113
110
114
114
112
114
114
114
116
117
118
115
113
113
114
113
110
114
113
115
106
109
110
109
104
107
112
107
104
107
107
107
109
109
108
109
110
108
114
112
113
116
116
112
109
105
104
103
104
102
107
107
104
102
101
99
95
91
94
92
94
101
103
105
103
103
103
107
105
106
107
107
101
101
105
106
104
104
101
106
104
103
105
104
105
104
103
101
105
106
109
111
114
111
112
111
109
111
110
112
122
123
122
122
121
121
121
119
122
121
122
123
126
131
131
130
129
128
127
125
126
124
124
123
122
124
123
125
122
122
123
121
122
127
127
129
129
129
125
126
129
129
129
129
127
127
123
125
125
125
125
126
122
122
121
122
124
126
126
127
125
125
126
121
123
123
126
126
127
129
128
126
126
123
124
123
125
127
128
128
131
132
134
133
130
130
129
127
125
125
123
122
123
123
122
118
116
117
119
118
120
124
122
126
126
126
129
131
131
127
126
124
122
124
126
129
128
130
127
127
126
128
129
128
132
129
127
128
126
126
125
123
122
120
122
122
120
118
114
113
112
109
111
112
112
109
108
106
110
115
118
120
122
123
125
126
125
122
118
119
118
120
116
115
120
122
119
119
120
120
126
124
122
120
123
123
126
125
125
128
125
127
123
123
121
122
126
128
129
126
124
123
127
126
128
128
130
126
125
125
122
122
121
121
124
121
124
125
125
128
123
121
121
123
125
125
126
125
124
124
124
126
130
130
131
130
129
131
133
130
130
132
133
134
133
132
135
134
133
132
131
134
132
133
133
134
132
132
136
136
132
130
130
125
125
124
116
117
119
118
117
116
117
118
117
117
121
122
117
120
119
118
120
121
123
122
122
120
125
125
124
127
120
121
119
121
123
123
122
123
122
120
119
119
116
118
115
110
114
117
117
115
118
115
117
116
109
107
103
106
106
105
112
