100
101
99
97
96
97
94
94
89
87
86
89
89
88
89
93
95
97
101
103
99
98
100
98
99
97
99
98
98
98
98
103
102
104
101
108
106
107
109
112
114
115
118
117
115
117
115
115
113
111
110
111
108
110
110
108
109
106
107
108
111
112
113
114
114
118
119
126
124
123
125
122
121
120
120
118
117
116
116
115
112
112
111
115
115
120
121
121
118
120
119
117
115
116
116
117
119
119
120
121
120
122
120
120
120
121
121
123
124
122
120
121
121
119
118
119
121
121
124
123
124
124
125
127
124
119
116
116
116
121
122
119
117
118
116
116
113
112
114
116
118
121
120
121
121
123
122
122
124
125
123
124
125
125
125
123
126
127
127
127
128
131
131
130
129
126
126
125
126
128
129
127
124
128
128
129
127
129
124
120
121
123
120
119
121
117
117
119
116
113
115
118
119
119
123
122
120
126
125
124
127
125
125
126
127
126
127
129
128
130
128
126
126
129
133
132
135
135
131
133
135
133
134
135
133
134
134
134
131
131
132
134
132
130
128
129
131
133
131
129
129
131
132
129
132
127
129
130
130
131
131
132
133
128
131
131
130
127
126
124
125
122
123
127
126
129
128
128
132
129
129
131
128
127
127
125
124
125
125
126
124
126
131
130
131
130
126
125
128
128
131
131
130
130
128
129
132
132
131
128
126
124
124
124
123
122
124
123
124
125
123
122
123
121
123
128
131
136
135
131
132
131
130
127
127
127
126
124
122
120
122
123
123
125
128
129
129
127
131
130
134
135
136
134
133
132
132
132
134
136
137
136
133
131
129
130
133
130
129
128
133
131
130
130
127
125
127
128
132
129
126
127
127
126
125
128
129
129
129
128
126
128
126
127
128
129
127
128
130
129
129
128
131
131
131
130
132
133
130
128
127
126
127
128
127
125
124
125
128
130
127
127
127
128
130
132
134
129
131
124
126
127
127
125
125
129
131
127
129
130
132
134
134
132
134
134
134
133
133
131
133
134
134
135
131
130
127
127
126
124
127
130
127
127
129
126
125
124
123
124
125
124
124
125
126
124
127
123
128
128
129
127
124
124
123
122
123
124
126
125
121
120
121
119
120
121
120
119
119
122
118
117
115
115
117
114
118
118
113
113
113
115
116
114
113
114
117
117
115
118
114
113
111
114
112
115
118
116
111
113
111
110
116
116
118
117
114
115
110
111
109
112
112
113
115
118
117
115
113
112
113
115
118
120
117
118
114
113
114
118
121
119
116
117
117
124
123
118
121
124
126
126
126
126
124
126
125
124
125
127
125
125
126
125
123
122
123
123
123
123
124
124
123
122
121
117
112
116
113
117
117
114
115
114
116
114
114
120
119
121
123
122
125
120
118
117
112
115
119
119
121
120
122
120
119
119
119
119
118
121
123
124
124
125
128
127
127
128
125
122
122
121
123
122
122
120
125
125
127
125
122
122
124
125
121
123
126
126
123
121
119
121
121
122
123
125
129
129
125
126
125
123
118
120
121
122
122
125
126
127
128
130
129
127
125
128
130
130
126
126
128
130
131
129
128
127
127
125
126
127
128
128
129
130
131
130
129
128
129
132
136
134
131
128
125
126
130
131
128
129
129
131
130
130
134
136
133
132
133
133
136
136
134
135
136
136
132
131
131
127
128
127
125
130
130
130
132
133
134
133
134
135
136
135
135
130
130
128
130
132
130
133
132
132
130
128
125
125
125
125
126
128
130
129
128
132
134
133
132
129
131
128
129
134
130
134
132
131
131
129
131
130
130
129
127
126
127
124
125
122
120
120
122
124
127
128
126
123
123
124
127
130
128
126
125
128
127
127
126
128
125
128
130
129
130
132
130
135
134
129
133
132
129
132
134
132
130
131
128
125
123
122
119
122
121
120
123
122
123
121
121
124
124
127
128
131
134
134
133
130
130
129
128
130
128
127
125
125
124
122
121
125
124
126
125
127
131
130
131
132
135
134
135
134
135
134
134
134
134
132
133
132
134
134
134
132
132
132
127
127
128
131
130
132
128
127
127
127
128
126
121
121
122
116
116
115
116
117
113
113
114
114
118
119
117
116
120
123
123
124
126
127
128
130
125
124
124
122
121
119
116
113
113
115
113
108
107
106
108
111
110
106
104
104
101
100
105
108
108
106
101
102
100
102
104
104
104
102
100
99
98
97
96
97
99
98
95
97
99
98
98
99
98
100
99
99
101
100
102
101
101
101
105
104
105
103
101
103
104
103
103
103
101
103
106
105
101
100
108
106
105
