100
99
97
97
94
95
97
97
104
108
109
105
109
108
106
104
102
101
100
105
101
105
104
102
102
101
98
103
104
104
104
106
103
102
105
106
108
108
108
100
103
101
100
101
103
102
101
102
105
104
102
103
105
105
105
104
101
100
99
99
100
98
98
98
100
103
106
105
105
105
105
103
106
107
106
103
102
100
103
101
104
104
102
99
99
102
101
103
101
102
102
104
103
104
106
105
108
109
110
108
107
105
106
105
106
106
105
103
100
98
98
97
100
99
100
101
102
103
101
104
101
98
97
99
97
99
98
99
94
91
89
87
87
87
89
89
87
87
85
83
85
85
88
87
90
89
89
90
90
93
94
91
91
88
90
90
89
89
91
92
94
93
92
91
90
92
91
93
96
97
100
100
101
102
100
101
99
99
96
95
94
93
96
91
89
91
96
94
95
94
93
96
93
93
93
94
95
96
98
101
98
93
94
93
94
93
92
94
96
93
91
94
94
92
92
92
93
94
95
96
98
97
100
98
94
95
94
95
94
97
95
97
95
99
94
94
95
99
98
100
100
102
101
100
97
101
100
101
103
104
105
102
99
102
104
109
108
109
112
117
118
119
119
115
115
115
114
114
116
115
115
113
111
110
111
113
114
111
112
116
117
115
116
116
116
115
117
114
111
112
113
114
114
111
111
108
111
107
114
115
112
111
111
107
106
108
105
104
105
104
105
106
107
110
109
106
103
104
103
102
100
104
104
105
105
104
102
103
104
102
102
106
106
105
105
102
102
103
106
106
106
107
105
106
103
104
105
103
103
104
105
106
105
104
104
104
104
106
108
109
109
107
109
111
109
107
106
105
110
109
108
107
102
106
106
105
105
103
102
101
103
108
105
106
107
106
108
108
110
111
112
111
112
112
113
113
111
109
108
105
107
107
105
103
104
105
105
106
104
103
101
101
97
99
94
96
95
97
96
96
97
99
97
97
95
94
95
92
90
89
87
84
90
89
90
96
96
96
95
98
97
98
104
104
104
103
104
108
109
105
104
101
102
100
101
99
99
96
97
95
99
97
96
101
103
103
104
106
105
106
104
102
102
102
102
98
98
98
97
99
96
94
94
92
96
96
95
97
103
105
106
104
105
107
104
103
103
100
100
100
102
99
98
96
98
98
99
97
100
94
93
91
90
89
90
90
92
90
90
91
91
87
87
86
84
85
84
86
83
80
77
83
85
83
83
84
82
79
80
81
86
84
85
82
81
80
79
81
78
77
78
79
79
83
82
83
82
79
87
91
93
92
89
89
89
89
90
90
90
90
88
88
88
88
91
87
84
84
85
86
85
84
88
85
85
82
82
83
83
81
81
78
78
78
77
71
73
67
66
68
66
67
70
69
67
66
65
68
69
66
66
65
67
65
68
67
69
70
68
68
66
65
67
65
63
69
69
70
69
70
70
71
71
69
70
70
71
70
68
69
72
71
74
77
78
78
80
81
81
83
84
85
85
84
79
80
76
76
73
73
70
69
67
65
65
68
71
73
75
74
78
80
82
84
82
82
80
80
83
82
79
79
80
80
82
83
82
75
78
79
82
81
82
81
84
84
84
85
86
83
83
81
85
83
84
84
84
83
85
87
86
84
83
83
84
85
85
90
92
92
90
90
86
80
78
76
78
77
76
75
75
74
72
73
74
74
77
76
73
74
77
76
79
79
80
79
80
76
77
72
74
74
72
72
69
70
73
76
78
79
78
79
82
81
79
80
77
78
78
80
80
75
74
72
75
78
79
80
77
74
72
70
73
74
73
72
75
76
75
74
74
78
76
77
75
78
80
79
81
79
78
79
80
76
78
78
79
80
82
87
92
92
95
96
91
90
89
89
92
92
92
91
92
93
91
93
90
89
89
95
93
91
92
96
97
97
100
102
99
101
101
103
103
105
106
104
105
105
104
101
99
98
99
101
100
102
100
101
100
100
99
98
96
97
100
96
95
96
96
91
90
94
89
91
93
92
90
94
96
95
95
94
93
88
91
89
87
86
88
87
88
88
90
91
91
88
86
87
86
85
88
92
93
93
95
96
92
95
96
93
95
95
97
95
95
94
94
92
94
97
98
99
100
99
101
103
101
97
100
99
100
99
95
93
94
92
91
88
87
86
90
88
88
90
92
90
90
89
89
89
90
90
93
93
91
90
92
91
91
91
93
94
93
92
95
94
96
95
96
96
97
97
94
97
100
101
102
103
100
100
100
98
95
93
96
92
92
93
93
91
90
93
90
92
93
97
98
97
93
92
90
