100
100
98
98
99
100
98
98
101
100
101
102
105
103
102
103
105
103
100
99
103
103
102
99
99
96
95
95
93
93
93
93
90
89
91
88
88
89
88
85
85
89
88
86
87
88
89
88
87
86
85
81
82
80
82
83
85
89
89
89
89
91
89
90
90
93
93
94
91
90
91
89
86
87
86
85
81
83
83
80
82
83
85
84
81
83
82
83
86
85
89
88
88
88
89
90
88
92
90
90
91
91
93
95
93
91
89
87
92
92
91
91
92
92
92
91
88
90
88
89
89
91
91
91
92
91
90
88
92
92
95
92
90
94
96
97
98
93
90
91
93
93
95
95
95
94
95
95
94
95
96
97
95
92
92
97
92
93
94
93
96
95
97
99
104
105
107
107
106
106
106
108
106
105
103
101
102
106
104
100
101
101
96
98
98
96
96
100
102
101
101
103
101
100
97
96
100
101
99
99
98
99
97
94
94
89
86
86
87
88
92
94
96
93
93
94
95
95
94
94
97
95
98
101
100
97
97
95
91
90
94
90
88
88
92
92
96
95
98
98
97
97
100
95
98
99
96
93
91
92
93
95
91
91
91
92
93
95
97
98
91
93
94
96
95
96
100
98
97
98
95
93
94
94
93
92
88
88
88
91
93
94
90
94
93
100
99
95
94
95
95
96
99
100
100
99
98
96
95
90
92
91
93
95
94
95
95
97
96
98
98
96
101
101
102
103
102
101
100
97
97
100
100
99
98
101
100
99
100
100
97
99
97
102
105
107
107
107
109
110
111
110
109
107
109
109
106
105
105
101
102
102
104
104
104
106
106
104
103
100
96
95
96
100
101
101
101
103
103
103
103
105
100
103
101
103
107
107
109
107
106
106
107
107
106
105
106
105
106
106
103
106
109
110
110
114
116
115
112
110
112
111
111
111
115
118
118
113
113
109
111
110
110
108
109
109
109
110
108
107
106
104
104
103
103
102
101
102
106
107
106
104
106
110
109
110
112
115
116
114
111
111
111
110
111
109
109
108
109
109
108
108
109
113
113
111
114
114
112
115
114
114
116
115
113
112
111
111
112
109
108
108
109
110
109
108
107
104
106
105
108
109
105
103
105
106
104
106
106
102
102
101
101
100
101
101
101
100
104
102
104
103
105
104
103
101
100
102
101
104
104
101
100
99
103
105
104
104
104
103
105
104
107
108
107
104
101
102
101
103
104
103
101
103
101
99
101
101
102
102
102
103
102
104
108
106
108
108
103
100
97
101
104
101
100
100
100
99
98
100
98
99
96
98
96
95
99
96
96
93
97
95
94
91
92
92
93
91
94
96
95
91
92
92
95
96
91
93
93
95
94
95
96
92
93
94
94
92
94
93
93
93
94
97
99
98
98
97
95
93
95
98
97
96
94
92
93
93
95
96
98
97
97
102
100
101
103
103
99
99
102
108
108
107
104
104
106
106
106
105
106
106
107
108
110
108
109
109
109
106
103
103
104
103
102
101
106
106
108
108
105
105
102
102
103
102
103
101
102
102
103
102
103
106
106
107
107
105
105
105
105
107
107
102
102
99
96
99
99
98
97
95
98
100
101
99
100
101
101
102
103
102
104
102
103
102
101
98
101
100
100
100
102
101
103
101
102
101
99
97
97
96
97
102
102
102
102
104
102
101
103
100
102
101
99
100
103
102
108
106
103
102
96
95
92
91
89
86
88
89
89
91
90
89
89
87
85
85
82
81
78
76
79
79
78
81
80
82
85
83
83
86
86
83
86
85
87
86
84
83
82
84
84
85
85
85
85
87
88
88
85
85
88
91
90
87
91
91
88
85
80
79
77
78
78
76
76
78
78
78
76
72
75
76
76
77
79
83
85
82
83
85
87
87
87
88
91
87
87
87
87
86
85
88
90
90
89
89
89
87
86
91
88
90
92
94
95
91
94
93
92
91
91
93
83
80
79
78
79
78
78
82
84
80
79
83
83
85
84
84
84
84
87
88
89
89
89
89
89
90
87
86
85
86
86
83
82
80
84
85
86
82
80
77
81
81
85
85
83
83
83
82
81
80
78
78
77
78
79
79
77
80
85
80
82
83
86
83
86
85
82
82
82
81
78
75
72
74
72
70
69
71
71
71
70
70
70
73
77
82
84
88
87
86
87
85
85
83
84
84
84
84
82
84
85
85
82
83
87
86
86
89
91
93
94
94
97
97
99
100
99
98
96
94
95
97
99
101
101
100
98
99
100
104
102
101
100
102
102
103
105
104
104
107
107
107
106
106
107
104
103
