100
99
97
98
99
101
100
101
99
100
103
102
104
103
103
104
106
105
105
105
105
102
101
100
101
100
100
99
99
99
101
102
100
103
105
105
104
104
102
105
110
109
107
106
105
105
105
102
103
104
103
102
101
98
99
102
102
101
100
103
102
101
103
103
103
102
98
97
97
102
98
96
97
93
90
89
90
88
84
84
83
83
84
87
86
86
87
91
93
96
92
91
91
90
87
86
86
83
85
85
87
83
85
83
79
78
73
78
80
79
79
77
76
77
75
74
73
75
76
75
74
75
74
77
79
80
72
70
70
70
69
69
65
63
67
68
68
67
68
68
67
73
75
72
75
77
80
79
79
80
77
76
75
74
75
73
73
71
72
71
67
70
72
72
72
71
75
76
77
75
75
74
77
75
75
76
75
75
75
78
78
79
75
75
74
75
77
78
79
82
84
88
92
88
88
89
85
83
84
83
88
90
91
93
93
95
96
94
91
93
91
94
98
99
98
99
99
102
101
98
99
99
98
97
96
95
99
101
101
98
96
92
91
90
89
95
93
93
93
91
91
90
90
90
88
84
80
79
78
80
80
79
78
78
80
80
86
88
86
87
88
92
95
95
92
94
91
91
91
91
88
87
88
89
88
89
89
90
94
94
92
90
91
91
93
88
89
93
92
94
95
95
96
95
96
95
97
98
99
101
103
103
100
100
102
103
104
101
102
97
101
102
98
98
98
99
98
97
97
98
102
100
99
94
96
95
96
94
90
88
89
87
87
86
85
84
86
86
85
82
84
84
87
86
88
84
85
84
83
82
83
82
80
82
85
85
87
83
83
81
83
83
83
87
88
88
87
90
90
92
95
96
95
96
92
91
92
89
90
89
90
90
88
86
84
83
86
85
86
86
87
88
89
90
88
82
84
84
83
80
80
79
80
79
78
77
78
80
81
80
79
78
77
77
79
80
79
79
78
76
75
75
75
76
74
73
73
76
76
75
76
73
74
74
75
74
74
79
80
80
81
79
78
74
76
73
73
71
69
71
69
69
71
72
73
73
75
75
75
77
77
79
78
80
84
88
87
87
86
86
85
85
88
87
87
87
82
79
80
81
84
83
82
85
84
85
88
84
87
92
90
92
92
94
91
89
87
84
82
88
88
91
91
91
93
93
96
90
90
90
89
90
91
93
93
95
96
97
97
98
96
95
97
96
96
94
93
94
95
93
91
94
94
95
94
92
93
96
96
97
93
96
96
91
93
91
89
89
88
87
90
88
89
89
86
89
90
90
89
87
89
87
88
90
92
94
94
94
94
91
92
94
93
93
95
95
95
97
98
97
96
96
97
98
98
103
101
103
104
106
105
102
102
97
98
98
97
97
93
93
97
95
91
88
87
87
87
86
85
85
84
84
85
85
86
83
81
84
85
80
81
84
84
87
88
88
86
85
86
80
78
80
78
78
80
82
80
82
83
82
83
86
84
84
86
87
86
89
89
93
90
91
90
90
92
91
91
93
93
93
94
93
90
95
94
94
95
93
96
94
97
98
96
96
95
93
93
91
91
92
92
91
92
89
88
89
90
90
94
94
92
92
96
98
100
98
96
99
95
94
92
91
88
86
88
86
87
84
86
87
85
84
86
88
88
86
88
89
89
88
89
90
89
89
88
91
90
88
87
92
93
96
95
95
96
99
96
102
106
103
103
103
105
108
104
105
105
103
100
100
97
98
97
99
98
98
97
93
97
100
103
105
105
109
109
108
108
103
103
103
102
98
97
93
90
90
91
90
90
90
93
96
99
99
98
100
99
99
98
92
92
90
89
88
84
87
85
86
86
84
83
80
82
81
80
79
81
81
83
83
87
85
90
89
90
88
87
87
89
88
88
88
87
86
86
85
85
85
89
91
90
90
94
96
100
100
96
96
98
98
99
98
97
96
97
96
97
98
101
99
98
103
100
102
106
103
103
104
105
105
106
107
105
104
104
102
99
101
102
100
97
93
88
91
91
94
95
96
96
100
97
96
96
95
95
97
97
99
98
99
96
94
91
87
90
89
85
86
87
87
90
90
92
96
94
95
97
98
100
101
102
104
103
106
107
108
105
103
104
104
103
104
106
105
105
104
106
110
109
107
106
109
108
106
104
104
103
102
100
102
100
104
105
100
101
102
102
100
96
92
95
94
92
93
96
96
99
100
98
95
93
93
92
93
95
95
95
96
95
96
100
94
94
93
93
95
91
91
96
101
98
100
100
97
96
97
98
98
98
101
103
102
104
102
102
101
98
100
98
96
97
