100
98
98
99
97
103
103
103
101
103
102
103
102
104
106
106
105
104
103
105
107
110
111
108
106
107
106
106
110
108
109
107
109
111
109
111
109
111
112
111
107
107
109
108
106
105
105
105
107
110
113
113
114
115
112
109
107
106
108
106
111
110
112
111
109
112
115
112
110
111
109
109
109
110
109
107
108
105
104
103
101
104
104
106
104
99
100
100
100
101
102
103
107
106
103
104
105
105
104
103
103
101
101
100
100
100
102
105
105
104
101
105
105
102
106
108
108
108
104
107
105
104
103
101
103
102
100
100
100
102
101
105
108
108
109
107
107
109
111
109
109
110
110
109
107
103
103
104
102
99
96
97
96
98
97
98
98
101
106
106
106
104
105
105
105
111
107
105
106
104
106
104
104
105
106
105
105
105
106
106
110
112
110
108
112
111
114
115
114
111
108
110
110
105
104
105
103
104
101
101
102
104
103
103
104
105
107
113
111
111
107
110
109
109
106
108
106
105
105
104
104
107
109
110
111
109
109
109
109
110
107
103
107
108
109
106
107
109
110
107
108
108
107
107
112
110
108
113
113
112
114
108
107
108
105
106
105
105
106
103
102
103
104
104
105
106
109
108
107
108
107
107
105
104
105
107
107
105
104
102
105
104
106
107
107
111
110
111
114
116
115
116
114
113
113
112
113
113
114
113
111
110
110
110
108
112
109
108
108
105
105
102
104
104
104
102
101
101
102
104
105
105
103
104
104
104
103
103
102
101
98
96
99
100
95
95
99
97
98
100
100
97
99
102
103
106
108
104
104
104
101
100
101
103
102
101
103
104
103
104
104
104
107
109
109
104
105
110
112
109
109
110
110
106
106
108
109
107
108
106
108
107
107
107
109
105
106
105
103
103
102
102
105
108
110
107
109
109
109
110
106
106
106
107
107
108
110
109
110
109
108
109
108
110
110
110
112
111
110
110
108
105
103
103
105
105
105
106
105
103
103
103
102
101
104
103
103
102
102
104
105
107
106
107
109
107
105
104
107
105
106
106
102
105
105
106
104
103
106
106
105
103
104
104
103
101
101
103
104
104
104
104
107
109
110
111
110
110
114
112
111
108
105
112
110
110
109
110
108
107
106
107
104
104
105
104
106
106
106
106
107
107
104
103
104
104
103
101
102
103
105
108
110
109
110
108
106
106
104
101
103
106
101
101
103
103
103
102
106
108
112
111
106
104
104
103
102
103
102
103
104
105
105
101
99
99
99
99
100
105
103
105
104
102
102
101
101
101
101
104
103
100
103
103
102
102
104
104
101
104
105
106
100
101
101
105
106
108
106
107
104
103
106
105
105
105
103
99
99
97
94
97
96
95
93
91
92
92
94
94
97
99
101
98
96
98
99
99
102
102
100
99
99
98
97
99
95
97
96
95
100
101
101
104
104
104
100
99
100
98
99
96
99
99
99
100
99
98
94
94
93
93
93
93
92
91
90
98
100
100
97
101
99
100
104
104
105
103
103
104
101
101
98
100
99
97
99
99
100
99
98
99
101
99
96
98
99
96
98
100
100
99
95
96
97
97
98
99
97
96
102
103
102
105
101
103
103
101
101
99
102
102
100
103
99
99
98
97
99
99
101
101
100
104
103
99
101
101
98
98
97
99
96
96
93
93
95
95
93
96
94
91
90
90
89
91
91
91
90
86
87
89
91
96
93
91
95
96
96
95
92
89
92
92
94
95
94
97
98
99
101
99
97
99
95
97
99
100
101
100
102
103
102
104
106
103
103
104
103
105
105
102
104
106
106
104
104
103
103
100
101
103
107
105
106
103
105
104
103
104
106
107
106
107
106
106
106
105
104
105
106
107
102
103
104
105
105
107
110
111
109
107
107
112
113
109
108
107
109
109
112
114
110
111
111
109
109
110
109
107
108
110
112
111
111
112
111
107
106
107
106
109
109
110
109
109
108
105
105
106
106
106
107
109
107
105
103
103
103
104
106
106
103
103
102
104
101
98
96
93
94
96
94
93
92
92
91
88
91
92
95
98
100
102
108
102
99
99
100
101
102
101
101
99
99
101
101
101
102
101
104
105
103
103
103
105
108
107
109
108
105
104
100
102
101
103
102
103
109
108
107
109
111
109
107
110
111
110
112
113
114
118
118
115
114
114
110
110
112
110
111
111
107
107
109
112
114
114
112
111
111
112
114
111
114
113
112
113
115
114
113
113
115
113
116
113
114
111
113
111
112
114
113
111
115
116
118
117
116
116
115
113
112
110
110
109
111
108
105
106
108
