100
101
97
98
99
98
99
100
99
98
100
100
102
101
99
97
96
98
99
97
98
98
98
97
98
98
101
99
100
101
104
102
103
102
103
106
107
106
106
110
107
108
108
110
111
111
111
107
109
106
104
106
105
103
103
101
105
103
102
104
107
111
110
110
107
108
108
106
107
106
105
105
109
107
107
109
111
112
112
113
112
114
115
117
115
115
114
116
118
118
115
114
109
109
109
107
108
108
107
106
106
109
110
109
109
110
108
106
107
105
106
107
108
109
109
108
108
108
107
106
109
110
111
110
109
110
109
109
110
109
109
110
107
107
107
109
113
111
108
109
110
109
108
108
109
109
104
105
108
110
109
108
106
108
109
110
109
109
110
110
111
114
112
110
110
110
108
107
109
107
108
108
107
106
109
109
110
111
112
112
114
111
112
112
114
112
114
112
114
113
113
113
114
115
116
114
114
112
112
113
112
111
113
111
109
108
110
109
107
107
106
106
105
103
103
102
104
103
105
106
103
103
105
107
107
107
105
107
109
110
111
108
108
109
111
111
113
112
113
111
114
113
112
111
112
113
112
110
107
110
112
112
111
110
109
110
108
108
110
109
111
107
108
105
102
102
104
102
105
106
109
108
110
113
111
112
113
117
118
116
115
115
112
111
111
110
108
109
110
113
114
114
113
115
114
113
113
115
116
115
115
114
114
117
117
115
115
114
113
112
112
114
114
110
109
109
110
111
113
113
112
112
114
114
114
113
113
111
111
111
113
113
114
111
109
108
108
108
106
108
108
109
109
110
107
107
108
108
107
108
108
108
110
109
106
106
107
110
109
108
109
109
109
108
109
106
108
108
108
109
108
105
103
102
103
102
102
103
104
104
104
106
106
109
108
110
109
113
111
112
114
112
112
109
109
110
112
110
108
108
111
112
114
114
109
109
111
109
109
109
110
112
111
113
111
111
107
107
106
106
107
107
108
108
108
110
109
109
111
111
112
110
111
109
112
110
107
107
108
107
105
107
108
106
106
105
104
104
109
111
109
110
111
109
108
108
104
103
101
102
102
100
103
103
102
104
106
104
101
103
102
104
107
107
111
110
108
107
105
104
104
105
105
106
107
106
104
111
111
111
113
115
116
117
115
114
114
114
113
112
110
114
111
112
112
112
110
110
109
106
111
109
106
106
107
112
113
112
111
113
113
115
115
114
114
112
112
110
110
111
111
111
111
114
114
110
111
108
107
107
108
111
111
114
110
110
115
118
118
118
115
114
110
109
109
109
110
108
110
110
108
110
110
110
114
112
111
110
110
108
111
109
108
107
108
109
109
107
106
107
108
108
110
110
109
109
112
111
109
108
106
104
105
102
104
105
107
107
108
106
104
102
101
105
106
108
109
110
111
109
111
110
108
106
105
107
107
107
110
107
107
110
109
110
115
115
110
112
109
105
104
105
103
104
108
106
107
104
106
107
105
110
112
112
110
109
108
106
105
103
100
101
102
101
101
100
102
102
103
99
99
102
102
103
103
106
102
106
105
104
107
106
108
107
109
108
108
107
105
105
108
105
105
104
105
105
107
109
104
104
106
107
108
108
108
105
107
106
107
105
104
100
98
101
101
100
97
94
95
98
98
102
101
101
102
104
104
106
106
106
106
104
102
102
99
102
99
97
96
96
93
98
98
98
98
102
101
100
101
98
96
100
104
106
107
107
108
108
109
107
106
105
105
105
107
105
103
102
104
105
103
105
106
105
108
107
107
104
103
104
101
102
101
98
97
96
93
94
94
92
92
96
97
98
101
101
100
102
102
102
104
101
101
102
104
103
101
100
104
102
100
99
97
99
102
104
102
103
102
104
105
105
107
104
106
105
106
111
109
107
107
105
101
98
98
99
100
98
95
96
97
95
94
92
93
94
98
99
98
98
99
100
101
100
99
99
97
94
93
94
90
92
92
95
95
96
97
97
95
93
93
95
94
91
91
93
94
95
100
102
103
103
102
100
101
100
99
102
104
103
104
105
102
107
107
106
106
103
106
105
108
108
107
105
106
110
109
109
111
110
110
108
106
106
104
105
105
107
109
110
110
109
112
110
110
112
110
111
110
109
110
110
109
107
111
110
110
110
112
111
114
113
110
106
107
109
109
109
109
110
108
107
109
110
106
107
106
109
109
113
110
110
108
106
107
106
106
105
104
107
104
104
105
104
103
104
101
101
100
100
102
103
108
107
107
107
107
109
106
107
105
108
103
103
105
105
104
100
100
95
95
95
97
96
100
100
102
104
105
105
102
